1698178156861 0.02859005145728588 0
1698178156943 0.002779236529022455 1
1698178157020 0.0025522231590002775 2
1698178157099 0.0024604445789009333 3
1698178157178 0.0025261437986046076 4
1698178157256 0.002538628177717328 5
1698178157332 0.002152778208255768 6
1698178157421 0.0021946444176137447 7
1698178157515 0.0023428667336702347 8
1698178157604 0.0024758256040513515 9
1698178157691 0.0022445842623710632 10
1698178157775 0.0023065933492034674 11
1698178157857 0.0021241120994091034 12
1698178157936 0.002037591068074107 13
1698178158018 0.0019806050695478916 14
1698178158098 0.0019125891849398613 15
1698178158185 0.001979612512513995 16
1698178158267 0.0019063666695728898 17
1698178158354 0.002032860415056348 18
1698178158448 0.002052868949249387 19
1698178158533 0.0018688689451664686 20
1698178158618 0.0019260046537965536 21
1698178158714 0.0019317418336868286 22
1698178158844 0.001870290725491941 23
1698178158939 0.001795902498997748 24
1698178159031 0.00206188322044909 25
1698178159123 0.0017979259137064219 26
1698178159211 0.0017681142780929804 27
1698178159316 0.001813456998206675 28
1698178159404 0.001775158103555441 29
1698178159505 0.0018566623330116272 30
1698178159597 0.0017549402546137571 31
1698178159684 0.0017078315140679479 32
1698178159768 0.0017234196420758963 33
1698178159849 0.0018371044425293803 34
1698178159929 0.0016737743280828 35
1698178160006 0.0016712836222723126 36
1698178160089 0.0016718378756195307 37
1698178160174 0.001640282804146409 38
1698178160261 0.0016364072216674685 39
1698178160343 0.0016079633496701717 40
1698178160425 0.001680783461779356 41
1698178160517 0.0016676975646987557 42
1698178160612 0.0017632418312132359 43
1698178160695 0.001839276636019349 44
1698178160778 0.001909547601826489 45
1698178160883 0.001630634069442749 46
1698178160984 0.0016425881767645478 47
1698178161079 0.0017052667681127787 48
1698178161181 0.001750440918840468 49
1698178161272 0.0015389638720080256 50
1698178161362 0.001708385767415166 51
1698178161452 0.0016211363254114985 52
1698178161581 0.0016143599059432745 53
1698178161685 0.0016375052509829402 54
1698178161785 0.001694649108685553 55
1698178161885 0.001623178948648274 56
1698178161985 0.0018935924163088202 57
1698178162106 0.0016391914105042815 58
1698178162225 0.0017818359192460775 59
1698178162324 0.0015946871135383844 60
1698178162411 0.0016421535983681679 61
1698178162495 0.001588044804520905 62
1698178162601 0.0017183584859594703 63
1698178162694 0.001624780590645969 64
1698178162781 0.0016144391847774386 65
1698178162911 0.0014815457398071885 66
1698178163034 0.0016279834089800715 67
1698178163120 0.0015635614981874824 68
1698178163205 0.0016834632260724902 69
1698178163292 0.0016615979839116335 70
1698178163397 0.0015990107785910368 71
1698178163487 0.0015094177797436714 72
1698178163575 0.0015692535089328885 73
1698178163660 0.001566329039633274 74
1698178163748 0.0015713843749836087 75
1698178163837 0.0015734081389382482 76
1698178163923 0.0016464936779811978 77
1698178164008 0.0015374593203887343 78
1698178164112 0.0015902603045105934 79
1698178164199 0.001684579299762845 80
1698178164285 0.0016022343188524246 81
1698178164369 0.0016695053782314062 82
1698178164452 0.0016186785651370883 83
1698178164533 0.0015709518920630217 84
1698178164618 0.0016588295111432672 85
1698178164699 0.0016214133938774467 86
1698178164777 0.001591114909388125 87
1698178164858 0.0016457915771752596 88
1698178164936 0.001589856925420463 89
1698178165014 0.0015829915646463633 90
1698178165094 0.0016059400513768196 91
1698178165193 0.001472501433454454 92
1698178165272 0.0015115413116291165 93
1698178165351 0.0015703755198046565 94
1698178165433 0.0016379529843106866 95
1698178165510 0.0015475028194487095 96
1698178165594 0.0016239775577560067 97
1698178165674 0.0016738566337153316 98
1698178165752 0.0015476051485165954 99
