1698185650930 28.03403663635254 0
1698185651128 15.409004211425781 1
1698185651335 12.476794242858887 2
1698185651557 11.578817367553711 3
1698185651752 12.851332664489746 4
1698185651958 12.427762031555176 5
1698185652158 10.804327964782715 6
1698185652358 10.440607070922852 7
1698185652579 10.509038925170898 8
1698185652777 10.781805992126465 9
1698185652975 10.934553146362305 10
1698185653178 10.273177146911621 11
1698185653379 10.800135612487793 12
1698185653610 10.488446235656738 13
1698185653807 11.043931007385254 14
1698185654008 10.311179161071777 15
1698185654213 9.560091018676758 16
1698185654445 9.358975410461426 17
1698185654648 10.537823677062988 18
1698185654892 10.076576232910156 19
1698185655159 9.882208824157715 20
1698185655369 10.610865592956543 21
1698185655574 10.562686920166016 22
1698185655765 9.705375671386719 23
1698185655964 9.696587562561035 24
1698185656178 10.074857711791992 25
1698185656371 9.808547973632812 26
1698185656578 10.849353790283203 27
1698185656779 9.31412124633789 28
1698185656981 9.428844451904297 29
1698185657175 9.682066917419434 30
1698185657375 10.685124397277832 31
1698185657594 9.694988250732422 32
1698185657798 9.12113094329834 33
1698185658013 10.485857963562012 34
1698185658258 10.372907638549805 35
1698185658528 13.491137504577637 36
1698185658730 9.68490219116211 37
1698185658930 9.625783920288086 38
1698185659123 9.969610214233398 39
1698185659394 9.283064842224121 40
1698185659645 9.924278259277344 41
1698185659863 9.377120018005371 42
1698185660094 10.702801704406738 43
1698185660327 9.04483413696289 44
1698185660565 9.264172554016113 45
1698185660805 9.64194393157959 46
1698185661014 9.141524314880371 47
1698185661230 8.840994834899902 48
1698185661464 9.96143627166748 49
