1698174485666 0.2432638704776764 0
1698174485862 0.023964282125234604 1
1698174486013 0.020901231095194817 2
1698174486216 0.02002655528485775 3
1698174486399 0.015590940602123737 4
1698174486556 0.014286569319665432 5
1698174486707 0.015384554862976074 6
1698174486856 0.013562597334384918 7
1698174487004 0.012623246759176254 8
1698174487152 0.013309497386217117 9
1698174487301 0.012622708454728127 10
1698174487453 0.012581025250256062 11
1698174487604 0.010713181458413601 12
1698174487754 0.010985288769006729 13
1698174487922 0.0098226647824049 14
1698174488069 0.011937787756323814 15
1698174488210 0.010474837385118008 16
1698174488351 0.010010290890932083 17
1698174488507 0.011030188761651516 18
1698174488660 0.010768734849989414 19
1698174488821 0.008168315514922142 20
1698174488981 0.010143999010324478 21
1698174489128 0.009596169926226139 22
1698174489283 0.009877034462988377 23
1698174489457 0.008321931585669518 24
1698174489609 0.00885878223925829 25
1698174489758 0.010634448379278183 26
1698174489910 0.00966949388384819 27
1698174490066 0.009614266455173492 28
1698174490212 0.010828167200088501 29
1698174490362 0.009403989650309086 30
1698174490532 0.009318670257925987 31
1698174490686 0.009202053770422935 32
1698174490836 0.008288159966468811 33
1698174490990 0.009136620908975601 34
1698174491150 0.01017212588340044 35
1698174491304 0.008901114575564861 36
1698174491459 0.008847099728882313 37
1698174491618 0.009357288479804993 38
1698174491769 0.008214572444558144 39
1698174491921 0.008926310576498508 40
1698174492073 0.008230121806263924 41
1698174492213 0.009143675677478313 42
1698174492369 0.007907306775450706 43
1698174492513 0.009220656007528305 44
1698174492667 0.008918272331357002 45
1698174492823 0.009074859321117401 46
1698174492999 0.009296927601099014 47
1698174493150 0.008260384202003479 48
1698174493299 0.00862512830644846 49
