1698167273704 0.04576609283685684 0
1698167273927 0.01085168868303299 1
1698167274127 0.007840060628950596 2
1698167274332 0.007674225140362978 3
1698167274567 0.007276906631886959 4
1698167274766 0.00678164791315794 5
1698167274971 0.006702188402414322 6
1698167275214 0.0067442636936903 7
1698167275421 0.006678497418761253 8
1698167275671 0.006901332177221775 9
1698167275893 0.006730832625180483 10
1698167276124 0.0066259815357625484 11
1698167276338 0.006652888376265764 12
1698167276614 0.006717614829540253 13
1698167276834 0.006671967916190624 14
1698167277059 0.006404989864677191 15
1698167277268 0.006437948439270258 16
1698167277540 0.006477579940110445 17
1698167278001 0.006256856024265289 18
1698167278370 0.006320521701127291 19
1698167278654 0.006325089372694492 20
1698167278908 0.006362891755998135 21
1698167279142 0.006416634190827608 22
1698167279353 0.00624214019626379 23
1698167279597 0.006280630826950073 24
1698167279809 0.006283644586801529 25
1698167280029 0.006270993035286665 26
1698167280240 0.006482487078756094 27
1698167280451 0.006181539036333561 28
1698167280666 0.006281047593802214 29
1698167280878 0.005943334195762873 30
1698167281077 0.006559350993484259 31
1698167281290 0.006150277331471443 32
1698167281494 0.006150313653051853 33
1698167281690 0.006131545174866915 34
1698167281887 0.006146728992462158 35
1698167282078 0.006210674531757832 36
1698167282279 0.006124394480139017 37
1698167282513 0.0064282906241714954 38
1698167282750 0.006075642537325621 39
1698167282969 0.006104674190282822 40
1698167283194 0.006541721057146788 41
1698167283419 0.0068556382320821285 42
1698167283630 0.006134876981377602 43
1698167283849 0.006193867418915033 44
1698167284051 0.006641566753387451 45
1698167284374 0.006254820618778467 46
1698167284579 0.006146593950688839 47
1698167284806 0.00623881071805954 48
1698167285027 0.006206299643963575 49
