1698167273704 29.44105339050293 0
1698167273927 14.113370895385742 1
1698167274127 12.387979507446289 2
1698167274332 12.364972114562988 3
1698167274567 11.720965385437012 4
1698167274766 10.969584465026855 5
1698167274971 10.82814884185791 6
1698167275214 10.956681251525879 7
1698167275421 10.791144371032715 8
1698167275671 11.056783676147461 9
1698167275893 10.554149627685547 10
1698167276124 10.475240707397461 11
1698167276338 10.64162826538086 12
1698167276614 10.649188041687012 13
1698167276834 10.542198181152344 14
1698167277059 10.22848892211914 15
1698167277268 10.240199089050293 16
1698167277540 10.379823684692383 17
1698167278001 10.14037036895752 18
1698167278370 10.068081855773926 19
1698167278654 10.289410591125488 20
1698167278908 10.2188081741333 21
1698167279142 10.272954940795898 22
1698167279353 9.98337173461914 23
1698167279597 10.19251537322998 24
1698167279809 9.968070983886719 25
1698167280029 10.058183670043945 26
1698167280240 10.226961135864258 27
1698167280451 9.784518241882324 28
1698167280666 10.10821533203125 29
1698167280878 9.736924171447754 30
1698167281077 10.436737060546875 31
1698167281290 9.662723541259766 32
1698167281494 9.855208396911621 33
1698167281690 9.901235580444336 34
1698167281887 9.827547073364258 35
1698167282078 9.74441146850586 36
1698167282279 9.482280731201172 37
1698167282513 10.116164207458496 38
1698167282750 9.849899291992188 39
1698167282969 9.744543075561523 40
1698167283194 10.184530258178711 41
1698167283419 10.687591552734375 42
1698167283630 9.726471900939941 43
1698167283849 9.779829025268555 44
1698167284051 10.481634140014648 45
1698167284374 9.791633605957031 46
1698167284579 9.839761734008789 47
1698167284806 9.775328636169434 48
1698167285027 10.012364387512207 49
