1698161685194 65.01715850830078 0
1698161687702 40.41326904296875 1
1698161690023 29.85488510131836 2
1698161694002 25.34793472290039 3
1698161697156 23.649850845336914 4
1698161700503 21.764585494995117 5
1698161703639 20.80938720703125 6
1698161707203 20.595844268798828 7
1698161710616 19.184249877929688 8
1698161713383 18.477571487426758 9
1698161716885 19.094436645507812 10
1698161720421 17.960569381713867 11
1698161723685 17.623430252075195 12
1698161727153 17.421504974365234 13
1698161730293 17.662641525268555 14
1698161733617 16.975814819335938 15
1698161736601 16.630823135375977 16
1698161739750 16.68644142150879 17
1698161742746 16.9549617767334 18
