1698185280941 2340.923583984375 0
1698185281180 302.63861083984375 1
1698185281414 288.6815490722656 2
1698185281692 291.5943908691406 3
1698185281934 250.60049438476562 4
1698185282171 228.04417419433594 5
1698185282417 274.2953796386719 6
1698185282689 260.236572265625 7
1698185282945 208.43833923339844 8
1698185283244 210.45394897460938 9
1698185283534 234.12693786621094 10
1698185283773 209.58531188964844 11
1698185284007 265.4024353027344 12
1698185284277 170.56594848632812 13
1698185284595 157.60867309570312 14
1698185284861 208.84803771972656 15
1698185285123 219.9287872314453 16
1698185285405 169.91590881347656 17
1698185285680 274.33917236328125 18
1698185285988 178.58448791503906 19
1698185286226 191.8739471435547 20
1698185286456 165.68959045410156 21
1698185286721 175.18101501464844 22
1698185286963 319.1991271972656 23
1698185287198 320.9880676269531 24
1698185287440 275.9034729003906 25
1698185287706 221.6109161376953 26
1698185287950 168.55455017089844 27
1698185288190 151.90634155273438 28
1698185288420 178.87037658691406 29
1698185288714 156.39834594726562 30
1698185288952 178.52413940429688 31
1698185289190 169.69760131835938 32
1698185289430 347.3479919433594 33
1698185289701 239.46334838867188 34
1698185289944 214.01451110839844 35
1698185290179 197.19715881347656 36
1698185290429 170.86196899414062 37
1698185290689 152.28822326660156 38
1698185290931 224.85333251953125 39
1698185291162 274.94195556640625 40
1698185291410 244.45455932617188 41
1698185291671 197.1359100341797 42
1698185291904 245.78709411621094 43
1698185292142 316.4161376953125 44
1698185292381 271.0748291015625 45
1698185292646 166.36819458007812 46
1698185292882 174.6094512939453 47
1698185293123 176.97186279296875 48
1698185293359 332.81268310546875 49
