1698160473999 0.3270237147808075 0
1698160474570 0.20340760052204132 1
1698160475150 0.16301211714744568 2
1698160475759 0.1397065371274948 3
1698160476329 0.11278326064348221 4
1698160476967 0.08288884907960892 5
1698160477613 0.059373561292886734 6
1698160478239 0.049971405416727066 7
1698160479029 0.04181140288710594 8
1698160479707 0.037367913872003555 9
1698160480326 0.03169172629714012 10
1698160481087 0.02800525724887848 11
1698160481674 0.024866821244359016 12
1698160482227 0.022794660180807114 13
1698160482807 0.021572835743427277 14
1698160483375 0.019934620708227158 15
1698160483945 0.020170779898762703 16
1698160484526 0.019876619800925255 17
1698160485100 0.02053675800561905 18
1698160485714 0.020201072096824646 19
1698160486329 0.018420539796352386 20
1698160486892 0.01858808659017086 21
1698160487443 0.017847377806901932 22
1698160488017 0.01864977739751339 23
1698160488586 0.01741764135658741 24
1698160489181 0.018314894288778305 25
1698160489864 0.018443534150719643 26
1698160490563 0.018198952078819275 27
