1698169012367 0.08423085510730743 0
1698169012675 0.015910066664218903 1
1698169012931 0.012029499746859074 2
1698169013224 0.011304253712296486 3
1698169013470 0.010096590965986252 4
1698169013729 0.009763945825397968 5
1698169013970 0.009301191195845604 6
1698169014220 0.009459245018661022 7
1698169014455 0.00887953583151102 8
1698169014693 0.009016671217978 9
1698169014968 0.009099246934056282 10
1698169015240 0.008307541720569134 11
1698169015506 0.009062609635293484 12
1698169015748 0.008365618996322155 13
1698169016015 0.008207621052861214 14
1698169016296 0.008225466124713421 15
1698169016594 0.007888504303991795 16
1698169016877 0.008237142115831375 17
1698169017146 0.00821282435208559 18
1698169017456 0.008153247646987438 19
1698169017836 0.007770719472318888 20
1698169018158 0.0078068566508591175 21
1698169018580 0.007768022362142801 22
1698169019063 0.007824252359569073 23
1698169019459 0.007697028573602438 24
1698169019733 0.00788172334432602 25
1698169020028 0.007719289045780897 26
1698169020297 0.007913286797702312 27
1698169020540 0.007663403172045946 28
1698169020841 0.007457795552909374 29
1698169021132 0.007062709424644709 30
1698169021412 0.007281896658241749 31
1698169021673 0.00796702690422535 32
1698169021921 0.007741135079413652 33
1698169022185 0.007409521844238043 34
1698169022444 0.007502378895878792 35
1698169022690 0.0076140956953167915 36
1698169023071 0.007322283927351236 37
1698169023325 0.007542627397924662 38
1698169023636 0.007393993902951479 39
1698169023911 0.0072500379756093025 40
1698169024197 0.0068524363450706005 41
1698169024495 0.007520187180489302 42
1698169024789 0.0070017497055232525 43
1698169025042 0.007204965688288212 44
1698169025362 0.006978476420044899 45
1698169025629 0.007405363954603672 46
1698169025908 0.0071764360181987286 47
1698169026178 0.006863120011985302 48
1698169026514 0.007110687904059887 49
