1698169012367 41.421119689941406 0
1698169012675 18.778995513916016 1
1698169012931 16.28587532043457 2
1698169013224 14.847846984863281 3
1698169013470 14.263609886169434 4
1698169013729 13.699295043945312 5
1698169013970 13.163347244262695 6
1698169014220 13.340462684631348 7
1698169014455 12.743432998657227 8
1698169014693 12.610489845275879 9
1698169014968 12.657400131225586 10
1698169015240 12.372737884521484 11
1698169015506 12.649591445922852 12
1698169015748 12.373541831970215 13
1698169016015 12.046866416931152 14
1698169016296 12.15555191040039 15
1698169016594 12.062861442565918 16
1698169016877 12.503235816955566 17
1698169017146 12.148239135742188 18
1698169017456 11.726532936096191 19
1698169017836 11.578802108764648 20
1698169018158 11.47998046875 21
1698169018580 11.648311614990234 22
1698169019063 11.717041969299316 23
1698169019459 11.69197940826416 24
1698169019733 11.318225860595703 25
1698169020028 11.358638763427734 26
1698169020297 11.740691184997559 27
1698169020540 11.282543182373047 28
1698169020841 11.350735664367676 29
1698169021132 11.071968078613281 30
1698169021412 11.187532424926758 31
1698169021673 11.703706741333008 32
1698169021921 11.457151412963867 33
1698169022185 11.207345008850098 34
1698169022444 11.195817947387695 35
1698169022690 11.110907554626465 36
1698169023071 11.140351295471191 37
1698169023325 11.271267890930176 38
1698169023636 11.001703262329102 39
1698169023911 11.124601364135742 40
1698169024197 10.871989250183105 41
1698169024495 10.913310050964355 42
1698169024789 10.702320098876953 43
1698169025042 10.849600791931152 44
1698169025362 10.719526290893555 45
1698169025629 11.129250526428223 46
1698169025908 10.788825035095215 47
1698169026178 10.74439811706543 48
1698169026514 10.789864540100098 49
