1698187570740 21.649105072021484 0
1698187570965 7.904533386230469 1
1698187571170 6.509456157684326 2
1698187571470 6.341956615447998 3
1698187571697 6.287292957305908 4
1698187571893 6.680997371673584 5
1698187572096 5.995045185089111 6
1698187572299 6.688655376434326 7
1698187572509 6.0577263832092285 8
1698187572730 6.01690149307251 9
1698187572930 6.692136287689209 10
1698187573131 6.622199058532715 11
1698187573325 6.620079517364502 12
1698187573540 6.19480562210083 13
1698187573741 6.397457599639893 14
1698187573954 6.272060394287109 15
1698187574189 5.954931735992432 16
1698187574392 6.339893341064453 17
1698187574593 5.783872604370117 18
1698187574837 5.494144916534424 19
1698187575090 5.885559558868408 20
1698187575297 6.0769572257995605 21
1698187575536 5.7911787033081055 22
1698187575750 6.023099422454834 23
1698187576006 5.992818832397461 24
1698187576258 5.661085605621338 25
1698187576468 6.229654788970947 26
1698187576688 6.308072090148926 27
1698187576900 6.715048313140869 28
1698187577188 6.030345439910889 29
1698187577410 6.447669982910156 30
1698187577624 6.168257713317871 31
1698187577853 6.021021842956543 32
1698187578088 6.124183177947998 33
1698187578310 5.927135467529297 34
1698187578596 6.216461658477783 35
1698187578835 6.693826675415039 36
1698187579040 6.0255022048950195 37
1698187579257 5.691567897796631 38
1698187579458 5.950930118560791 39
1698187579648 6.1344099044799805 40
1698187579851 6.185147285461426 41
1698187580060 6.177460670471191 42
1698187580273 6.130675315856934 43
1698187580477 5.525122165679932 44
1698187580679 5.52171516418457 45
1698187580889 5.886791706085205 46
1698187581107 5.792595386505127 47
1698187581310 6.177847862243652 48
1698187581517 6.032196521759033 49
