1698173282923 0.012817325070500374 0
1698173283816 0.004343091044574976 1
1698173284514 0.004186383448541164 2
1698173285271 0.0033924279268831015 3
1698173286136 0.0026967471931129694 4
1698173286827 0.003320041811093688 5
1698173287600 0.002838041400536895 6
1698173288358 0.0022607240825891495 7
1698173289055 0.0022517445031553507 8
1698173289914 0.0023503368720412254 9
1698173290560 0.0023937213700264692 10
1698173291210 0.0018609837861731648 11
1698173291841 0.0021399641409516335 12
1698173292515 0.002206452190876007 13
1698173293144 0.0018139551393687725 14
1698173293774 0.0016648407327011228 15
1698173294423 0.0019259072141721845 16
1698173295184 0.0018971581012010574 17
1698173295838 0.0015706655103713274 18
1698173296665 0.0017904300475493073 19
1698173297668 0.0014111181953921914 20
1698173298390 0.0017465301789343357 21
1698173299233 0.0016626706346869469 22
1698173299978 0.0017907690489664674 23
1698173300682 0.0016035407315939665 24
1698173301561 0.0013302890583872795 25
1698173302285 0.0014608396450057626 26
1698173303033 0.0012422885047271848 27
1698173303686 0.0017866890411823988 28
1698173304309 0.0015695961192250252 29
1698173304984 0.0010257320245727897 30
1698173305708 0.0014835884794592857 31
1698173306394 0.0013850526884198189 32
1698173307074 0.00168800656683743 33
1698173307721 0.0011620494769886136 34
1698173308349 0.001124219037592411 35
1698173309004 0.001270189881324768 36
1698173309642 0.0015246804105117917 37
1698173310278 0.0013458442408591509 38
1698173310935 0.0013210655888542533 39
1698173311577 0.0011476565850898623 40
1698173312250 0.0013269494520500302 41
1698173312881 0.0013997032074257731 42
1698173313545 0.0014557420508936048 43
1698173314230 0.00147062330506742 44
1698173314978 0.0011366276303306222 45
1698173315844 0.0010074661113321781 46
1698173316475 0.0012698458740487695 47
1698173317140 0.0013226565206423402 48
1698173317770 0.001269871718250215 49
