1698156735520 0.5130380988121033 0
1698156736188 0.29520222544670105 1
1698156736759 0.24185653030872345 2
1698156737359 0.1832074671983719 3
1698156737958 0.13494974374771118 4
1698156738644 0.11297797411680222 5
1698156739310 0.09766560792922974 6
1698156739905 0.08425625413656235 7
1698156740507 0.0736849308013916 8
1698156741102 0.06426649540662766 9
1698156741702 0.057599570602178574 10
1698156742275 0.050657205283641815 11
1698156742960 0.046807073056697845 12
1698156743572 0.0434870570898056 13
1698156744224 0.04104989022016525 14
1698156744782 0.03744712471961975 15
1698156745357 0.038480810821056366 16
1698156746051 0.03706418350338936 17
1698156746632 0.03790106996893883 18
1698156747333 0.0352630615234375 19
1698156748172 0.03358578309416771 20
1698156748742 0.036279696971178055 21
1698156749319 0.033060915768146515 22
1698156749885 0.03381997346878052 23
1698156750487 0.03372975438833237 24
1698156751082 0.03125862404704094 25
1698156751684 0.03444869816303253 26
1698156752284 0.033925510942935944 27
1698156752854 0.032549578696489334 28
1698156753527 0.03149887174367905 29
1698156754093 0.03133964538574219 30
1698156754688 0.03208033740520477 31
1698156755295 0.030773568898439407 32
1698156755987 0.031491126865148544 33
1698156756713 0.031274911016225815 34
1698156757307 0.03260808438062668 35
1698156757879 0.03063295967876911 36
1698156758513 0.030040036886930466 37
1698156759079 0.032274194061756134 38
1698156759790 0.028393713757395744 39
1698156760380 0.030162520706653595 40
1698156760961 0.0318526029586792 41
