1698156735520 80.11988830566406 0
1698156736188 62.09965133666992 1
1698156736759 55.498069763183594 2
1698156737359 44.598114013671875 3
1698156737958 36.18212890625 4
1698156738644 32.29841613769531 5
1698156739310 29.233556747436523 6
1698156739905 27.860322952270508 7
1698156740507 26.29926872253418 8
1698156741102 25.59208869934082 9
1698156741702 24.624561309814453 10
1698156742275 24.206619262695312 11
1698156742960 23.130538940429688 12
1698156743572 22.53378677368164 13
1698156744224 22.387292861938477 14
1698156744782 20.792125701904297 15
1698156745357 20.9432430267334 16
1698156746051 20.11613655090332 17
1698156746632 20.19231605529785 18
1698156747333 19.81944465637207 19
1698156748172 19.536998748779297 20
1698156748742 19.430652618408203 21
1698156749319 18.994047164916992 22
1698156749885 19.1085205078125 23
1698156750487 18.714399337768555 24
1698156751082 18.219642639160156 25
1698156751684 18.749656677246094 26
1698156752284 18.314546585083008 27
1698156752854 18.64482879638672 28
1698156753527 17.354331970214844 29
1698156754093 17.996484756469727 30
1698156754688 17.95345687866211 31
1698156755295 17.40406608581543 32
1698156755987 18.0947265625 33
1698156756713 17.263845443725586 34
1698156757307 17.73037338256836 35
1698156757879 17.76397132873535 36
1698156758513 17.2462158203125 37
1698156759079 17.264333724975586 38
1698156759790 16.766902923583984 39
1698156760380 16.642963409423828 40
1698156760961 17.161951065063477 41
