1698182031666 0.10952100157737732 0
1698182031790 0.009373468346893787 1
1698182031901 0.009000652469694614 2
1698182032020 0.007971350103616714 3
1698182032129 0.008671863935887814 4
1698182032249 0.008125566877424717 5
1698182032378 0.007531510666012764 6
1698182032520 0.007676876150071621 7
1698182032631 0.007077878341078758 8
1698182032752 0.007620078045874834 9
1698182032864 0.006765228230506182 10
1698182032985 0.006775594782084227 11
1698182033096 0.006975390017032623 12
1698182033216 0.0074559785425662994 13
1698182033335 0.007360159885138273 14
1698182033470 0.0065367803908884525 15
1698182033592 0.006853246130049229 16
1698182033700 0.007025111000984907 17
1698182033821 0.006804971490055323 18
1698182033928 0.0063483333215117455 19
1698182034034 0.006519148591905832 20
1698182034142 0.00682912627235055 21
1698182034251 0.006925533525645733 22
1698182034391 0.006446133833378553 23
1698182034496 0.0066156042739748955 24
1698182034600 0.006209901999682188 25
1698182034704 0.007570104673504829 26
1698182034808 0.006154274567961693 27
1698182034918 0.00653532799333334 28
1698182035021 0.007592563983052969 29
1698182035130 0.0061785513535141945 30
1698182035253 0.0059590451419353485 31
1698182035374 0.0063863941468298435 32
1698182035509 0.006092459429055452 33
1698182035631 0.006522292736917734 34
1698182035739 0.006281337235122919 35
1698182035847 0.006239279638975859 36
1698182035955 0.006034706253558397 37
1698182036073 0.005776757840067148 38
1698182036214 0.0061113242991268635 39
1698182036376 0.007079606410115957 40
1698182036522 0.006259418558329344 41
1698182036644 0.006165731232613325 42
1698182036773 0.006718961987644434 43
1698182036898 0.006264680530875921 44
1698182037026 0.005946153774857521 45
1698182037154 0.006301915738731623 46
1698182037301 0.005676655098795891 47
1698182037461 0.00627275463193655 48
1698182037577 0.00596989830955863 49
