1698182031666 24.421249389648438 0
1698182031790 7.758484363555908 1
1698182031901 7.074329376220703 2
1698182032020 6.674430847167969 3
1698182032129 6.899019718170166 4
1698182032249 6.515024185180664 5
1698182032378 6.444917678833008 6
1698182032520 6.636165618896484 7
1698182032631 6.185608863830566 8
1698182032752 6.481006145477295 9
1698182032864 6.308623313903809 10
1698182032985 6.0228729248046875 11
1698182033096 6.430010795593262 12
1698182033216 6.577136039733887 13
1698182033335 6.232691287994385 14
1698182033470 5.961357116699219 15
1698182033592 6.186928749084473 16
1698182033700 5.9192047119140625 17
1698182033821 6.110066890716553 18
1698182033928 5.693997383117676 19
1698182034034 5.990926742553711 20
1698182034142 6.0628767013549805 21
1698182034251 5.735604763031006 22
1698182034391 5.923469066619873 23
1698182034496 5.865179538726807 24
1698182034600 5.842531681060791 25
1698182034704 6.367575168609619 26
1698182034808 5.770946979522705 27
1698182034918 5.942734241485596 28
1698182035021 6.586183071136475 29
1698182035130 5.875775337219238 30
1698182035253 5.822142124176025 31
1698182035374 5.638337135314941 32
1698182035509 5.829855442047119 33
1698182035631 5.865779876708984 34
1698182035739 5.87630033493042 35
1698182035847 5.7408246994018555 36
1698182035955 5.631496429443359 37
1698182036073 5.603817939758301 38
1698182036214 5.626824378967285 39
1698182036376 6.139438152313232 40
1698182036522 5.639264106750488 41
1698182036644 5.748206615447998 42
1698182036773 5.779113292694092 43
1698182036898 5.588757514953613 44
1698182037026 5.621044635772705 45
1698182037154 5.827544689178467 46
1698182037301 5.646641254425049 47
1698182037461 5.717700004577637 48
1698182037577 5.44858980178833 49
