1698173641575 160.2470245361328 0
1698173641758 225.31683349609375 1
1698173641958 125.27969360351562 2
1698173642200 59.254337310791016 3
1698173642391 50.552734375 4
1698173642602 50.10016632080078 5
1698173642780 50.000160217285156 6
1698173642960 47.271827697753906 7
1698173643147 43.4901008605957 8
1698173643324 41.79018020629883 9
1698173643499 42.648983001708984 10
1698173643674 39.19765853881836 11
1698173643848 32.33924102783203 12
1698173644020 38.390380859375 13
1698173644224 35.92088317871094 14
1698173644402 33.21367263793945 15
1698173644578 33.60449981689453 16
1698173644767 30.76283073425293 17
1698173644940 31.991531372070312 18
1698173645125 30.964128494262695 19
1698173645324 32.63611602783203 20
1698173645553 30.744359970092773 21
1698173645737 34.28057098388672 22
1698173645924 37.546958923339844 23
1698173646166 32.98784637451172 24
1698173646356 33.64226531982422 25
1698173646556 36.39496612548828 26
1698173646760 36.09123992919922 27
1698173646948 42.301448822021484 28
1698173647302 37.94502258300781 29
1698173647479 35.535003662109375 30
1698173647684 32.20819854736328 31
1698173647885 33.45284652709961 32
1698173648086 34.608211517333984 33
1698173648296 33.49707794189453 34
1698173648507 36.12513732910156 35
1698173648707 30.199798583984375 36
1698173648899 29.55841827392578 37
1698173649190 33.449951171875 38
1698173649435 29.92742347717285 39
1698173649639 31.92405128479004 40
1698173649833 31.40229034423828 41
1698173650021 29.678104400634766 42
1698173650261 33.14358901977539 43
1698173650466 31.927223205566406 44
1698173650665 30.355247497558594 45
1698173650904 29.253658294677734 46
1698173651173 34.998443603515625 47
1698173651396 31.80121612548828 48
1698173651574 31.71394157409668 49
