1698185005594 101418.0546875 0
1698185006637 71499.5390625 1
1698185007688 60247.88671875 2
1698185008733 37910.4140625 3
1698185009792 39423.45703125 4
1698185010842 35044.31640625 5
1698185012030 40688.23828125 6
1698185013213 56841.5 7
1698185014384 42148.2421875 8
1698185015442 39277.32421875 9
1698185016483 41379.90625 10
1698185017525 35949.6875 11
1698185018602 33152.9140625 12
1698185019648 37420.73828125 13
1698185020699 41091.51953125 14
1698185021749 37006.23828125 15
1698185022776 43140.26953125 16
1698185023838 40439.66015625 17
1698185024904 42896.03515625 18
1698185026053 35338.59375 19
1698185027263 36335.71875 20
1698185028387 37103.46875 21
1698185029431 42606.9296875 22
1698185030465 47936.8671875 23
1698185031507 42217.71484375 24
1698185032588 42094.265625 25
1698185033646 38303.4375 26
1698185034705 38921.63671875 27
1698185035734 39553.7265625 28
1698185036783 39509.2578125 29
1698185037820 38648.76953125 30
1698185038911 38631.98828125 31
1698185040018 35069.9140625 32
1698185041181 45765.3515625 33
1698185042379 38687.265625 34
1698185043430 38335.33984375 35
1698185044496 40200.94921875 36
1698185045530 44092.28515625 37
1698185046586 40562.67578125 38
1698185047638 38696.4453125 39
1698185048769 43854.85546875 40
1698185049829 28117.12890625 41
1698185050894 31214.7890625 42
1698185051950 27440.1875 43
1698185053171 43079.484375 44
1698185054332 35015.82421875 45
1698185055659 32684.380859375 46
1698185056728 38243.078125 47
1698185057775 36392.58984375 48
1698185058827 28734.1328125 49
