1698183721454 43.298648834228516 0
1698183721599 25.702726364135742 1
1698183721740 8.178609848022461 2
1698183721880 5.878185272216797 3
1698183722024 6.71571159362793 4
1698183722160 5.699732303619385 5
1698183722317 6.675558567047119 6
1698183722469 6.0244364738464355 7
1698183722605 5.830927848815918 8
1698183722744 6.123673915863037 9
1698183722885 5.698944091796875 10
1698183723027 6.003530502319336 11
1698183723193 5.6993794441223145 12
1698183723341 5.690694332122803 13
1698183723487 5.9321088790893555 14
1698183723633 6.222146034240723 15
1698183723781 6.053326606750488 16
1698183723925 5.961734771728516 17
1698183724068 5.6464643478393555 18
1698183724213 6.0651702880859375 19
1698183724398 5.941619873046875 20
1698183724568 5.47295618057251 21
1698183724741 5.974075794219971 22
1698183724892 5.988674640655518 23
1698183725037 5.418719291687012 24
1698183725185 5.239724159240723 25
1698183725328 5.416677951812744 26
1698183725481 5.723807334899902 27
1698183725622 5.360388278961182 28
1698183725769 5.48654317855835 29
1698183725975 5.902074813842773 30
1698183726132 5.593036651611328 31
1698183726278 5.7767791748046875 32
1698183726474 5.5237579345703125 33
1698183726626 5.936450481414795 34
1698183726784 5.2003021240234375 35
1698183726942 5.966222286224365 36
1698183727109 5.304977893829346 37
1698183727269 5.085017204284668 38
1698183727448 5.155563831329346 39
1698183727605 5.381166458129883 40
1698183727745 5.558718681335449 41
1698183727887 5.173037528991699 42
1698183728029 5.176655292510986 43
1698183728171 4.982019424438477 44
1698183728328 5.825138568878174 45
1698183728484 5.127113342285156 46
1698183728625 5.261768341064453 47
1698183728771 5.7868571281433105 48
1698183728912 5.257321357727051 49
