1698150562089 137473.875 0
1698150563649 120668.765625 1
1698150565034 93270.8046875 2
1698150566403 114749.578125 3
1698150567797 129720.8203125 4
1698150569234 95231.78125 5
1698150570758 89300.2578125 6
1698150572139 99409.609375 7
1698150573497 96585.9140625 8
1698150574897 98892.2265625 9
1698150576295 105504.109375 10
1698150577758 110388.03125 11
1698150579186 102556.3515625 12
1698150580538 76712.25 13
1698150581957 93987.703125 14
1698150583424 82376.4296875 15
1698150584856 93837.859375 16
1698150586249 94006.796875 17
1698150587609 93024.1328125 18
1698150589063 89040.296875 19
1698150590495 101225.59375 20
1698150592089 85298.296875 21
1698150593432 94158.53125 22
1698150594807 78385.421875 23
1698150596166 73712.828125 24
1698150597731 89568.5234375 25
1698150599126 100544.453125 26
1698150600495 83015.890625 27
