1698182292349 0.07570059597492218 0
1698182292463 0.012873698957264423 1
1698182292554 0.009866928681731224 2
1698182292649 0.009770441800355911 3
1698182292759 0.009562998078763485 4
1698182292873 0.008571552112698555 5
1698182292974 0.008243273012340069 6
1698182293068 0.0077171786688268185 7
1698182293153 0.00689999433234334 8
1698182293240 0.008370982483029366 9
1698182293326 0.00773868290707469 10
1698182293415 0.007421489804983139 11
1698182293504 0.008168218657374382 12
1698182293589 0.008437709882855415 13
1698182293679 0.0074987877160310745 14
1698182293767 0.006751611828804016 15
1698182293869 0.006955500692129135 16
1698182293962 0.0071508619002997875 17
1698182294047 0.007161411456763744 18
1698182294138 0.006806037854403257 19
1698182294228 0.007339008618146181 20
1698182294317 0.006524260155856609 21
1698182294408 0.005791825242340565 22
1698182294496 0.006779846269637346 23
1698182294583 0.006076179910451174 24
1698182294687 0.00673585245385766 25
1698182294787 0.006345507223159075 26
1698182294913 0.005939807742834091 27
1698182295023 0.006065295077860355 28
1698182295137 0.006939524319022894 29
1698182295230 0.006072640884667635 30
1698182295316 0.006549812387675047 31
1698182295403 0.006564924493432045 32
1698182295487 0.005916493944823742 33
1698182295579 0.006789410021156073 34
1698182295669 0.0069574532099068165 35
1698182295758 0.006711519323289394 36
1698182295844 0.006465280894190073 37
1698182295933 0.006505681201815605 38
1698182296021 0.006010980810970068 39
1698182296106 0.006787259131669998 40
1698182296195 0.006256118882447481 41
1698182296283 0.006198003888130188 42
1698182296371 0.005827064625918865 43
1698182296458 0.0060612657107412815 44
1698182296550 0.005928745027631521 45
1698182296640 0.005798173602670431 46
1698182296726 0.0066848015412688255 47
1698182296812 0.005480538122355938 48
1698182296909 0.0058137099258601665 49
1698182297008 0.005682989489287138 50
1698182297097 0.005455199629068375 51
1698182297183 0.005438346415758133 52
1698182297269 0.005512787029147148 53
1698182297356 0.005946815945208073 54
1698182297446 0.006357382517307997 55
1698182297556 0.005811695009469986 56
1698182297651 0.00646169763058424 57
1698182297741 0.006030599121004343 58
1698182297826 0.005401428323239088 59
1698182297917 0.00546457152813673 60
1698182298004 0.00590398209169507 61
1698182298091 0.005620735697448254 62
1698182298177 0.005534290336072445 63
1698182298263 0.005598627496510744 64
1698182298350 0.00521533889696002 65
1698182298438 0.005661257542669773 66
1698182298528 0.005984179209917784 67
1698182298617 0.005149660632014275 68
1698182298703 0.005315124988555908 69
1698182298789 0.00538063095882535 70
1698182298888 0.005454063415527344 71
1698182298983 0.005692766979336739 72
1698182299069 0.005633552558720112 73
1698182299155 0.005425694398581982 74
1698182299246 0.005659341812133789 75
1698182299335 0.00510554201900959 76
1698182299422 0.004686758853495121 77
1698182299508 0.006298515480011702 78
1698182299592 0.00503993546590209 79
1698182299677 0.005367194768041372 80
1698182299764 0.005648780148476362 81
1698182299849 0.005181272979825735 82
1698182299945 0.005812220741063356 83
1698182300045 0.005299597512930632 84
1698182300139 0.00557923037558794 85
1698182300224 0.005338029004633427 86
1698182300311 0.005303944926708937 87
1698182300403 0.005763682536780834 88
1698182300494 0.004875825718045235 89
1698182300581 0.005258347373455763 90
1698182300673 0.004692693706601858 91
1698182300766 0.005370001308619976 92
1698182300852 0.0056991297751665115 93
1698182300941 0.005546941887587309 94
1698182301025 0.006009459029883146 95
1698182301109 0.006066368892788887 96
1698182301199 0.005089174956083298 97
1698182301291 0.004788639955222607 98
1698182301375 0.004937374498695135 99
