1698171100406 177.80445861816406 0
1698171100751 53.49052810668945 1
1698171101102 38.12570571899414 2
1698171101428 32.438358306884766 3
1698171101768 38.30660629272461 4
1698171102110 31.87604331970215 5
1698171102428 32.50596237182617 6
1698171102890 38.50360870361328 7
1698171103271 28.440868377685547 8
1698171103812 31.278501510620117 9
1698171104227 35.72914505004883 10
1698171104585 42.75922393798828 11
1698171104979 26.50511932373047 12
1698171105475 31.271093368530273 13
1698171105827 29.682077407836914 14
1698171106217 25.829811096191406 15
1698171106543 25.041343688964844 16
1698171106869 22.128131866455078 17
1698171107208 20.14508819580078 18
1698171107518 24.977888107299805 19
1698171107847 18.08298110961914 20
1698171108193 21.730567932128906 21
1698171108554 22.458290100097656 22
1698171108909 19.59317970275879 23
1698171109256 22.92442512512207 24
1698171109660 21.04206085205078 25
1698171110121 27.418243408203125 26
1698171110555 23.364927291870117 27
1698171111006 21.757558822631836 28
1698171111451 23.19869041442871 29
1698171111918 19.56319236755371 30
1698171112451 18.57223892211914 31
1698171112910 23.033891677856445 32
1698171113319 24.243213653564453 33
1698171113737 22.335729598999023 34
1698171114128 19.655750274658203 35
1698171114461 21.03489112854004 36
1698171114820 19.515968322753906 37
1698171115224 25.96860122680664 38
1698171115752 29.02691650390625 39
1698171116122 22.65316390991211 40
1698171116500 21.927888870239258 41
1698171116843 23.814929962158203 42
1698171117264 24.197429656982422 43
1698171117724 24.14441680908203 44
1698171118122 24.032756805419922 45
1698171118517 27.44095802307129 46
1698171118894 23.804636001586914 47
1698171119402 21.74090003967285 48
1698171119913 27.347257614135742 49
