1698176275481 0.04383242130279541 0
1698176275944 0.0048333993181586266 1
1698176276428 0.004059464205056429 2
1698176276854 0.004005478695034981 3
1698176277277 0.0036479460541158915 4
1698176277684 0.003733634017407894 5
1698176278108 0.003093692474067211 6
1698176278519 0.003278648015111685 7
1698176278932 0.0029546774458140135 8
1698176279356 0.002875436097383499 9
1698176279753 0.002788315061479807 10
1698176280157 0.0032523495610803366 11
1698176280562 0.0035777955781668425 12
1698176280982 0.0035562950652092695 13
1698176281407 0.003802709747105837 14
1698176281806 0.0032795879524201155 15
1698176282224 0.0030387125443667173 16
1698176282621 0.0027850435581058264 17
1698176283038 0.0031063337810337543 18
1698176283458 0.003159141633659601 19
1698176283869 0.0036749246064573526 20
1698176284397 0.002515255007892847 21
1698176284829 0.003184699220582843 22
1698176285299 0.0030612305272370577 23
1698176285721 0.0027806940488517284 24
1698176286230 0.002822497859597206 25
1698176286785 0.0028492058627307415 26
1698176287312 0.002771333558484912 27
1698176287739 0.003157429164275527 28
1698176288207 0.0030563781037926674 29
1698176288635 0.003202839056029916 30
1698176289168 0.0028158347122371197 31
1698176289642 0.002550642704591155 32
1698176290066 0.0028321335557848215 33
1698176290550 0.0028758090920746326 34
1698176290976 0.0028542869258672 35
1698176291593 0.0027912992518395185 36
1698176292026 0.0032411981374025345 37
1698176292509 0.0027917190454900265 38
1698176292948 0.002918661804869771 39
1698176293401 0.0026718182489275932 40
1698176293961 0.0028554426971822977 41
1698176294418 0.003963259980082512 42
1698176295129 0.0029542690608650446 43
1698176295807 0.0033573247492313385 44
1698176296422 0.0029002069495618343 45
1698176297007 0.002615329809486866 46
1698176297435 0.002853459445759654 47
1698176297847 0.003033554181456566 48
1698176298246 0.003388623706996441 49
