1698176275481 24.474851608276367 0
1698176275944 7.977291584014893 1
1698176276428 7.355586528778076 2
1698176276854 7.283355236053467 3
1698176277277 6.54071044921875 4
1698176277684 6.233172416687012 5
1698176278108 6.741853713989258 6
1698176278519 6.156728744506836 7
1698176278932 5.897916793823242 8
1698176279356 6.184743881225586 9
1698176279753 6.043819427490234 10
1698176280157 6.429721355438232 11
1698176280562 7.005144119262695 12
1698176280982 6.7022857666015625 13
1698176281407 7.034660339355469 14
1698176281806 5.925933361053467 15
1698176282224 5.93575382232666 16
1698176282621 5.775580883026123 17
1698176283038 5.8932366371154785 18
1698176283458 6.099299907684326 19
1698176283869 6.616808891296387 20
1698176284397 5.341009140014648 21
1698176284829 5.820170879364014 22
1698176285299 6.2173943519592285 23
1698176285721 5.798974514007568 24
1698176286230 5.9474406242370605 25
1698176286785 5.626684665679932 26
1698176287312 5.369175434112549 27
1698176287739 6.0308098793029785 28
1698176288207 5.90720272064209 29
1698176288635 6.517673492431641 30
1698176289168 5.764125823974609 31
1698176289642 5.7718939781188965 32
1698176290066 6.1231536865234375 33
1698176290550 5.508123397827148 34
1698176290976 5.576352596282959 35
1698176291593 5.507906913757324 36
1698176292026 5.990612983703613 37
1698176292509 5.488080024719238 38
1698176292948 6.1428022384643555 39
1698176293401 5.325669288635254 40
1698176293961 5.28703498840332 41
1698176294418 7.206045627593994 42
1698176295129 6.108025550842285 43
1698176295807 6.39860725402832 44
1698176296422 5.949215888977051 45
1698176297007 5.517928600311279 46
1698176297435 6.687382221221924 47
1698176297847 5.709774017333984 48
1698176298246 6.221492767333984 49
