1698175277964 45564.67578125 0
1698175278096 6145.2744140625 1
1698175278248 14814.3505859375 2
1698175278378 16372.8173828125 3
1698175278510 14016.0830078125 4
1698175278643 7626.185546875 5
1698175278775 15370.1953125 6
1698175278909 1374.3612060546875 7
1698175279039 8184.4228515625 8
1698175279169 7948.6865234375 9
1698175279291 12267.4990234375 10
1698175279426 6528.1123046875 11
1698175279553 6601.91015625 12
1698175279674 2234.2021484375 13
1698175279803 13618.42578125 14
1698175279958 17743.255859375 15
1698175280087 8239.4013671875 16
1698175280235 13105.7119140625 17
1698175280363 324.5980529785156 18
1698175280485 744.3329467773438 19
1698175280621 14704.845703125 20
1698175280750 3429.756103515625 21
1698175280882 917.4392700195312 22
1698175281012 14587.64453125 23
1698175281143 2148.1328125 24
1698175281268 20719.75390625 25
1698175281398 22532.62109375 26
1698175281529 1200.575439453125 27
1698175281661 11165.0185546875 28
1698175281809 14228.7978515625 29
1698175281932 22193.4296875 30
1698175282062 35143.09375 31
1698175282193 6198.65771484375 32
1698175282327 6606.20703125 33
1698175282459 4054.442138671875 34
1698175282591 8211.8837890625 35
1698175282721 10073.71875 36
1698175282859 3095.80126953125 37
1698175283003 36596.10546875 38
1698175283136 5955.60009765625 39
1698175283314 24062.1015625 40
1698175283486 37492.87890625 41
1698175283639 4046.80517578125 42
1698175283779 10205.2197265625 43
1698175283919 11494.798828125 44
1698175284057 20315.115234375 45
1698175284191 30072.3984375 46
1698175284377 16174.9208984375 47
1698175284566 8571.9560546875 48
1698175284723 5804.66845703125 49
