1698181327787 52.028865814208984 0
1698181328182 61.80509948730469 1
1698181328564 40.925907135009766 2
1698181328960 25.415111541748047 3
1698181329343 19.60598373413086 4
1698181329742 17.834667205810547 5
1698181330198 16.591567993164062 6
1698181330617 16.61840057373047 7
1698181331074 16.153718948364258 8
1698181331466 13.83297061920166 9
1698181331869 15.228978157043457 10
1698181332265 14.288019180297852 11
1698181332658 14.166634559631348 12
1698181333033 13.010411262512207 13
1698181333406 13.593999862670898 14
1698181333785 13.305704116821289 15
1698181334172 13.302901268005371 16
1698181334560 13.34892463684082 17
1698181335055 13.004133224487305 18
1698181335449 12.461153030395508 19
1698181335827 12.521289825439453 20
1698181336211 11.90778636932373 21
1698181336595 11.579302787780762 22
1698181336982 11.724287986755371 23
1698181337365 11.574776649475098 24
1698181337757 11.476521492004395 25
1698181338146 11.137491226196289 26
1698181338544 11.115782737731934 27
1698181338952 11.323598861694336 28
1698181339341 10.84061336517334 29
1698181339736 10.41798210144043 30
1698181340154 10.49060344696045 31
1698181340547 10.355026245117188 32
1698181340999 9.929865837097168 33
1698181341419 11.016794204711914 34
1698181341836 11.385540962219238 35
1698181342242 11.537540435791016 36
1698181342630 11.015113830566406 37
1698181343046 10.557021141052246 38
1698181343423 10.340912818908691 39
1698181343808 10.546696662902832 40
1698181344198 10.919571876525879 41
1698181344603 10.356342315673828 42
1698181344990 10.70938777923584 43
1698181345383 10.40900993347168 44
1698181345770 10.272943496704102 45
1698181346156 9.94546127319336 46
1698181346559 10.176584243774414 47
1698181346936 9.8119478225708 48
1698181347325 11.391095161437988 49
