1698157378206 0.3395896255970001 0
1698157381138 0.15742018818855286 1
1698157383159 0.09722486883401871 2
1698157384896 0.07020211219787598 3
1698157386804 0.05405854433774948 4
1698157388694 0.043150343000888824 5
1698157390796 0.037540070712566376 6
1698157392564 0.032737214118242264 7
1698157394481 0.03378831595182419 8
1698157397180 0.030506905168294907 9
1698157400056 0.03147587180137634 10
1698157402385 0.02906392142176628 11
1698157404264 0.028374431654810905 12
1698157406161 0.028110630810260773 13
1698157407887 0.03087906539440155 14
1698157409847 0.0296263936907053 15
1698157411597 0.030536280944943428 16
1698157413306 0.031745679676532745 17
1698157415144 0.028487520292401314 18
1698157417055 0.029165226966142654 19
1698157419061 0.029310792684555054 20
1698157420895 0.027386436238884926 21
1698157422737 0.0277854036539793 22
1698157424717 0.02725757472217083 23
1698157427077 0.0274287648499012 24
1698157429251 0.026710912585258484 25
1698157430918 0.028066499158740044 26
1698157432624 0.02784518152475357 27
