1698157378206 69.50643157958984 0
1698157381138 41.54615783691406 1
1698157383159 30.974184036254883 2
1698157384896 26.192394256591797 3
1698157386804 23.462745666503906 4
1698157388694 20.50836753845215 5
1698157390796 19.904151916503906 6
1698157392564 20.2957763671875 7
1698157394481 19.18269920349121 8
1698157397180 17.2625675201416 9
1698157400056 17.703907012939453 10
1698157402385 17.111282348632812 11
1698157404264 16.14948844909668 12
1698157406161 16.394983291625977 13
1698157407887 17.574512481689453 14
1698157409847 16.45496368408203 15
1698157411597 16.944961547851562 16
1698157413306 17.28845977783203 17
1698157415144 16.402193069458008 18
1698157417055 16.230178833007812 19
1698157419061 17.490257263183594 20
1698157420895 15.499002456665039 21
1698157422737 15.045938491821289 22
1698157424717 15.437138557434082 23
1698157427077 14.876585960388184 24
1698157429251 15.546223640441895 25
1698157430918 15.591815948486328 26
1698157432624 16.241830825805664 27
