1698178778933 12000.896484375 0
1698178779037 9628.1435546875 1
1698178779159 11299.3642578125 2
1698178779266 1245.17236328125 3
1698178779376 6225.9052734375 4
1698178779484 10803.998046875 5
1698178779607 1650.9842529296875 6
1698178779710 6102.34814453125 7
1698178779814 9977.0322265625 8
1698178779916 15994.10546875 9
1698178780023 7410.916015625 10
1698178780155 8393.333984375 11
1698178780262 24167.42578125 12
1698178780369 968.1968994140625 13
1698178780473 9965.2255859375 14
1698178780577 5905.21533203125 15
1698178780680 7050.501953125 16
1698178780785 10769.7451171875 17
1698178780889 9149.388671875 18
1698178780991 1632.045654296875 19
1698178781106 4217.99072265625 20
1698178781212 9740.5654296875 21
1698178781315 3491.676025390625 22
1698178781422 11870.5908203125 23
1698178781526 550.4488525390625 24
1698178781634 2253.2763671875 25
1698178781741 13907.5517578125 26
1698178781873 10754.8134765625 27
1698178781978 11830.806640625 28
1698178782083 522.4523315429688 29
1698178782191 3625.180419921875 30
1698178782312 18507.884765625 31
1698178782439 2072.622802734375 32
1698178782547 4426.9296875 33
1698178782654 1131.1953125 34
1698178782757 3699.87646484375 35
1698178782888 19806.01171875 36
1698178782997 6952.21484375 37
1698178783134 2382.54931640625 38
1698178783294 5316.0947265625 39
1698178783425 13527.93359375 40
1698178783541 22942.23828125 41
1698178783665 6078.63671875 42
1698178783796 1181.8525390625 43
1698178783931 27522.4921875 44
1698178784089 13166.2763671875 45
1698178784262 14806.79296875 46
1698178784454 903.646728515625 47
1698178784580 34913.1640625 48
1698178784692 4167.6591796875 49
