1698185193116 2217.6669921875 0
1698185193282 264.1022033691406 1
1698185193449 313.3397216796875 2
1698185193650 227.96292114257812 3
1698185193832 198.82315063476562 4
1698185194005 179.2149658203125 5
1698185194175 206.12518310546875 6
1698185194345 192.9810333251953 7
1698185194526 186.28326416015625 8
1698185194709 174.02215576171875 9
1698185194886 259.0191650390625 10
1698185195053 237.73231506347656 11
1698185195227 194.35670471191406 12
1698185195402 192.69644165039062 13
1698185195603 177.74769592285156 14
1698185195795 178.6703338623047 15
1698185195972 169.1748504638672 16
1698185196135 192.54920959472656 17
1698185196332 154.72662353515625 18
1698185196501 172.3659210205078 19
1698185196668 169.42921447753906 20
1698185196831 191.4481201171875 21
1698185197010 198.0079803466797 22
1698185197199 218.1349639892578 23
1698185197380 188.71429443359375 24
1698185197572 165.68475341796875 25
1698185197758 278.2993469238281 26
1698185197937 162.14976501464844 27
1698185198127 181.35040283203125 28
1698185198313 156.2177276611328 29
1698185198508 177.98878479003906 30
1698185198765 139.6986846923828 31
1698185198978 156.64202880859375 32
1698185199153 256.15618896484375 33
1698185199333 194.6127166748047 34
1698185199556 147.89442443847656 35
1698185199794 170.60122680664062 36
1698185200011 157.2006378173828 37
1698185200207 194.0650634765625 38
1698185200395 179.82388305664062 39
1698185200600 139.887451171875 40
1698185200822 138.17593383789062 41
1698185201035 147.58822631835938 42
1698185201225 162.49839782714844 43
1698185201410 147.905517578125 44
1698185201601 143.431884765625 45
1698185201776 155.68788146972656 46
1698185201955 158.76736450195312 47
1698185202155 180.80337524414062 48
1698185202337 139.52301025390625 49
