1698178786229 2094.966796875 0
1698178786330 14745.658203125 1
1698178786428 4691.42919921875 2
1698178786524 7675.74169921875 3
1698178786628 11078.0302734375 4
1698178786746 8115.66015625 5
1698178786853 2324.678955078125 6
1698178786947 9188.888671875 7
1698178787044 1827.2943115234375 8
1698178787143 12906.9609375 9
1698178787244 8754.71875 10
1698178787344 13151.55078125 11
1698178787440 8939.015625 12
1698178787535 2789.352294921875 13
1698178787636 11496.638671875 14
1698178787732 6569.32177734375 15
1698178787842 6323.70068359375 16
1698178787960 13882.333984375 17
1698178788056 5529.59033203125 18
1698178788189 3535.27099609375 19
1698178788288 1332.379150390625 20
1698178788386 787.2653198242188 21
1698178788489 4866.4609375 22
1698178788588 6943.91552734375 23
1698178788691 5278.6005859375 24
1698178788788 9684.6591796875 25
1698178788890 6065.99365234375 26
1698178788990 8437.4306640625 27
1698178789090 1449.5782470703125 28
1698178789188 550.7921142578125 29
1698178789291 12861.0380859375 30
1698178789418 3512.578125 31
1698178789518 3953.3828125 32
1698178789619 4052.88916015625 33
1698178789717 2363.324462890625 34
1698178789819 4474.14892578125 35
1698178789919 3802.402099609375 36
1698178790016 15452.3955078125 37
1698178790137 3185.1142578125 38
1698178790241 2942.5341796875 39
1698178790347 5686.76123046875 40
1698178790464 7729.66796875 41
1698178790562 324.70050048828125 42
1698178790674 3209.984375 43
1698178790769 8128.08935546875 44
1698178790872 4785.6171875 45
1698178790970 5455.30615234375 46
1698178791075 2700.1728515625 47
1698178791189 2283.403076171875 48
1698178791312 5363.7373046875 49
