1698162540015 14999.3818359375 0
1698162540439 66502.15625 1
1698162540832 71272.25 2
1698162541394 76752.4375 3
1698162541837 75190.1875 4
1698162542293 59998.03125 5
1698162542769 63333.578125 6
1698162543232 61518.890625 7
1698162543817 54855.2109375 8
1698162544361 67780.5390625 9
1698162544855 58578.578125 10
1698162545386 65174.49609375 11
1698162545790 64099.76953125 12
1698162546216 57092.77734375 13
1698162546617 54702.8359375 14
1698162547018 55834.3359375 15
1698162547417 56622.75 16
1698162547825 43959.046875 17
1698162548279 60424.5859375 18
1698162548726 54624.50390625 19
1698162549132 68307.0390625 20
1698162549555 59443.1796875 21
1698162549986 56469.828125 22
1698162550399 62264.2421875 23
1698162550782 58682.02734375 24
1698162551188 46321.44140625 25
1698162551607 54052.23828125 26
1698162552045 59871.37109375 27
1698162552494 51615.84375 28
1698162552897 49264.77734375 29
1698162553381 59825.9140625 30
1698162553816 49452.83203125 31
1698162554496 55605.734375 32
1698162555324 42820.078125 33
1698162556129 50143.75390625 34
1698162556811 53278.421875 35
