1698174699672 29.146020889282227 0
1698174699924 13.237472534179688 1
1698174700197 10.562379837036133 2
1698174700446 10.265339851379395 3
1698174700707 9.938407897949219 4
1698174700961 8.7915620803833 5
1698174701231 9.286338806152344 6
1698174701485 8.843469619750977 7
1698174701810 7.70336389541626 8
1698174702065 7.962209701538086 9
1698174702358 8.737159729003906 10
1698174702615 8.079498291015625 11
1698174702885 8.046890258789062 12
1698174703152 7.276016712188721 13
1698174703403 8.547504425048828 14
1698174703662 8.046504974365234 15
1698174703912 6.969615459442139 16
1698174704185 7.526461601257324 17
1698174704447 7.737865447998047 18
1698174704704 8.197242736816406 19
1698174704971 8.131742477416992 20
1698174705257 7.6162214279174805 21
1698174705562 7.219279766082764 22
1698174705896 7.119223117828369 23
1698174706210 7.227823734283447 24
1698174706498 6.816171646118164 25
1698174706939 6.833113670349121 26
1698174707278 7.708888053894043 27
1698174707705 6.791796684265137 28
1698174707980 7.458061218261719 29
1698174708291 6.672060012817383 30
1698174708597 6.349060535430908 31
1698174708873 7.083770275115967 32
1698174709186 7.679444313049316 33
1698174709555 7.164572715759277 34
1698174709915 6.801394462585449 35
1698174710203 7.920846939086914 36
1698174710514 6.801781177520752 37
1698174710796 7.180594444274902 38
1698174711067 6.941147804260254 39
1698174711396 6.9478960037231445 40
1698174711820 7.393797874450684 41
1698174712194 6.7683305740356445 42
1698174712524 7.379120826721191 43
1698174712802 6.904038906097412 44
1698174713070 6.681560516357422 45
1698174713387 6.685231685638428 46
1698174713781 6.359123229980469 47
1698174714055 6.353376865386963 48
1698174714410 6.6940836906433105 49
