1698187630778 1.213187575340271 0
1698187631077 0.2930510938167572 1
1698187631423 0.2635420858860016 2
1698187631738 0.2566607892513275 3
1698187632009 0.19781535863876343 4
1698187632285 0.20894041657447815 5
1698187632561 0.2537771165370941 6
1698187632858 0.19337454438209534 7
1698187633163 0.29638803005218506 8
1698187633439 0.1984524130821228 9
1698187633707 0.18916240334510803 10
1698187633982 0.17566396296024323 11
1698187634275 0.20897828042507172 12
1698187634554 0.17065414786338806 13
1698187634885 0.22506704926490784 14
1698187635199 0.20493179559707642 15
1698187635473 0.1898018717765808 16
1698187635766 0.20547816157341003 17
1698187636049 0.16305147111415863 18
1698187636331 0.17746113240718842 19
1698187636607 0.19026333093643188 20
1698187636905 0.1997537910938263 21
1698187637171 0.17069263756275177 22
1698187637453 0.19090503454208374 23
1698187637731 0.16034282743930817 24
1698187638014 0.18576429784297943 25
1698187638295 0.180921271443367 26
1698187638580 0.1957651525735855 27
1698187638889 0.22551041841506958 28
1698187639168 0.18908777832984924 29
1698187639460 0.20956726372241974 30
1698187639739 0.204488143324852 31
1698187640017 0.1852346807718277 32
1698187640315 0.15939849615097046 33
1698187640596 0.26128077507019043 34
1698187640880 0.19159798324108124 35
1698187641156 0.17209264636039734 36
1698187641436 0.17455632984638214 37
1698187641709 0.18536533415317535 38
1698187642012 0.14954222738742828 39
1698187642306 0.17071321606636047 40
1698187642653 0.16972103714942932 41
1698187642949 0.1832052320241928 42
1698187643223 0.19692060351371765 43
1698187643525 0.17143653333187103 44
1698187643853 0.17222869396209717 45
1698187644148 0.16365307569503784 46
1698187644449 0.17019034922122955 47
1698187644768 0.16441090404987335 48
1698187645095 0.1777525246143341 49
