1698187630778 19.57038116455078 0
1698187631077 8.975592613220215 1
1698187631423 8.530649185180664 2
1698187631738 8.561738014221191 3
1698187632009 7.441195487976074 4
1698187632285 7.244679927825928 5
1698187632561 8.564934730529785 6
1698187632858 7.052611827850342 7
1698187633163 9.240036010742188 8
1698187633439 7.548645496368408 9
1698187633707 6.867349624633789 10
1698187633982 6.505210876464844 11
1698187634275 7.282196044921875 12
1698187634554 6.626504898071289 13
1698187634885 7.5235371589660645 14
1698187635199 6.897560119628906 15
1698187635473 7.131579875946045 16
1698187635766 7.482510089874268 17
1698187636049 6.159079551696777 18
1698187636331 6.4434380531311035 19
1698187636607 6.8569560050964355 20
1698187636905 6.889400959014893 21
1698187637171 6.436427593231201 22
1698187637453 6.802190780639648 23
1698187637731 6.416988849639893 24
1698187638014 6.787981033325195 25
1698187638295 6.768670082092285 26
1698187638580 7.413885116577148 27
1698187638889 8.03884506225586 28
1698187639168 6.9837117195129395 29
1698187639460 7.513537883758545 30
1698187639739 7.576716423034668 31
1698187640017 6.797935962677002 32
1698187640315 6.218192100524902 33
1698187640596 8.945545196533203 34
1698187640880 6.93107271194458 35
1698187641156 6.370438098907471 36
1698187641436 6.806655406951904 37
1698187641709 6.941476821899414 38
1698187642012 6.100654125213623 39
1698187642306 6.500527858734131 40
1698187642653 6.51632022857666 41
1698187642949 6.240910053253174 42
1698187643223 6.766373157501221 43
1698187643525 6.3409929275512695 44
1698187643853 6.250409126281738 45
1698187644148 6.414130687713623 46
1698187644449 6.280484199523926 47
1698187644768 6.223751068115234 48
1698187645095 6.691080570220947 49
