1698226746920 0.06281659007072449 0
1698226747183 0.020585114136338234 1
1698226747453 0.01606280915439129 2
1698226747729 0.012637295760214329 3
1698226747988 0.010932192206382751 4
1698226748263 0.009870577603578568 5
1698226748511 0.008284993469715118 6
1698226748770 0.007990946061909199 7
1698226749068 0.007298026699572802 8
1698226749334 0.00686566112563014 9
1698226749584 0.007051089312881231 10
1698226749852 0.006452145054936409 11
1698226750100 0.006199231371283531 12
1698226750365 0.00627747131511569 13
1698226750625 0.006072348449379206 14
1698226750876 0.006317813415080309 15
1698226751163 0.005500752478837967 16
1698226751426 0.005103966686874628 17
1698226751701 0.005375212989747524 18
1698226751983 0.005204502958804369 19
1698226752224 0.004788246471434832 20
1698226752498 0.004953841678798199 21
1698226752748 0.005452730227261782 22
1698226752991 0.005076234694570303 23
1698226753240 0.00432836078107357 24
1698226753520 0.004240880254656076 25
1698226753913 0.00488121435046196 26
1698226754198 0.004424478858709335 27
1698226754497 0.00447852024808526 28
1698226754779 0.004461733158677816 29
1698226755069 0.004445267841219902 30
1698226755385 0.004105499479919672 31
1698226755666 0.003964794799685478 32
1698226755966 0.0037598267663270235 33
1698226756289 0.00412532826885581 34
1698226756637 0.0038399563636630774 35
1698226756919 0.0036971496883779764 36
1698226757202 0.004191109444946051 37
1698226757475 0.0038317826110869646 38
1698226757783 0.00372508866712451 39
1698226758048 0.003839232260361314 40
1698226758323 0.0034042401239275932 41
1698226758605 0.0036159006413072348 42
1698226758888 0.0037471239920705557 43
1698226759203 0.0035253078676760197 44
1698226759486 0.0035005114041268826 45
1698226759759 0.003224222920835018 46
1698226760034 0.0036626446526497602 47
1698226760291 0.0034111652057617903 48
1698226760598 0.0032535886857658625 49
