1698173776885 0.00040017568971961737 0
1698173777291 5.6908753322204575e-05 1
1698173777656 5.2732106269104406e-05 2
1698173778006 5.919400427956134e-05 3
1698173778386 4.7924069804139435e-05 4
1698173778739 5.696537482435815e-05 5
1698173779092 4.760002775583416e-05 6
1698173779465 4.722254379885271e-05 7
1698173779815 4.5132223021937534e-05 8
1698173780167 4.8308171244570985e-05 9
1698173780551 4.575825369101949e-05 10
1698173780904 3.8576687074964866e-05 11
1698173781251 4.484648889047094e-05 12
1698173781640 5.128767224960029e-05 13
1698173781992 6.208598642842844e-05 14
1698173782367 4.664610605686903e-05 15
1698173782717 4.684233135776594e-05 16
1698173783075 5.897402297705412e-05 17
1698173783469 4.6065793867455795e-05 18
1698173783832 4.351081952336244e-05 19
1698173784246 5.4886557336431e-05 20
1698173784659 4.396497752168216e-05 21
1698173785078 3.801233833655715e-05 22
1698173785586 3.781743725994602e-05 23
1698173786013 3.859550633933395e-05 24
1698173786425 4.480693314690143e-05 25
1698173786858 4.5092729124007747e-05 26
1698173787243 4.5531032810686156e-05 27
1698173787806 4.326062844484113e-05 28
1698173788198 5.183299072086811e-05 29
1698173788643 4.1322353354189545e-05 30
1698173789025 4.389054811326787e-05 31
1698173789450 3.9414127968484536e-05 32
1698173789926 4.281648216419853e-05 33
1698173790279 4.1019535274244845e-05 34
1698173790661 4.857979001826607e-05 35
1698173791017 3.934125925297849e-05 36
1698173791373 4.9844591558212414e-05 37
1698173791742 4.9229136493522674e-05 38
1698173792096 4.528644785750657e-05 39
1698173792494 4.4708991481456906e-05 40
1698173792861 3.975895015173592e-05 41
1698173793262 4.723114034277387e-05 42
1698173793711 5.017334478907287e-05 43
1698173794288 3.5659937566379085e-05 44
1698173794694 4.3840678699780256e-05 45
1698173795071 3.884701436618343e-05 46
1698173795559 4.093937968718819e-05 47
1698173795943 4.683944644057192e-05 48
1698173796293 4.992451431462541e-05 49
