1698188123687 35937.765625 0
1698188123874 3681.1904296875 1
1698188124055 2720.534912109375 2
1698188124239 3124.67724609375 3
1698188124436 2909.105224609375 4
1698188124625 2391.62255859375 5
1698188124848 2263.168701171875 6
1698188125036 2338.250244140625 7
1698188125249 2569.38623046875 8
1698188125429 2221.81884765625 9
1698188125618 2026.393310546875 10
1698188125818 2530.49462890625 11
1698188126004 2226.0390625 12
1698188126188 1845.0382080078125 13
1698188126373 2008.733642578125 14
1698188126546 1954.8594970703125 15
1698188126743 2148.335693359375 16
1698188126924 1949.159912109375 17
1698188127136 1993.310302734375 18
1698188127314 1939.6488037109375 19
1698188127495 1682.3494873046875 20
1698188127683 1945.630615234375 21
1698188127866 1666.6981201171875 22
1698188128043 1822.7894287109375 23
1698188128228 1625.1214599609375 24
1698188128416 1891.98681640625 25
1698188128593 1858.8184814453125 26
1698188128779 1603.921875 27
1698188128967 1616.4595947265625 28
1698188129171 1475.0360107421875 29
1698188129362 1515.4453125 30
1698188129550 1907.313232421875 31
1698188129735 1510.3492431640625 32
1698188129922 1521.529052734375 33
1698188130126 1777.55517578125 34
1698188130317 1602.343017578125 35
1698188130504 1424.455322265625 36
1698188130691 1334.7998046875 37
1698188130869 1450.1375732421875 38
1698188131063 1553.078125 39
1698188131255 1524.6964111328125 40
1698188131442 1435.862548828125 41
1698188131625 1310.3983154296875 42
1698188131823 1447.2476806640625 43
1698188132014 1454.131103515625 44
1698188132264 1484.7601318359375 45
1698188132514 1596.2843017578125 46
1698188132730 1522.9190673828125 47
1698188132919 1452.1103515625 48
1698188133122 1417.2396240234375 49
