1698181495752 0.056989461183547974 0
1698181495855 0.02280913107097149 1
1698181495965 0.0063643064349889755 2
1698181496072 0.0013887499226257205 3
1698181496180 0.0013980407966300845 4
1698181496302 0.0012621190398931503 5
1698181496432 0.001329896622337401 6
1698181496555 0.001292107510380447 7
1698181496664 0.0012451038928702474 8
1698181496776 0.0010980834485962987 9
1698181496887 0.0011456593638285995 10
1698181496995 0.0012061225716024637 11
1698181497104 0.0013205267023295164 12
1698181497223 0.00120398064609617 13
1698181497351 0.0012366389855742455 14
1698181497476 0.0012463515158742666 15
1698181497586 0.0012385776499286294 16
1698181497705 0.0011941043194383383 17
1698181497814 0.0012214018497616053 18
1698181497931 0.001216401346027851 19
1698181498037 0.001173266558907926 20
1698181498145 0.001303945668041706 21
1698181498265 0.0012710491428151727 22
1698181498405 0.0011036285432055593 23
1698181498526 0.0010649289470165968 24
1698181498636 0.0011460428358986974 25
1698181498746 0.0011032758047804236 26
1698181498866 0.001040068338625133 27
1698181498974 0.001035973196849227 28
1698181499079 0.001230784342624247 29
1698181499208 0.0010430519469082355 30
1698181499416 0.0012597732711583376 31
1698181499601 0.0011884752893820405 32
1698181499733 0.0011540770065039396 33
1698181499856 0.000972736394032836 34
1698181499982 0.0010630112374201417 35
1698181500102 0.001143355038948357 36
1698181500214 0.0011067750165238976 37
1698181500337 0.0010905216913670301 38
1698181500480 0.001073711784556508 39
1698181500603 0.0011816637124866247 40
1698181500724 0.001237700809724629 41
1698181500841 0.0010615265928208828 42
1698181500966 0.0011266485089436173 43
1698181501091 0.001011948101222515 44
1698181501211 0.00096154521452263 45
1698181501340 0.0010689423652365804 46
1698181501493 0.0010419259779155254 47
1698181501669 0.000977506279014051 48
1698181501808 0.0010070664575323462 49
