1698181495752 9705.5908203125 0
1698181495855 89762.984375 1
1698181495965 66602.7265625 2
1698181496072 26108.482421875 3
1698181496180 35874.1875 4
1698181496302 73216.0546875 5
1698181496432 43488.6875 6
1698181496555 27311.484375 7
1698181496664 51903.3828125 8
1698181496776 13699.8779296875 9
1698181496887 61787.73046875 10
1698181496995 32397.00390625 11
1698181497104 37379.48046875 12
1698181497223 40050.3984375 13
1698181497351 42450.05859375 14
1698181497476 37382.3203125 15
1698181497586 39212.89453125 16
1698181497705 43528.99609375 17
1698181497814 27337.1328125 18
1698181497931 53075.21484375 19
1698181498037 33373.08984375 20
1698181498145 38118.63671875 21
1698181498265 28140.935546875 22
1698181498405 38672.19921875 23
1698181498526 28276.03125 24
1698181498636 30092.232421875 25
1698181498746 43972.1015625 26
1698181498866 30414.748046875 27
1698181498974 28087.724609375 28
1698181499079 30698.4921875 29
1698181499208 37484.91796875 30
1698181499416 23847.541015625 31
1698181499601 55547.6640625 32
1698181499733 31829.541015625 33
1698181499856 41705.49609375 34
1698181499982 34928.625 35
1698181500102 39819.83203125 36
1698181500214 23655.154296875 37
1698181500337 29290.345703125 38
1698181500480 35416.90625 39
1698181500603 49241.4765625 40
1698181500724 39091.83203125 41
1698181500841 43478.9609375 42
1698181500966 41411.44140625 43
1698181501091 44339.25 44
1698181501211 38473.4921875 45
1698181501340 44323.7109375 46
1698181501493 33106.29296875 47
1698181501669 35519.26171875 48
1698181501808 38184.1328125 49
