1698180095565 0.1485033482313156 0
1698180095731 0.029536062851548195 1
1698180095882 0.022890064865350723 2
1698180096026 0.021158551797270775 3
1698180096170 0.018532641232013702 4
1698180096318 0.017530446872115135 5
1698180096462 0.019380638375878334 6
1698180096609 0.01578805223107338 7
1698180096757 0.018778491765260696 8
1698180096918 0.016058973968029022 9
1698180097069 0.016954895108938217 10
1698180097213 0.01754121109843254 11
1698180097392 0.015324529260396957 12
1698180097555 0.017337415367364883 13
1698180097710 0.016329258680343628 14
1698180097857 0.013704528100788593 15
1698180098004 0.014815891161561012 16
1698180098154 0.01620616391301155 17
1698180098313 0.015635589137673378 18
1698180098463 0.015076655894517899 19
1698180098610 0.014406468719244003 20
1698180098756 0.014234078116714954 21
1698180098904 0.0151316924020648 22
1698180099051 0.0160371046513319 23
1698180099191 0.016958462074398994 24
1698180099330 0.010965456254780293 25
1698180099479 0.014974653720855713 26
1698180099629 0.014165111817419529 27
1698180099774 0.013188918121159077 28
1698180099932 0.013777785003185272 29
1698180100086 0.014218878000974655 30
1698180100236 0.012430443428456783 31
1698180100390 0.01162384357303381 32
1698180100542 0.01290294248610735 33
1698180100714 0.013594383373856544 34
1698180100865 0.01297710556536913 35
1698180101012 0.010744732804596424 36
1698180101174 0.011834884062409401 37
1698180101350 0.014015949331223965 38
1698180101530 0.013091675005853176 39
1698180101718 0.015572513453662395 40
1698180101874 0.015014208853244781 41
1698180102023 0.011072591878473759 42
1698180102205 0.010449985973536968 43
1698180102406 0.012431743554770947 44
1698180102567 0.01165610272437334 45
1698180102741 0.013804108835756779 46
1698180102914 0.0149863101541996 47
1698180103080 0.013253433629870415 48
1698180103269 0.012700374238193035 49
