1698172590511 33.451133728027344 0
1698172590963 12.9340181350708 1
1698172591209 11.36085033416748 2
1698172591433 10.767135620117188 3
1698172591671 11.02087116241455 4
1698172591902 9.764213562011719 5
1698172592147 9.975540161132812 6
1698172592361 9.877962112426758 7
1698172592601 9.779571533203125 8
1698172592968 9.259390830993652 9
1698172593214 9.466917991638184 10
1698172593419 8.941322326660156 11
1698172593632 8.756900787353516 12
1698172593884 9.14725112915039 13
1698172594090 9.24614429473877 14
1698172594319 9.165546417236328 15
1698172594547 8.761590957641602 16
1698172594877 8.384000778198242 17
1698172595197 8.898310661315918 18
1698172595408 9.035515785217285 19
1698172595664 8.718709945678711 20
1698172595878 8.722208023071289 21
1698172596124 8.569591522216797 22
1698172596363 8.38741683959961 23
1698172596639 8.67379093170166 24
1698172596968 8.283259391784668 25
1698172597212 8.555074691772461 26
1698172597426 8.181110382080078 27
1698172597655 8.26562786102295 28
1698172597883 8.40110969543457 29
1698172598131 8.333667755126953 30
1698172598467 8.020970344543457 31
1698172598702 7.938783168792725 32
1698172599026 8.03842830657959 33
1698172599421 8.132433891296387 34
1698172599768 8.4744873046875 35
1698172599972 7.985976696014404 36
1698172600248 8.114633560180664 37
1698172600473 7.970908164978027 38
1698172600689 8.06660270690918 39
1698172600910 7.909782409667969 40
1698172601138 7.824429988861084 41
1698172601496 7.97036600112915 42
1698172601714 7.59182071685791 43
1698172601955 7.530383586883545 44
1698172602185 8.139165878295898 45
1698172602438 7.744054794311523 46
1698172602665 7.3706560134887695 47
1698172602915 7.932581424713135 48
1698172603141 7.6715264320373535 49
