1698174776635 0.04532082378864288 0
1698174776833 0.012052768841385841 1
1698174777037 0.011595130898058414 2
1698174777306 0.008377083577215672 3
1698174777592 0.00857632141560316 4
1698174777797 0.009179037064313889 5
1698174777988 0.009567276574671268 6
1698174778176 0.008373459801077843 7
1698174778382 0.007271411828696728 8
1698174778572 0.007294470444321632 9
1698174778761 0.00755735719576478 10
1698174778949 0.006566926371306181 11
1698174779137 0.006340723484754562 12
1698174779358 0.006172210909426212 13
1698174779560 0.006969203241169453 14
1698174779751 0.00648892717435956 15
1698174779936 0.007158735767006874 16
1698174780119 0.005893715191632509 17
1698174780323 0.005820208694785833 18
1698174780518 0.006349913775920868 19
1698174780709 0.006289818789809942 20
1698174780903 0.005639856681227684 21
1698174781093 0.005283317994326353 22
1698174781271 0.005563671234995127 23
1698174781483 0.005579727236181498 24
1698174781684 0.00538881728425622 25
1698174781874 0.005104542709887028 26
1698174782066 0.00587838888168335 27
1698174782261 0.005591079127043486 28
1698174782455 0.005733876954764128 29
1698174782648 0.005799742881208658 30
1698174782834 0.004965445026755333 31
1698174783025 0.004773286171257496 32
1698174783228 0.005512520205229521 33
1698174783423 0.005770606454461813 34
1698174783605 0.005951934494078159 35
1698174783795 0.005354754626750946 36
1698174783975 0.006304421927779913 37
1698174784202 0.005388970021158457 38
1698174784387 0.00525705749168992 39
1698174784584 0.004704080522060394 40
1698174784814 0.005159859079867601 41
1698174785153 0.004662400111556053 42
1698174785354 0.005001743324100971 43
1698174785556 0.004650175105780363 44
1698174785820 0.004944745916873217 45
1698174786024 0.0053365654312074184 46
1698174786278 0.005160467233508825 47
1698174786601 0.0056329513899981976 48
1698174786832 0.005706797353923321 49
