1698187852475 25.21262550354004 0
1698187852791 9.958495140075684 1
1698187853112 9.229166030883789 2
1698187853454 9.234118461608887 3
1698187853784 7.92676305770874 4
1698187854104 8.110421180725098 5
1698187854444 7.816393852233887 6
1698187854766 7.332501411437988 7
1698187855077 8.359238624572754 8
1698187855421 8.242410659790039 9
1698187855743 7.619435787200928 10
1698187856063 7.997792720794678 11
1698187856408 7.315615653991699 12
1698187856727 7.634381294250488 13
1698187857045 7.976630687713623 14
1698187857374 7.368391036987305 15
1698187857698 7.7867536544799805 16
1698187858016 7.071542739868164 17
1698187858351 7.041306972503662 18
1698187858670 7.370023250579834 19
1698187858991 7.459359169006348 20
1698187859335 6.9610795974731445 21
1698187859663 7.806149482727051 22
1698187859982 6.874744892120361 23
1698187860308 7.320089817047119 24
1698187860631 6.914308071136475 25
1698187860948 6.829973220825195 26
1698187861279 6.767697811126709 27
1698187861599 7.1302714347839355 28
1698187861927 6.263433456420898 29
1698187862278 7.213691711425781 30
1698187862603 6.959980487823486 31
1698187862919 7.079505443572998 32
1698187863265 7.522655487060547 33
1698187863670 7.2798237800598145 34
1698187864057 6.890635013580322 35
1698187864399 6.758075714111328 36
1698187864719 8.232609748840332 37
1698187865121 6.832528591156006 38
1698187865500 6.392967700958252 39
1698187865841 6.960891246795654 40
1698187866190 6.55722188949585 41
1698187866590 6.392148017883301 42
1698187866943 6.470810413360596 43
1698187867285 6.471792697906494 44
1698187867686 6.389125347137451 45
1698187868062 6.462179660797119 46
1698187868393 6.74955415725708 47
1698187868711 7.255499839782715 48
1698187869027 6.242995262145996 49
