1698176681920 0.07715464383363724 0
1698176682110 0.006843536160886288 1
1698176682299 0.005263671278953552 2
1698176682501 0.004548023920506239 3
1698176682680 0.004542602226138115 4
1698176682886 0.004241141490638256 5
1698176683121 0.004069247283041477 6
1698176683317 0.00396530469879508 7
1698176683500 0.003955290652811527 8
1698176683674 0.00378325954079628 9
1698176683841 0.003523455699905753 10
1698176684016 0.003424745285883546 11
1698176684191 0.0037475614808499813 12
1698176684409 0.0034735226072371006 13
1698176684579 0.00331857125274837 14
1698176684759 0.003331115236505866 15
1698176684932 0.0031963696237653494 16
1698176685196 0.003212909447029233 17
1698176685443 0.0033721094951033592 18
1698176685633 0.0031183792743831873 19
1698176685809 0.0031736756209284067 20
1698176685986 0.003465719288215041 21
1698176686171 0.0033508194610476494 22
1698176686398 0.0031127703841775656 23
1698176686627 0.0027859064284712076 24
1698176686816 0.0031589746940881014 25
1698176687021 0.0030943851452320814 26
1698176687294 0.0028259747195988894 27
1698176687757 0.0027011355850845575 28
1698176687952 0.002669375156983733 29
1698176688114 0.003060505958274007 30
1698176688264 0.002769815269857645 31
1698176688419 0.002958341035991907 32
1698176688604 0.002944688545539975 33
1698176688767 0.0026710540987551212 34
1698176688939 0.0026372040156275034 35
1698176689104 0.0027171322144567966 36
1698176689267 0.0029578390531241894 37
1698176689436 0.0025862175971269608 38
1698176689622 0.0024927197955548763 39
1698176689785 0.0024614918511360884 40
1698176689946 0.002673572627827525 41
1698176690105 0.0025662528350949287 42
1698176690255 0.0022820003796368837 43
1698176690410 0.0026162159629166126 44
1698176690592 0.00240431260317564 45
1698176690775 0.002528924262151122 46
1698176690974 0.0025856648571789265 47
1698176691140 0.0024444465525448322 48
1698176691298 0.002323674038052559 49
