1698168882997 53.205406188964844 0
1698168883203 25.15854835510254 1
1698168883444 21.030893325805664 2
1698168883706 18.3702335357666 3
1698168883881 16.691150665283203 4
1698168884096 15.249056816101074 5
1698168884272 14.558115005493164 6
1698168884464 13.708098411560059 7
1698168884666 13.782573699951172 8
1698168884844 13.679727554321289 9
1698168885033 13.811025619506836 10
1698168885266 13.506772994995117 11
1698168885550 13.316915512084961 12
1698168885771 13.342251777648926 13
1698168886033 13.397329330444336 14
1698168886212 13.257949829101562 15
1698168886439 13.021526336669922 16
1698168886640 12.986928939819336 17
1698168886848 12.725521087646484 18
1698168887054 12.660318374633789 19
1698168887241 12.60244083404541 20
1698168887417 12.456151962280273 21
1698168887618 12.519609451293945 22
1698168887842 12.448195457458496 23
1698168888112 12.187579154968262 24
1698168888315 11.98514175415039 25
1698168888531 12.084405899047852 26
1698168888758 12.038713455200195 27
1698168888958 11.994806289672852 28
1698168889175 11.81198787689209 29
1698168889408 11.832128524780273 30
1698168889644 11.86640453338623 31
1698168889921 11.818218231201172 32
1698168890169 11.59991455078125 33
1698168890442 11.50325870513916 34
1698168890680 11.695645332336426 35
1698168890972 11.672300338745117 36
1698168891192 11.491697311401367 37
1698168891399 11.530508995056152 38
1698168891712 11.262380599975586 39
1698168891933 11.269338607788086 40
1698168892162 11.338614463806152 41
1698168892370 11.409890174865723 42
1698168892555 11.381109237670898 43
1698168892772 11.458962440490723 44
1698168892964 11.38192367553711 45
1698168893203 11.439230918884277 46
1698168893409 11.3985595703125 47
1698168893594 11.429132461547852 48
1698168893795 11.174903869628906 49
