1698167367690 0.09043985605239868 0
1698167368151 0.016614269465208054 1
1698167368580 0.011306342668831348 2
1698167369142 0.010856837034225464 3
1698167369561 0.00983565952628851 4
1698167370030 0.009947105310857296 5
1698167370513 0.008784416131675243 6
1698167370945 0.009749799966812134 7
1698167371517 0.009017089381814003 8
1698167371876 0.00945967622101307 9
1698167372263 0.009119026362895966 10
1698167372768 0.00891141127794981 11
1698167373114 0.00930377934128046 12
1698167373480 0.00902141910046339 13
1698167374023 0.008358245715498924 14
1698167374475 0.008149110712110996 15
1698167374883 0.008101645857095718 16
1698167375340 0.008168874308466911 17
1698167375790 0.008117426186800003 18
1698167376147 0.0077250441536307335 19
1698167376551 0.008138542994856834 20
1698167376951 0.007863427512347698 21
1698167377394 0.007985108532011509 22
1698167377776 0.008442006073892117 23
1698167378233 0.007997251115739346 24
1698167378613 0.008028175681829453 25
1698167379091 0.008189011365175247 26
1698167379577 0.007827278226613998 27
1698167380051 0.007477056235074997 28
1698167380426 0.007531230337917805 29
1698167380837 0.007635229267179966 30
1698167381227 0.007606389932334423 31
1698167381685 0.007510685361921787 32
1698167382124 0.007725589908659458 33
1698167382527 0.007594813592731953 34
1698167383030 0.007536964025348425 35
1698167383571 0.007521979045122862 36
1698167384134 0.007555291522294283 37
1698167384506 0.007384932599961758 38
1698167385085 0.00753473024815321 39
1698167385765 0.007252413779497147 40
1698167386310 0.007071744650602341 41
1698167386820 0.0070270090363919735 42
1698167387349 0.007513493299484253 43
1698167387833 0.006960444152355194 44
1698167388330 0.006877654232084751 45
1698167388785 0.007289438508450985 46
1698167389218 0.007250182330608368 47
1698167389642 0.007027922198176384 48
1698167390328 0.006875110790133476 49
