1698181160461 7237.51220703125 0
1698181160648 44021.57421875 1
1698181160822 45382.0390625 2
1698181161011 44607.19921875 3
1698181161214 46941.02734375 4
1698181161398 30043.40234375 5
1698181161579 5972.87353515625 6
1698181161764 2030.9544677734375 7
1698181161945 40943.07421875 8
1698181162134 28134.51171875 9
1698181162337 1274.2467041015625 10
1698181162521 15606.77734375 11
1698181162703 34466.8046875 12
1698181162885 7129.11083984375 13
1698181163079 5043.25 14
1698181163278 13500.9423828125 15
1698181163461 4070.177490234375 16
1698181163646 3211.16162109375 17
1698181163833 17723.830078125 18
1698181164029 13557.60546875 19
1698181164225 5391.3857421875 20
1698181164409 1609.962646484375 21
1698181164594 1012.8186645507812 22
1698181164766 8008.75341796875 23
1698181164961 3158.381103515625 24
1698181165163 5877.2626953125 25
1698181165351 12813.04296875 26
1698181165533 7723.46142578125 27
1698181165708 10145.1611328125 28
1698181165897 15235.453125 29
1698181166089 4943.92041015625 30
1698181166323 9740.9326171875 31
1698181166542 15908.740234375 32
1698181166750 19153.892578125 33
1698181166933 19414.693359375 34
1698181167120 3395.748291015625 35
1698181167380 7005.50537109375 36
1698181167584 12221.7685546875 37
1698181167778 16514.33984375 38
1698181168023 9520.125 39
1698181168276 13331.646484375 40
1698181168491 16188.736328125 41
1698181168679 657.45556640625 42
1698181168866 11769.4296875 43
1698181169062 3481.438232421875 44
