1698182063148 0.051995549350976944 0
1698182063239 0.009612860158085823 1
1698182063332 0.00920063816010952 2
1698182063430 0.008386625908315182 3
1698182063545 0.008504142053425312 4
1698182063649 0.00802667811512947 5
1698182063747 0.008173283189535141 6
1698182063848 0.008122791536152363 7
1698182063950 0.00743347592651844 8
1698182064046 0.0073280055075883865 9
1698182064143 0.007819854654371738 10
1698182064244 0.007265547290444374 11
1698182064347 0.007540535647422075 12
1698182064445 0.007095898035913706 13
1698182064545 0.006346919108182192 14
1698182064659 0.007134777493774891 15
1698182064767 0.0069423457607626915 16
1698182064866 0.006744567304849625 17
1698182064966 0.00692772027105093 18
1698182065069 0.00603911280632019 19
1698182065173 0.006719992961734533 20
1698182065277 0.007035214453935623 21
1698182065376 0.00678973738104105 22
1698182065480 0.006495966110378504 23
1698182065605 0.007140186615288258 24
1698182065726 0.007979314774274826 25
1698182065827 0.006210964173078537 26
1698182065931 0.006628627423197031 27
1698182066043 0.006265176925808191 28
1698182066189 0.006263944320380688 29
1698182066336 0.006482676137238741 30
1698182066456 0.005981409456580877 31
1698182066562 0.006280227098613977 32
1698182066700 0.0062774959951639175 33
1698182066812 0.0060143801383674145 34
1698182066935 0.006539290305227041 35
1698182067052 0.006384106818586588 36
1698182067200 0.005818973295390606 37
1698182067317 0.006480194162577391 38
1698182067428 0.0070978677831590176 39
1698182067542 0.006592938676476479 40
1698182067664 0.006483807694166899 41
1698182067780 0.006194216199219227 42
1698182067889 0.0069417934864759445 43
1698182068001 0.006574997678399086 44
1698182068125 0.005933638196438551 45
1698182068241 0.006446770392358303 46
1698182068362 0.005595665890723467 47
1698182068466 0.006271544843912125 48
1698182068571 0.005630776286125183 49
