1698182063148 16.8779354095459 0
1698182063239 7.783495903015137 1
1698182063332 7.1263251304626465 2
1698182063430 7.145349502563477 3
1698182063545 6.895617961883545 4
1698182063649 6.78432559967041 5
1698182063747 6.744513511657715 6
1698182063848 6.435570240020752 7
1698182063950 6.47839879989624 8
1698182064046 6.374765872955322 9
1698182064143 6.445099353790283 10
1698182064244 6.217036724090576 11
1698182064347 6.546731472015381 12
1698182064445 6.391404151916504 13
1698182064545 6.2563886642456055 14
1698182064659 6.1806111335754395 15
1698182064767 6.131051540374756 16
1698182064866 6.204766273498535 17
1698182064966 6.160760879516602 18
1698182065069 6.023122310638428 19
1698182065173 5.917239189147949 20
1698182065277 6.190678596496582 21
1698182065376 6.156864643096924 22
1698182065480 5.96373987197876 23
1698182065605 5.995664119720459 24
1698182065726 7.096555709838867 25
1698182065827 5.881509304046631 26
1698182065931 5.8092780113220215 27
1698182066043 5.62208890914917 28
1698182066189 5.626784801483154 29
1698182066336 5.744598388671875 30
1698182066456 5.882224082946777 31
1698182066562 5.492120265960693 32
1698182066700 5.633829116821289 33
1698182066812 5.555636882781982 34
1698182066935 5.92561674118042 35
1698182067052 5.5840044021606445 36
1698182067200 5.6167893409729 37
1698182067317 6.0607757568359375 38
1698182067428 6.431222438812256 39
1698182067542 5.756144046783447 40
1698182067664 5.847788333892822 41
1698182067780 5.838071346282959 42
1698182067889 6.262469291687012 43
1698182068001 5.742402076721191 44
1698182068125 5.555639743804932 45
1698182068241 5.604780197143555 46
1698182068362 5.515873432159424 47
1698182068466 5.509702682495117 48
1698182068571 5.375387191772461 49
