1698157595667 0.04808758199214935 0
1698157597409 0.02037423476576805 1
1698157599350 0.013428445905447006 2
1698157601034 0.010046470910310745 3
1698157602694 0.007583435624837875 4
1698157604394 0.006341138854622841 5
1698157606385 0.005459215492010117 6
1698157608170 0.004900104831904173 7
1698157609726 0.0047853849828243256 8
1698157611307 0.004766223020851612 9
1698157612916 0.004795901011675596 10
1698157614462 0.004591896198689938 11
1698157616217 0.00444783503189683 12
1698157617946 0.0044020069763064384 13
