1698182136098 0.1514393538236618 0
1698182136237 0.010841291397809982 1
1698182136401 0.010913806036114693 2
1698182136540 0.009923126548528671 3
1698182136671 0.008614846505224705 4
1698182136810 0.010529756546020508 5
1698182136958 0.008860275149345398 6
1698182137091 0.0083362041041255 7
1698182137219 0.008280000649392605 8
1698182137362 0.008071063086390495 9
1698182137491 0.008448784239590168 10
1698182137633 0.008848205208778381 11
1698182137773 0.00828899722546339 12
1698182137989 0.008886969648301601 13
1698182138122 0.008512687869369984 14
1698182138245 0.007558254059404135 15
1698182138388 0.007764060981571674 16
1698182138521 0.007791168987751007 17
1698182138650 0.007862471044063568 18
1698182138779 0.008388649672269821 19
1698182138894 0.007778450846672058 20
1698182139010 0.0074366191402077675 21
1698182139133 0.008073510602116585 22
1698182139263 0.006972290109843016 23
1698182139416 0.0077568222768604755 24
1698182139538 0.007767757400870323 25
1698182139661 0.008134591393172741 26
1698182139772 0.009345153346657753 27
1698182139885 0.007060573436319828 28
1698182140007 0.00665063364431262 29
1698182140115 0.007891337387263775 30
1698182140237 0.006607911549508572 31
1698182140367 0.007511553820222616 32
1698182140499 0.007306293118745089 33
1698182140627 0.007030553184449673 34
1698182140746 0.0075717950239777565 35
1698182140869 0.007523534819483757 36
1698182140979 0.007143228780478239 37
1698182141104 0.008329397067427635 38
1698182141229 0.0074636624194681644 39
1698182141376 0.0074741723947227 40
1698182141498 0.0072986832819879055 41
1698182141617 0.006680450867861509 42
1698182141734 0.007451108656823635 43
1698182141848 0.006480726413428783 44
1698182141972 0.007033560425043106 45
1698182142081 0.006659881677478552 46
1698182142208 0.007002077531069517 47
1698182142333 0.006898685824126005 48
1698182142470 0.006921508349478245 49
