1698182136098 27.81332015991211 0
1698182136237 8.81949234008789 1
1698182136401 7.6284565925598145 2
1698182136540 7.769433498382568 3
1698182136671 7.230611801147461 4
1698182136810 7.507498264312744 5
1698182136958 7.225864410400391 6
1698182137091 7.1759185791015625 7
1698182137219 6.909498691558838 8
1698182137362 6.762275218963623 9
1698182137491 6.756505966186523 10
1698182137633 7.096454620361328 11
1698182137773 7.041786193847656 12
1698182137989 7.030758857727051 13
1698182138122 6.751302242279053 14
1698182138245 6.5591912269592285 15
1698182138388 6.629756450653076 16
1698182138521 6.613583087921143 17
1698182138650 6.57598352432251 18
1698182138779 6.9506707191467285 19
1698182138894 6.392537593841553 20
1698182139010 6.5079240798950195 21
1698182139133 6.554225921630859 22
1698182139263 6.124062538146973 23
1698182139416 6.8923163414001465 24
1698182139538 6.608083724975586 25
1698182139661 6.704864978790283 26
1698182139772 7.876370906829834 27
1698182139885 6.339819431304932 28
1698182140007 6.152294635772705 29
1698182140115 6.242146968841553 30
1698182140237 5.983992576599121 31
1698182140367 6.533040523529053 32
1698182140499 6.421212196350098 33
1698182140627 5.884124279022217 34
1698182140746 6.692751407623291 35
1698182140869 6.354875564575195 36
1698182140979 6.193800926208496 37
1698182141104 6.823349475860596 38
1698182141229 6.43097448348999 39
1698182141376 6.512697696685791 40
1698182141498 6.353626251220703 41
1698182141617 6.058347702026367 42
1698182141734 6.506153106689453 43
1698182141848 5.824888706207275 44
1698182141972 6.225528240203857 45
1698182142081 6.183727264404297 46
1698182142208 6.091188430786133 47
1698182142333 5.8691182136535645 48
1698182142470 5.816147804260254 49
