1698178762586 0.03829826042056084 0
1698178762728 0.002298580249771476 1
1698178762858 0.002073266776278615 2
1698178762976 0.0018084729090332985 3
1698178763103 0.0018899652641266584 4
1698178763254 0.001297726179473102 5
1698178763389 0.0014374980237334967 6
1698178763525 0.0013499684864655137 7
1698178763664 0.0014194819377735257 8
1698178763792 0.0011654947884380817 9
1698178763917 0.0011494002537801862 10
1698178764047 0.0012869331985712051 11
1698178764174 0.0011388357961550355 12
1698178764311 0.0013609057059511542 13
1698178764448 0.001541100675240159 14
1698178764578 0.0012160607147961855 15
1698178764732 0.001137400045990944 16
1698178764865 0.0012106483336538076 17
1698178764997 0.0015230952994897962 18
1698178765160 0.0011499773245304823 19
1698178765309 0.0011967143509536982 20
1698178765439 0.0011043660342693329 21
1698178765576 0.0012668303679674864 22
1698178765741 0.0012093441328033805 23
1698178765899 0.0009780054679140449 24
1698178766055 0.0011853580363094807 25
1698178766192 0.001111002522520721 26
1698178766326 0.0009351118933409452 27
1698178766461 0.0009597146417945623 28
1698178766593 0.00114507379475981 29
1698178766750 0.0012936480343341827 30
1698178766872 0.0010017398744821548 31
1698178766997 0.0009762176778167486 32
1698178767132 0.0010722489096224308 33
1698178767269 0.0011007196735590696 34
1698178767438 0.0012007055338472128 35
1698178767580 0.0010594537016004324 36
1698178767714 0.0012117342557758093 37
1698178767847 0.0009468525531701744 38
1698178767980 0.0008985812310129404 39
1698178768126 0.0009978758171200752 40
1698178768267 0.0008782144286669791 41
1698178768405 0.0009516629506833851 42
1698178768543 0.0010870764963328838 43
1698178768685 0.0010003000497817993 44
1698178768821 0.001074796775355935 45
1698178768959 0.0008663615444675088 46
1698178769086 0.0010677552781999111 47
1698178769210 0.0009326069848611951 48
1698178769341 0.0008567741024307907 49
