1698183882209 0.018644917756319046 0
1698183882353 0.004747788887470961 1
1698183882497 0.002886406145989895 2
1698183882637 0.002501114970073104 3
1698183882781 0.0021676067262887955 4
1698183882949 0.0018309153383597732 5
1698183883105 0.0022692950442433357 6
1698183883266 0.0018584545468911529 7
1698183883424 0.0019024164648726583 8
1698183883574 0.0016759508289396763 9
1698183883727 0.0017870989395305514 10
1698183883883 0.0017397115007042885 11
1698183884034 0.0017574449302628636 12
1698183884193 0.0015082171885296702 13
1698183884382 0.0016071347054094076 14
1698183884586 0.0013901968486607075 15
1698183884754 0.0016205341089516878 16
1698183884919 0.001352490857243538 17
1698183885085 0.0015331933973357081 18
1698183885263 0.0013405305799096823 19
1698183885433 0.0014118225080892444 20
1698183885619 0.0013338301796466112 21
1698183885827 0.0011520970147103071 22
1698183886028 0.0012965397909283638 23
1698183886221 0.001386297051794827 24
1698183886374 0.0012911336962133646 25
1698183886529 0.0011642281897366047 26
1698183886688 0.001309921033680439 27
1698183886834 0.0013207744341343641 28
1698183887009 0.001190986018627882 29
1698183887162 0.0013271915959194303 30
1698183887316 0.0014462569961324334 31
1698183887462 0.0012562520569190383 32
1698183887607 0.001281089847907424 33
1698183887779 0.0011596704134717584 34
1698183887942 0.0012545433128252625 35
1698183888097 0.0010127844288945198 36
1698183888251 0.0012830933555960655 37
1698183888405 0.00109634839463979 38
1698183888558 0.0012354443315416574 39
1698183888714 0.0010802923934534192 40
1698183888871 0.00110726582352072 41
1698183889049 0.0010795654961839318 42
1698183889207 0.0009750542230904102 43
1698183889361 0.0010501755168661475 44
1698183889529 0.000990958884358406 45
1698183889680 0.0011724545620381832 46
1698183889833 0.0009916338603943586 47
1698183889978 0.0011048646410927176 48
1698183890136 0.0011792888399213552 49
