1698183371744 80.12238311767578 0
1698183371971 25.055509567260742 1
1698183372200 13.326677322387695 2
1698183372436 12.071824073791504 3
1698183372671 11.584624290466309 4
1698183372916 11.609890937805176 5
1698183373177 11.607870101928711 6
1698183373415 11.355159759521484 7
1698183373653 11.048136711120605 8
1698183373891 11.013127326965332 9
1698183374127 10.540631294250488 10
1698183374365 10.295151710510254 11
1698183374615 10.258522033691406 12
1698183374979 10.389073371887207 13
1698183375224 10.044775009155273 14
1698183375480 9.97596549987793 15
1698183375738 9.718927383422852 16
1698183375987 9.672486305236816 17
1698183376223 9.797066688537598 18
1698183376474 9.302947044372559 19
1698183376742 9.642674446105957 20
1698183377041 9.530007362365723 21
1698183377321 9.262964248657227 22
1698183377599 9.234341621398926 23
1698183377908 9.512484550476074 24
1698183378250 9.158537864685059 25
1698183378586 8.837576866149902 26
1698183378825 9.064725875854492 27
1698183379065 9.656988143920898 28
1698183379308 8.859963417053223 29
1698183379551 8.86948299407959 30
1698183379790 9.140881538391113 31
1698183380051 8.797480583190918 32
1698183380292 8.515588760375977 33
1698183380540 8.658652305603027 34
1698183380789 8.928464889526367 35
1698183381069 9.78744125366211 36
1698183381309 8.960716247558594 37
1698183381571 8.415704727172852 38
1698183381828 8.628568649291992 39
1698183382092 8.529685974121094 40
1698183382347 8.050862312316895 41
1698183382588 8.318613052368164 42
1698183382826 8.594060897827148 43
1698183383055 8.46388053894043 44
1698183383300 8.703058242797852 45
1698183383544 8.326098442077637 46
1698183383823 8.332012176513672 47
1698183384082 8.360078811645508 48
1698183384324 8.002527236938477 49
