1698187303990 24.042137145996094 0
1698187304118 7.264276027679443 1
1698187304261 7.381016254425049 2
1698187304380 6.810863971710205 3
1698187304507 6.877512454986572 4
1698187304643 6.599052429199219 5
1698187304793 7.204477310180664 6
1698187304971 6.5321526527404785 7
1698187305146 6.451534748077393 8
1698187305309 6.831801414489746 9
1698187305454 6.649193286895752 10
1698187305605 6.3071136474609375 11
1698187305739 6.302482604980469 12
1698187305891 6.942304611206055 13
1698187306033 5.908858299255371 14
1698187306201 6.695390701293945 15
1698187306444 6.247627258300781 16
1698187306592 6.394834995269775 17
1698187306754 6.494800090789795 18
1698187306933 6.395532608032227 19
1698187307082 6.346584796905518 20
1698187307213 5.805758476257324 21
1698187307332 6.279621601104736 22
1698187307460 6.340860366821289 23
1698187307596 6.141718864440918 24
1698187307719 6.688589572906494 25
1698187307847 6.593466281890869 26
1698187307975 6.048771858215332 27
1698187308106 6.00156831741333 28
1698187308241 6.14835786819458 29
1698187308372 5.683326244354248 30
1698187308499 6.214100360870361 31
1698187308627 5.942338943481445 32
1698187308756 6.610763072967529 33
1698187308885 6.380248546600342 34
1698187309014 5.922596454620361 35
1698187309145 6.225688457489014 36
1698187309301 5.726775169372559 37
1698187309419 5.99503231048584 38
1698187309539 6.143165588378906 39
1698187309658 5.947177410125732 40
1698187309777 5.869659900665283 41
1698187309906 6.296816825866699 42
1698187310041 6.347517967224121 43
1698187310173 5.976809024810791 44
1698187310322 6.138040542602539 45
1698187310453 5.89779806137085 46
1698187310581 6.653226852416992 47
1698187310710 5.809136390686035 48
1698187310840 5.767532825469971 49
