1698188394298 0.02296488732099533 0
1698188394517 0.0018243608064949512 1
1698188394733 0.001516807940788567 2
1698188395039 0.0014014061307534575 3
1698188395250 0.0012556174769997597 4
1698188395481 0.0012777732918038964 5
1698188395692 0.0014668189687654376 6
1698188395899 0.0015590828843414783 7
1698188396105 0.0010910313576459885 8
1698188396306 0.0014053038321435452 9
1698188396540 0.0013714807573705912 10
1698188396747 0.0011578815756365657 11
1698188396948 0.0012292583705857396 12
1698188397157 0.0012435887474566698 13
1698188397369 0.0012369140749797225 14
1698188397604 0.0013641254045069218 15
1698188397815 0.0012576174922287464 16
1698188398022 0.0012703008251264691 17
1698188398225 0.0011945096775889397 18
1698188398424 0.001148519921116531 19
1698188398638 0.0010635214857757092 20
1698188398848 0.0009613970178179443 21
1698188399057 0.000996016780845821 22
1698188399258 0.0010981712257489562 23
1698188399458 0.0009448809432797134 24
1698188399682 0.001009708154015243 25
1698188399887 0.0009558825986459851 26
1698188400098 0.001031850348226726 27
1698188400296 0.0011689062230288982 28
1698188400526 0.0010362446773797274 29
1698188400738 0.0010675379307940602 30
1698188400943 0.000840835680719465 31
1698188401177 0.0008659271406941116 32
1698188401374 0.0008719339384697378 33
1698188401588 0.0009252718300558627 34
1698188401797 0.0009581059566698968 35
1698188402001 0.0009607448591850698 36
1698188402198 0.0008173902169801295 37
1698188402401 0.0008549520280212164 38
1698188402629 0.0008734079310670495 39
1698188402860 0.000979770440608263 40
1698188403064 0.0008516437374055386 41
1698188403284 0.0008606869960203767 42
1698188403487 0.0008669268572703004 43
1698188403709 0.001053150394000113 44
1698188403912 0.0009605741943232715 45
1698188404121 0.0012209051055833697 46
1698188404342 0.0008481334079988301 47
1698188404580 0.0008762826910242438 48
1698188404839 0.0007509539718739688 49
