1698175661605 0.04382060468196869 0
1698175661958 0.014182383194565773 1
1698175662272 0.01470984611660242 2
1698175662607 0.012549856677651405 3
1698175662912 0.01102002989500761 4
1698175663230 0.00943918339908123 5
1698175663565 0.010086346417665482 6
1698175663872 0.009580809623003006 7
1698175664194 0.009672724641859531 8
1698175664511 0.008810685947537422 9
1698175664818 0.006738739088177681 10
1698175665129 0.008669570088386536 11
1698175665458 0.007978677749633789 12
1698175665773 0.010256647132337093 13
1698175666082 0.008869239129126072 14
1698175666392 0.008300401270389557 15
1698175666711 0.009907308965921402 16
1698175667035 0.008119010366499424 17
1698175667379 0.0088304802775383 18
1698175667680 0.010477396659553051 19
1698175667990 0.006789462640881538 20
1698175668303 0.00920830573886633 21
1698175668621 0.006369190756231546 22
1698175668937 0.007329914253205061 23
1698175669329 0.007827997207641602 24
1698175669744 0.008007261902093887 25
1698175670142 0.007055991794914007 26
1698175670614 0.007220862433314323 27
1698175671011 0.006906883325427771 28
1698175671485 0.006685947068035603 29
1698175671901 0.008129776455461979 30
1698175672405 0.009110337123274803 31
1698175672813 0.00939942430704832 32
1698175673172 0.008470188826322556 33
1698175673568 0.010538077913224697 34
1698175673922 0.006615661084651947 35
1698175674493 0.0062391324900090694 36
1698175674926 0.008411011658608913 37
1698175675504 0.007083341479301453 38
1698175676101 0.009687916375696659 39
1698175676538 0.007237963378429413 40
1698175677036 0.006276316475123167 41
1698175677350 0.006060311570763588 42
1698175677716 0.007208859547972679 43
1698175678034 0.00703088566660881 44
1698175678375 0.007563365623354912 45
1698175678713 0.0072582862339913845 46
1698175679058 0.00694770272821188 47
1698175679439 0.007626602426171303 48
1698175679828 0.00863869022578001 49
