1698149031756 0.038366928696632385 0
1698149033638 0.01819232478737831 1
1698149035466 0.014824381098151207 2
1698149037255 0.01251996960490942 3
1698149039113 0.011133032850921154 4
1698149040915 0.010361691005527973 5
1698149042716 0.009843852370977402 6
1698149044466 0.009531528688967228 7
1698149046333 0.008919385261833668 8
1698149048201 0.008753681555390358 9
1698149049944 0.008635526522994041 10
1698149051973 0.008330759592354298 11
1698149053741 0.008344926871359348 12
1698149055523 0.008099951781332493 13
1698149057329 0.008396385237574577 14
1698149059228 0.008272908627986908 15
1698149061053 0.007871457375586033 16
1698149062846 0.007824976928532124 17
1698149064682 0.007961774244904518 18
1698149066496 0.007804722059518099 19
1698149068297 0.00779798673465848 20
1698149070095 0.007660225033760071 21
1698149072224 0.007754480000585318 22
1698149074014 0.007954957894980907 23
1698149075831 0.007932907901704311 24
1698149077779 0.008098972961306572 25
1698149079682 0.007677842862904072 26
