1698149031756 171721.15625 0
1698149033638 130728.796875 1
1698149035466 130913.875 2
1698149037255 87509.8125 3
1698149039113 123147.078125 4
1698149040915 105672.7265625 5
1698149042716 104367.9375 6
1698149044466 113102.7890625 7
1698149046333 87666.78125 8
1698149048201 95712.9140625 9
1698149049944 107084.2890625 10
1698149051973 106848.8359375 11
1698149053741 90090.3828125 12
1698149055523 96741.4921875 13
1698149057329 94807.28125 14
1698149059228 102054.8671875 15
1698149061053 89258.359375 16
1698149062846 97365.390625 17
1698149064682 95494.3828125 18
1698149066496 84832.265625 19
1698149068297 88969.1328125 20
1698149070095 91145.640625 21
1698149072224 92428.8125 22
1698149074014 94336.09375 23
1698149075831 81333.546875 24
1698149077779 86006.078125 25
1698149079682 82047.015625 26
