1698157141572 93.66974639892578 0
1698157142475 67.87284088134766 1
1698157143788 59.444618225097656 2
1698157144785 55.293212890625 3
1698157145761 49.69425964355469 4
1698157146889 42.714149475097656 5
1698157148004 36.69554901123047 6
1698157148986 35.00843048095703 7
1698157149917 34.75215148925781 8
1698157150849 33.655479431152344 9
1698157151757 31.14752960205078 10
1698157152833 31.413509368896484 11
1698157153804 29.747787475585938 12
1698157154931 28.741525650024414 13
1698157156311 28.31415367126465 14
1698157157539 27.03299903869629 15
1698157158764 25.735065460205078 16
1698157160132 24.99396324157715 17
1698157161494 24.974164962768555 18
1698157162936 23.54698371887207 19
1698157163947 23.369997024536133 20
1698157164925 22.586156845092773 21
1698157165953 22.102182388305664 22
1698157166938 21.847618103027344 23
1698157168142 21.235177993774414 24
1698157169548 21.225309371948242 25
1698157171790 20.722732543945312 26
1698157173948 20.150009155273438 27
1698157175640 19.936769485473633 28
1698157177319 19.779808044433594 29
1698157178223 19.106182098388672 30
1698157179175 18.6767635345459 31
1698157180027 18.644641876220703 32
1698157180960 18.399925231933594 33
1698157181907 18.204570770263672 34
1698157182977 18.525583267211914 35
1698157184144 17.872596740722656 36
1698157185029 18.19720458984375 37
