1698174612307 0.04781084507703781 0
1698174612607 0.01465892419219017 1
1698174612889 0.012020249851047993 2
1698174613257 0.01087384857237339 3
1698174613534 0.010651885531842709 4
1698174613814 0.013097411952912807 5
1698174614153 0.009491004049777985 6
1698174614532 0.009941525757312775 7
1698174614980 0.012601276859641075 8
1698174615377 0.009265766479074955 9
1698174615686 0.008677546866238117 10
1698174615983 0.009154701605439186 11
1698174616348 0.011062171310186386 12
1698174616715 0.009837298654019833 13
1698174617009 0.009424922056496143 14
1698174617310 0.009681830182671547 15
1698174617596 0.00786133948713541 16
1698174617875 0.00816338136792183 17
1698174618226 0.007330028805881739 18
1698174618653 0.007437997497618198 19
1698174618925 0.007737694773823023 20
1698174619235 0.007314962334930897 21
1698174619497 0.006544934120029211 22
1698174619787 0.008720575831830502 23
1698174620218 0.007619838230311871 24
1698174620623 0.008254253305494785 25
1698174620918 0.008685058914124966 26
1698174621227 0.008255867287516594 27
1698174621509 0.00808004755526781 28
1698174621937 0.007131444290280342 29
1698174622246 0.0067751286551356316 30
1698174622547 0.006842789240181446 31
1698174622837 0.007504510227590799 32
1698174623141 0.007174666039645672 33
1698174623444 0.006001066416501999 34
1698174623778 0.007227971218526363 35
1698174624131 0.0069149453192949295 36
1698174624425 0.00763162923976779 37
1698174624732 0.008344094268977642 38
1698174625023 0.007038866635411978 39
1698174625338 0.006903715431690216 40
1698174625656 0.006051482632756233 41
1698174626035 0.0063795470632612705 42
1698174626352 0.006642620544880629 43
1698174626649 0.007425111718475819 44
1698174626945 0.007644196972250938 45
1698174627257 0.00642215134575963 46
1698174627576 0.00609227642416954 47
1698174627961 0.00754834059625864 48
1698174628268 0.0064966874197125435 49
