1698174612307 20.16817283630371 0
1698174612607 10.929280281066895 1
1698174612889 10.404411315917969 2
1698174613257 9.743742942810059 3
1698174613534 9.487988471984863 4
1698174613814 10.529621124267578 5
1698174614153 8.990494728088379 6
1698174614532 8.918295860290527 7
1698174614980 9.73595142364502 8
1698174615377 9.309735298156738 9
1698174615686 8.4921875 10
1698174615983 8.720597267150879 11
1698174616348 9.107501029968262 12
1698174616715 8.36481761932373 13
1698174617009 8.337976455688477 14
1698174617310 9.020832061767578 15
1698174617596 8.20729923248291 16
1698174617875 7.880266189575195 17
1698174618226 7.976375102996826 18
1698174618653 7.568227291107178 19
1698174618925 7.690690517425537 20
1698174619235 7.260003566741943 21
1698174619497 7.111863136291504 22
1698174619787 7.924615859985352 23
1698174620218 7.60335111618042 24
1698174620623 7.9081830978393555 25
1698174620918 8.00393295288086 26
1698174621227 7.639283657073975 27
1698174621509 7.699751853942871 28
1698174621937 7.3018999099731445 29
1698174622246 7.355666637420654 30
1698174622547 7.319161415100098 31
1698174622837 7.316484451293945 32
1698174623141 7.411481857299805 33
1698174623444 7.284666538238525 34
1698174623778 7.509687900543213 35
1698174624131 7.20219087600708 36
1698174624425 7.4442853927612305 37
1698174624732 8.2568941116333 38
1698174625023 7.673605918884277 39
1698174625338 7.494959831237793 40
1698174625656 6.984992980957031 41
1698174626035 6.777998924255371 42
1698174626352 7.376322269439697 43
1698174626649 7.729434490203857 44
1698174626945 7.191282272338867 45
1698174627257 6.653717994689941 46
1698174627576 7.053336143493652 47
1698174627961 7.575051784515381 48
1698174628268 6.968868255615234 49
