1698176057015 0.25050804018974304 0
1698176057296 0.01893012784421444 1
1698176057504 0.017456449568271637 2
1698176057736 0.019254105165600777 3
1698176057948 0.01308897603303194 4
1698176058176 0.01258633192628622 5
1698176058403 0.013286219909787178 6
1698176058629 0.012580766342580318 7
1698176058834 0.011753070168197155 8
1698176059050 0.012575226835906506 9
1698176059462 0.011637859046459198 10
1698176059676 0.01203117799013853 11
1698176059876 0.010827194899320602 12
1698176060078 0.012939294800162315 13
1698176060282 0.012708088383078575 14
1698176060481 0.01033687125891447 15
1698176060678 0.008645100519061089 16
1698176060878 0.010656637139618397 17
1698176061091 0.011007916182279587 18
1698176061288 0.011595462448894978 19
1698176061492 0.00932962168008089 20
1698176061692 0.00937615055590868 21
1698176061889 0.010041071102023125 22
1698176062129 0.010489321313798428 23
1698176062341 0.009947424754500389 24
1698176062540 0.01094918791204691 25
1698176062738 0.01014648750424385 26
1698176062941 0.009162233211100101 27
1698176063169 0.010328792966902256 28
1698176063368 0.011142625473439693 29
1698176063570 0.009424065239727497 30
1698176063768 0.009220010600984097 31
1698176063960 0.009276371449232101 32
1698176064152 0.010054518468677998 33
1698176064373 0.009575826115906239 34
1698176064576 0.009595656767487526 35
1698176064778 0.009684520773589611 36
1698176064990 0.009962501004338264 37
1698176065188 0.009121485985815525 38
1698176065376 0.009702753275632858 39
1698176065598 0.00839241873472929 40
1698176065837 0.008334562182426453 41
1698176066127 0.010928641073405743 42
1698176066343 0.007629191502928734 43
1698176066587 0.009796984493732452 44
1698176066792 0.010826729238033295 45
1698176067013 0.008854087442159653 46
1698176067301 0.008497935719788074 47
1698176067521 0.008737914264202118 48
1698176067722 0.008402520790696144 49
