1698155734564 166009.40625 0
1698155735521 102619.859375 1
1698155736472 78137.9921875 2
1698155737420 75545.4921875 3
1698155738343 79654.03125 4
1698155739418 69009.0078125 5
1698155740610 54854.08984375 6
1698155741850 77358.09375 7
1698155742989 49913.06640625 8
1698155744095 44473.56640625 9
1698155745316 59326.9765625 10
1698155746282 58942.41796875 11
1698155747223 62968.703125 12
1698155748096 53044.375 13
1698155749003 51994.0546875 14
1698155749900 51124.109375 15
1698155750987 44890.59375 16
1698155751889 42610.75390625 17
1698155752778 75423.453125 18
1698155753674 61236.203125 19
