1698177822120 0.09959783405065536 0
1698177822242 0.009651442058384418 1
1698177822384 0.008398802019655704 2
1698177822491 0.006864601280540228 3
1698177822610 0.007537803612649441 4
1698177822735 0.005751552060246468 5
1698177822848 0.006084119435399771 6
1698177823037 0.00604619225487113 7
1698177823228 0.005542709957808256 8
1698177823377 0.005919463932514191 9
1698177823515 0.0056643360294401646 10
1698177823642 0.0054418770596385 11
1698177823767 0.004714251030236483 12
1698177823896 0.004363451153039932 13
1698177824005 0.004692909773439169 14
1698177824111 0.0052450369112193584 15
1698177824220 0.004849634598940611 16
1698177824352 0.004166346974670887 17
1698177824480 0.0045435442589223385 18
1698177824617 0.0045867483131587505 19
1698177824732 0.0042808507569134235 20
1698177824870 0.004648394417017698 21
1698177824981 0.004295125138014555 22
1698177825109 0.00435061939060688 23
1698177825235 0.004052702337503433 24
1698177825365 0.004506811965256929 25
1698177825476 0.004265047609806061 26
1698177825595 0.004529575351625681 27
1698177825722 0.004464938770979643 28
1698177825874 0.004379161633551121 29
1698177826033 0.004731494467705488 30
1698177826241 0.004377408884465694 31
1698177826414 0.004205605480819941 32
1698177826536 0.004401219077408314 33
1698177826641 0.004105833824723959 34
1698177826811 0.004103394690901041 35
1698177826947 0.004339742474257946 36
1698177827076 0.004030625335872173 37
1698177827189 0.0038432562723755836 38
1698177827317 0.004162868484854698 39
1698177827463 0.00407381309196353 40
1698177827622 0.003941718023270369 41
1698177827754 0.004038956481963396 42
1698177827883 0.0042452747002244 43
1698177827995 0.004577040206640959 44
1698177828111 0.004104393534362316 45
1698177828229 0.003572892164811492 46
1698177828340 0.003940948750823736 47
1698177828480 0.004196294583380222 48
1698177828610 0.0037285853177309036 49
