1698229267907 35474.6640625 0
1698229269568 33476.734375 1
1698229270708 32149.84765625 2
1698229271024 25006.095703125 3
1698229271355 20971.05078125 4
1698229271686 18114.44140625 5
1698229272019 22053.8671875 6
1698229273446 19311.896484375 7
1698229273797 15371.53515625 8
1698229274159 18121.767578125 9
1698229274730 22353.3203125 10
1698229275049 21259.494140625 11
1698229275389 19692.6796875 12
1698229275713 18236.7890625 13
1698229276258 19880.345703125 14
1698229276581 18307.666015625 15
1698229276912 19432.146484375 16
1698229277237 20136.1171875 17
1698229278049 21672.994140625 18
1698229278391 18232.765625 19
1698229279044 21362.587890625 20
1698229279400 19875.64453125 21
1698229279741 16861.568359375 22
1698229280592 16181.9697265625 23
1698229280930 15239.2978515625 24
1698229281474 20085.974609375 25
1698229281823 15608.3203125 26
1698229282164 17734.4296875 27
1698229282717 20568.0 28
1698229283052 15113.1943359375 29
1698229283393 14903.927734375 30
1698229283732 15480.0361328125 31
1698229284077 15117.640625 32
1698229284425 15225.931640625 33
1698229284767 16298.970703125 34
1698229285121 11794.3837890625 35
1698229286741 14825.8779296875 36
1698229287117 16738.779296875 37
1698229288958 17465.009765625 38
1698229289314 19731.140625 39
1698229290482 12346.0263671875 40
1698229290807 13580.115234375 41
1698229291160 20168.865234375 42
1698229291523 14352.6767578125 43
1698229291856 14253.5830078125 44
1698229292176 12562.2275390625 45
1698229293218 16089.6767578125 46
1698229293523 13278.1875 47
1698229293876 12755.861328125 48
1698229294543 14999.9462890625 49
