1698169291436 0.09819143265485764 0
1698169291701 0.036796554923057556 1
1698169292074 0.025037257000803947 2
1698169292332 0.019304124638438225 3
1698169292687 0.015954216942191124 4
1698169292979 0.01399888377636671 5
1698169293285 0.013667925260961056 6
1698169293777 0.012829526327550411 7
1698169294250 0.01228722557425499 8
1698169294950 0.0121881403028965 9
1698169295430 0.011672843247652054 10
1698169295883 0.011695152148604393 11
1698169296402 0.011115741916000843 12
1698169296845 0.011216849088668823 13
1698169297363 0.010807342827320099 14
1698169297788 0.01047277357429266 15
1698169298354 0.011066291481256485 16
1698169298816 0.010640198364853859 17
1698169299137 0.010689727030694485 18
1698169299476 0.010733864270150661 19
1698169299791 0.010104258544743061 20
1698169300092 0.010728370398283005 21
1698169300384 0.010340031236410141 22
1698169300671 0.009844309650361538 23
1698169300968 0.00958898477256298 24
1698169301232 0.010085680522024632 25
1698169301564 0.00970955565571785 26
1698169301861 0.009733215905725956 27
1698169302134 0.009884041734039783 28
1698169302429 0.009458702988922596 29
1698169302666 0.009700745344161987 30
1698169302988 0.00968298502266407 31
1698169303324 0.009768778458237648 32
1698169303680 0.009886163286864758 33
1698169304162 0.009634411893785 34
1698169304513 0.009761689230799675 35
1698169304768 0.009534207172691822 36
1698169305004 0.009321306832134724 37
1698169305247 0.009591965936124325 38
1698169305571 0.009775646030902863 39
1698169305829 0.009681730531156063 40
1698169306058 0.009256087243556976 41
1698169306272 0.008900832384824753 42
1698169306511 0.009242280386388302 43
1698169306721 0.009156415238976479 44
1698169306955 0.00935713667422533 45
1698169307193 0.00873719621449709 46
1698169307440 0.009247714653611183 47
1698169307728 0.009157773107290268 48
1698169307971 0.00902444589883089 49
