1698176884418 29.70049285888672 0
1698176884607 9.264710426330566 1
1698176884808 7.527585983276367 2
1698176885013 6.669118881225586 3
1698176885227 6.92893648147583 4
1698176885436 6.868939399719238 5
1698176885644 6.562229633331299 6
1698176885829 7.03450345993042 7
1698176886062 6.968456745147705 8
1698176886283 6.242903232574463 9
1698176886486 6.278751850128174 10
1698176886710 6.2058258056640625 11
1698176886986 6.138401508331299 12
1698176887295 6.654051303863525 13
1698176887509 6.335186958312988 14
1698176887718 5.836574554443359 15
1698176888201 6.159714698791504 16
1698176888476 6.251498699188232 17
1698176888717 5.905605792999268 18
1698176888958 6.123052597045898 19
1698176889205 5.606675148010254 20
1698176889470 6.035616874694824 21
1698176889743 6.0719990730285645 22
1698176889973 5.817361354827881 23
1698176890321 5.818639755249023 24
1698176890693 5.705495834350586 25
1698176891044 5.794546604156494 26
1698176891269 5.643030643463135 27
1698176891490 5.45682954788208 28
1698176891702 5.382578372955322 29
1698176891904 5.4868903160095215 30
1698176892128 5.62056827545166 31
1698176892371 6.319087505340576 32
1698176892569 5.894018173217773 33
1698176892758 5.5528740882873535 34
1698176892953 5.541810512542725 35
1698176893136 5.6377153396606445 36
1698176893320 5.403422832489014 37
1698176893503 5.766161918640137 38
1698176893682 5.750426769256592 39
1698176893893 5.649445533752441 40
1698176894091 5.61372184753418 41
1698176894281 5.4168853759765625 42
1698176894499 5.334608554840088 43
1698176894745 5.328402042388916 44
1698176895057 5.341184616088867 45
1698176895255 5.4110636711120605 46
1698176895449 5.905509948730469 47
1698176895671 6.14588737487793 48
1698176895889 5.20695161819458 49
