1698178674571 145.78663635253906 0
1698178674680 139.28485107421875 1
1698178674796 98.98152923583984 2
1698178674900 82.4103775024414 3
1698178675004 73.84223175048828 4
1698178675108 65.98423767089844 5
1698178675213 69.97561645507812 6
1698178675317 67.3036880493164 7
1698178675423 70.5496826171875 8
1698178675533 67.26907348632812 9
1698178675661 71.47186279296875 10
1698178675767 73.1004867553711 11
1698178675869 70.75628662109375 12
1698178675976 76.44742584228516 13
1698178676099 70.05599975585938 14
1698178676198 70.07970428466797 15
1698178676297 70.5925521850586 16
1698178676397 75.19347381591797 17
1698178676503 69.31358337402344 18
1698178676604 70.15066528320312 19
1698178676711 61.806800842285156 20
1698178676832 67.32337188720703 21
1698178676938 67.05945587158203 22
1698178677038 67.18938446044922 23
1698178677139 66.5555648803711 24
1698178677241 65.34909057617188 25
1698178677341 66.9244613647461 26
1698178677443 64.79377746582031 27
1698178677542 71.33429718017578 28
1698178677646 69.22078704833984 29
1698178677755 70.21149444580078 30
1698178677882 65.4971694946289 31
1698178677985 64.65247344970703 32
1698178678112 62.10003662109375 33
1698178678217 61.45341873168945 34
1698178678324 62.85676956176758 35
1698178678430 65.0112533569336 36
1698178678535 63.472137451171875 37
1698178678642 67.15505981445312 38
1698178678743 66.22919464111328 39
1698178678844 66.6745834350586 40
1698178678945 62.976680755615234 41
1698178679046 62.948917388916016 42
1698178679163 62.173072814941406 43
1698178679285 63.63501739501953 44
1698178679389 66.00992584228516 45
1698178679492 58.42551040649414 46
1698178679597 62.14754104614258 47
1698178679697 60.00279998779297 48
1698178679815 64.20767211914062 49
