1698178202315 0.0005563347367569804 0
1698178202571 0.00010627972369547933 1
1698178202905 8.537357643945143e-05 2
1698178203164 7.797699072398245e-05 3
1698178203418 6.655186007265002e-05 4
1698178203674 6.220943760126829e-05 5
1698178203922 5.60370426683221e-05 6
1698178204199 6.425173341995105e-05 7
1698178204453 5.9190133470110595e-05 8
1698178204709 6.283506809268147e-05 9
1698178204968 5.7542947615729645e-05 10
1698178205248 5.749971023760736e-05 11
1698178205508 6.270556332310662e-05 12
1698178205769 6.73847971484065e-05 13
1698178206012 5.809726644656621e-05 14
1698178206264 6.759222742402926e-05 15
1698178206521 5.4731761338189244e-05 16
1698178206783 5.2985877118771896e-05 17
1698178207045 6.0546833992702886e-05 18
1698178207304 7.651677879039198e-05 19
1698178207582 6.371842755470425e-05 20
1698178207927 5.91584321227856e-05 21
1698178208182 5.639280425384641e-05 22
1698178208465 5.30924771737773e-05 23
1698178208756 6.548048258991912e-05 24
1698178209059 6.511683750431985e-05 25
1698178209353 5.1101884309900925e-05 26
1698178209622 5.340075585991144e-05 27
1698178209881 5.068679456599057e-05 28
1698178210156 6.564470095327124e-05 29
1698178210411 5.073424836155027e-05 30
1698178210669 5.8071509556612e-05 31
1698178210922 4.4489970605354756e-05 32
1698178211214 5.0648570322664455e-05 33
1698178211459 5.3921477956464514e-05 34
1698178211723 5.8454090321902186e-05 35
1698178211970 5.674377462128177e-05 36
1698178212249 4.93070219818037e-05 37
1698178212506 5.768664050265215e-05 38
1698178212768 5.130208228365518e-05 39
1698178213022 4.790708771906793e-05 40
1698178213292 4.092893505003303e-05 41
1698178213545 5.7085078879026696e-05 42
1698178213854 4.503797390498221e-05 43
1698178214116 4.658515172195621e-05 44
1698178214373 4.851503763347864e-05 45
1698178214648 4.934012395096943e-05 46
1698178215040 6.471748201875016e-05 47
1698178215318 6.750952888978645e-05 48
1698178215570 4.666758104576729e-05 49
