1698174039671 0.013301127590239048 0
1698174040256 0.0014551461208611727 1
1698174040858 0.0012317473301663995 2
1698174041448 0.0009741945541463792 3
1698174041996 0.0009412455838173628 4
1698174042583 0.0009209251147694886 5
1698174043148 0.0008962126448750496 6
1698174043724 0.0007775087142363191 7
1698174044309 0.0008373152231797576 8
1698174044899 0.0010445239022374153 9
1698174045529 0.0007757984567433596 10
1698174046202 0.0008443323313258588 11
1698174047022 0.0007417031447403133 12
1698174047785 0.0007429812103509903 13
1698174048423 0.0007748422212898731 14
1698174049003 0.0005953325890004635 15
1698174049787 0.0007375828572548926 16
1698174050429 0.0007613390334881842 17
1698174051024 0.0006354901706799865 18
1698174051790 0.000685080187395215 19
1698174052380 0.0007253148360177875 20
1698174052938 0.0007384513155557215 21
1698174053526 0.0005962804425507784 22
1698174054089 0.0006929487572051585 23
1698174054665 0.0006871899822726846 24
1698174055302 0.0006809599581174552 25
1698174056200 0.0006523382035084069 26
1698174056921 0.0006996970041655004 27
1698174057702 0.0006373951910063624 28
1698174058262 0.0006801886484026909 29
1698174058842 0.0005968919722363353 30
1698174059398 0.0006098763551563025 31
1698174059997 0.0008089219336397946 32
1698174060556 0.000793774554040283 33
1698174061140 0.0006559082539752126 34
1698174061721 0.0006488108774647117 35
1698174062281 0.0006103779887780547 36
1698174062855 0.0006386909517459571 37
1698174063421 0.00070545932976529 38
1698174064054 0.0006237133056856692 39
1698174064694 0.0006821631104685366 40
1698174065278 0.0005523712607100606 41
1698174065865 0.0006062572938390076 42
1698174066436 0.000619837490376085 43
1698174067032 0.000617970188613981 44
1698174067668 0.0006592634599655867 45
1698174068237 0.0008726272499188781 46
1698174068813 0.0006939280428923666 47
1698174069391 0.0005363990785554051 48
1698174069956 0.0005640799063257873 49
