1698174039671 4675.03369140625 0
1698174040256 7677.1318359375 1
1698174040858 6226.2236328125 2
1698174041448 7412.47412109375 3
1698174041996 8791.302734375 4
1698174042583 5464.30029296875 5
1698174043148 3095.76953125 6
1698174043724 6014.78466796875 7
1698174044309 2979.203857421875 8
1698174044899 1588.524658203125 9
1698174045529 3919.625 10
1698174046202 1663.158203125 11
1698174047022 6449.75341796875 12
1698174047785 1325.1165771484375 13
1698174048423 3173.557861328125 14
1698174049003 4198.009765625 15
1698174049787 7049.75732421875 16
1698174050429 6127.68505859375 17
1698174051024 4368.79345703125 18
1698174051790 6724.8671875 19
1698174052380 3917.9775390625 20
1698174052938 2998.957275390625 21
1698174053526 5494.78076171875 22
1698174054089 6056.23583984375 23
1698174054665 2260.26953125 24
1698174055302 3527.226318359375 25
1698174056200 4597.24755859375 26
1698174056921 4467.17724609375 27
1698174057702 6778.7763671875 28
1698174058262 4192.77685546875 29
1698174058842 7774.72021484375 30
1698174059398 5712.81884765625 31
1698174059997 2486.397216796875 32
1698174060556 2633.50732421875 33
1698174061140 3712.14990234375 34
1698174061721 2282.8310546875 35
1698174062281 1740.8702392578125 36
1698174062855 4491.99169921875 37
1698174063421 5063.25341796875 38
1698174064054 2194.62158203125 39
1698174064694 4994.22998046875 40
1698174065278 8192.7255859375 41
1698174065865 6410.78564453125 42
1698174066436 10643.88671875 43
1698174067032 3017.20361328125 44
1698174067668 4127.3916015625 45
1698174068237 5117.43896484375 46
1698174068813 3653.474609375 47
1698174069391 5326.197265625 48
1698174069956 1970.3558349609375 49
