1698173745329 33750.234375 0
1698173746121 8514.390625 1
1698173746655 6977.89306640625 2
1698173747211 4610.9619140625 3
1698173747756 3411.71435546875 4
1698173748291 6967.3984375 5
1698173748850 8178.5390625 6
1698173749475 12454.8798828125 7
1698173750033 9711.2275390625 8
1698173750547 3986.0068359375 9
1698173751095 18553.103515625 10
1698173751616 7883.646484375 11
1698173752162 5342.10107421875 12
1698173752700 811.1154174804688 13
1698173753221 13765.7587890625 14
1698173753776 10076.412109375 15
1698173754318 8081.2919921875 16
1698173754838 2282.75244140625 17
1698173755354 6430.0380859375 18
1698173755944 3786.2939453125 19
1698173756476 414.24517822265625 20
1698173757001 675.6260375976562 21
1698173757588 1947.2601318359375 22
1698173758142 1593.39208984375 23
1698173758979 1300.268310546875 24
1698173759682 17618.095703125 25
1698173760254 8227.6123046875 26
1698173760825 2040.517578125 27
1698173761583 5517.38720703125 28
1698173762135 1629.6473388671875 29
1698173762752 531.972412109375 30
1698173763378 2165.877197265625 31
1698173763973 8903.39453125 32
1698173764590 1319.822265625 33
1698173765142 15671.693359375 34
1698173765892 2674.302490234375 35
1698173766559 717.1646728515625 36
1698173767238 3775.015869140625 37
1698173767982 435.8922119140625 38
1698173768530 10465.4609375 39
1698173769050 8038.27880859375 40
1698173769601 237.49557495117188 41
1698173770116 4280.58837890625 42
1698173770657 4241.388671875 43
1698173771187 4681.28271484375 44
1698173771708 8161.791015625 45
1698173772231 3407.90673828125 46
1698173772757 2689.5478515625 47
1698173773300 1048.2735595703125 48
1698173773824 4271.966796875 49
