1698173320491 11834.779296875 0
1698173320896 6882.99755859375 1
1698173321262 11982.943359375 2
1698173321671 8436.5625 3
1698173322069 5682.55810546875 4
1698173322476 7722.873046875 5
1698173322860 4621.431640625 6
1698173323319 8097.91357421875 7
1698173323763 12194.134765625 8
1698173324167 8139.61328125 9
1698173324600 7260.24267578125 10
1698173325100 9375.6162109375 11
1698173325491 3492.8720703125 12
1698173325881 9750.0224609375 13
1698173326249 4139.3369140625 14
1698173326639 11668.34375 15
1698173327045 9451.00390625 16
1698173327426 6737.20849609375 17
1698173327850 6043.08056640625 18
1698173328247 7299.88134765625 19
1698173328633 5557.2998046875 20
1698173329058 1975.447998046875 21
1698173329446 10194.830078125 22
1698173329872 10153.8076171875 23
1698173330602 12098.619140625 24
1698173331135 6324.60107421875 25
1698173331748 3399.767578125 26
1698173332187 8040.2001953125 27
1698173332684 10908.4130859375 28
1698173333309 4794.7705078125 29
1698173334267 4688.255859375 30
1698173335011 5072.98681640625 31
1698173335475 6840.40234375 32
1698173335925 2319.670654296875 33
1698173336503 4881.01611328125 34
1698173336998 2756.708984375 35
1698173337436 11404.3349609375 36
1698173337877 1553.9140625 37
1698173338353 3147.67041015625 38
1698173338898 2234.3759765625 39
1698173339287 10342.69140625 40
1698173339672 3550.268310546875 41
1698173340089 8618.6474609375 42
1698173340469 3561.4462890625 43
1698173340858 17555.28125 44
1698173341268 8932.951171875 45
1698173341665 4754.46533203125 46
1698173342126 457.7791748046875 47
1698173342553 7278.17041015625 48
1698173342994 10793.595703125 49
