1698183445474 194.1714324951172 0
1698183445681 18.06869125366211 1
1698183445876 14.62865924835205 2
1698183446112 13.319368362426758 3
1698183446401 14.294392585754395 4
1698183446601 13.820279121398926 5
1698183446797 11.336941719055176 6
1698183446985 12.105008125305176 7
1698183447178 11.089609146118164 8
1698183447388 10.361692428588867 9
1698183447587 9.138110160827637 10
1698183447786 11.105569839477539 11
1698183447981 11.186868667602539 12
1698183448177 11.181939125061035 13
1698183448382 11.3575439453125 14
1698183448623 10.095182418823242 15
1698183448913 9.163350105285645 16
1698183449109 13.683629989624023 17
1698183449302 11.208667755126953 18
1698183449504 10.269928932189941 19
1698183449703 10.150036811828613 20
1698183449900 10.112932205200195 21
1698183450087 8.753744125366211 22
1698183450271 8.440791130065918 23
1698183450473 8.449594497680664 24
1698183450689 10.562067031860352 25
1698183450890 9.753437042236328 26
1698183451085 11.538238525390625 27
1698183451283 10.559185981750488 28
1698183451480 8.659313201904297 29
1698183451686 11.897490501403809 30
1698183451890 10.61953067779541 31
1698183452094 9.21260929107666 32
1698183452287 11.230630874633789 33
1698183452486 9.717296600341797 34
1698183452716 9.44035530090332 35
1698183452907 9.665894508361816 36
1698183453093 9.874157905578613 37
1698183453286 10.13486385345459 38
1698183453503 8.965036392211914 39
1698183453720 9.022836685180664 40
1698183453917 9.3114013671875 41
1698183454113 10.603296279907227 42
1698183454311 10.053117752075195 43
1698183454529 9.337909698486328 44
1698183454771 8.619671821594238 45
1698183455010 9.523226737976074 46
1698183455243 9.739615440368652 47
1698183455435 7.521530628204346 48
1698183455650 7.863866806030273 49
