1698159324382 81.51851654052734 0
1698159325014 69.18679809570312 1
1698159325871 165.0315399169922 2
1698159326434 191.42935180664062 3
1698159327036 181.03013610839844 4
1698159327632 163.8603057861328 5
1698159328291 151.6554412841797 6
1698159328994 141.19973754882812 7
1698159329861 126.0736312866211 8
1698159330499 114.9370346069336 9
1698159331169 102.47718811035156 10
1698159331840 92.31787109375 11
1698159332454 87.53196716308594 12
1698159333130 86.34666442871094 13
1698159333752 83.1441421508789 14
1698159334477 82.03131103515625 15
1698159335126 86.11825561523438 16
1698159335663 83.88883972167969 17
