1698150172013 0.21793997287750244 0
1698150173675 0.11319056153297424 1
1698150175405 0.08424850553274155 2
1698150177021 0.06058739870786667 3
1698150178670 0.05043163150548935 4
1698150180358 0.04400796443223953 5
1698150181973 0.038334935903549194 6
1698150183564 0.03473959118127823 7
1698150185220 0.03164289891719818 8
1698150186899 0.02942744269967079 9
1698150188538 0.027948057278990746 10
1698150190191 0.025846602395176888 11
1698150191980 0.02399071864783764 12
1698150193654 0.02249515801668167 13
1698150195311 0.022227300330996513 14
1698150196968 0.020940393209457397 15
1698150198597 0.01965101808309555 16
1698150200263 0.018883807584643364 17
1698150201935 0.018461136147379875 18
1698150203558 0.01771756261587143 19
1698150205231 0.017619142308831215 20
1698150206904 0.016864033415913582 21
