1698160389606 0.04628906026482582 0
1698160389976 0.01836942508816719 1
1698160390343 0.011179318651556969 2
1698160390686 0.008512534201145172 3
1698160391030 0.006590444128960371 4
1698160391500 0.005354206543415785 5
1698160391877 0.004370924085378647 6
1698160392252 0.0038853490259498358 7
1698160392604 0.0033681285567581654 8
1698160392928 0.0031126337125897408 9
1698160393410 0.003022613702341914 10
1698160393890 0.0028800847940146923 11
1698160394356 0.0028270429465919733 12
1698160394841 0.0029011883307248354 13
1698160395279 0.0027271294966340065 14
1698160395625 0.0027037872932851315 15
1698160396037 0.0027025628369301558 16
