1698160389606 138370.0625 0
1698160389976 77415.4921875 1
1698160390343 88819.671875 2
1698160390686 61878.5390625 3
1698160391030 59689.6875 4
1698160391500 59358.74609375 5
1698160391877 59290.1953125 6
1698160392252 74088.2734375 7
1698160392604 51516.24609375 8
1698160392928 50109.07421875 9
1698160393410 50498.3984375 10
1698160393890 50570.28515625 11
1698160394356 53780.6484375 12
1698160394841 52999.30078125 13
1698160395279 63212.30859375 14
1698160395625 59453.703125 15
1698160396037 50336.03125 16
