1698152939252 0.025181418284773827 0
1698152939754 0.010382156819105148 1
1698152940165 0.008506241254508495 2
1698152940612 0.007344050332903862 3
1698152941030 0.00647856667637825 4
1698152941463 0.00587542774155736 5
1698152941882 0.005539413075894117 6
1698152942339 0.0051964023150503635 7
1698152942785 0.004864294547587633 8
1698152943173 0.004693922586739063 9
1698152943622 0.004556788131594658 10
1698152944059 0.004324357490986586 11
1698152944483 0.004253888037055731 12
1698152944926 0.0040445951744914055 13
1698152945442 0.004026416223496199 14
1698152946020 0.003925398923456669 15
1698152946465 0.0037526176311075687 16
1698152946958 0.0037151691503822803 17
1698152947380 0.00356745976023376 18
1698152947831 0.0035488922148942947 19
1698152948229 0.0034921925980597734 20
1698152948666 0.0034466239158064127 21
1698152949077 0.003392769256606698 22
1698152949527 0.0033442918211221695 23
1698152949968 0.0035011759027838707 24
1698152950481 0.003432302735745907 25
1698152951058 0.0033333797473460436 26
1698152951489 0.0033076750114560127 27
1698152951887 0.003228886751458049 28
1698152952296 0.00316044082865119 29
1698152952818 0.00321188778616488 30
1698152953295 0.0031344841700047255 31
1698152953740 0.003103376366198063 32
