1698180344516 57.25603103637695 0
1698180344718 37.522727966308594 1
1698180344961 21.634716033935547 2
1698180345142 11.231131553649902 3
1698180345297 9.095687866210938 4
1698180345478 8.735581398010254 5
1698180345635 9.099803924560547 6
1698180345804 8.852601051330566 7
1698180345959 8.294151306152344 8
1698180346109 8.447688102722168 9
1698180346260 7.907261371612549 10
1698180346426 8.010690689086914 11
1698180346578 8.084017753601074 12
1698180346724 7.120388984680176 13
1698180346872 7.651430606842041 14
1698180347018 7.257505416870117 15
1698180347163 7.519067287445068 16
1698180347311 7.2480998039245605 17
1698180347489 7.570920944213867 18
1698180347633 7.667565822601318 19
1698180347780 6.572366237640381 20
1698180347943 7.00059700012207 21
1698180348090 7.072270393371582 22
1698180348238 7.766073226928711 23
1698180348401 6.703914642333984 24
1698180348554 6.995986461639404 25
1698180348710 6.8312273025512695 26
1698180348860 7.11322546005249 27
1698180349013 6.646754741668701 28
1698180349162 6.695831298828125 29
1698180349315 6.606685161590576 30
1698180349500 6.263607025146484 31
1698180349655 6.440445423126221 32
1698180349815 6.7174859046936035 33
1698180349966 6.69103479385376 34
1698180350120 7.384020805358887 35
1698180350274 6.342328071594238 36
1698180350435 6.786694049835205 37
1698180350592 6.381545543670654 38
1698180350757 6.5181097984313965 39
1698180350909 6.334653854370117 40
1698180351078 6.906717300415039 41
1698180351243 6.414411544799805 42
1698180351401 6.29576301574707 43
1698180351548 6.4217023849487305 44
1698180351705 6.163591384887695 45
1698180351874 6.29433012008667 46
1698180352022 6.1178741455078125 47
1698180352160 6.277967929840088 48
1698180352321 6.312917709350586 49
