1698227199231 43249.109375 0
1698227199636 25389.431640625 1
1698227201321 14124.8505859375 2
1698227202924 13550.5009765625 3
1698227203362 12466.83984375 4
1698227205353 11817.5166015625 5
1698227205806 14666.5947265625 6
1698227206335 13804.6650390625 7
1698227207940 10950.4208984375 8
1698227208436 14139.5703125 9
1698227210092 7973.4873046875 10
1698227211916 12670.9541015625 11
1698227212347 14304.6728515625 12
1698227212762 13534.96484375 13
1698227213173 13372.0703125 14
1698227213602 15977.9013671875 15
1698227214032 13374.9482421875 16
1698227214531 10641.1787109375 17
1698227216127 14753.4970703125 18
1698227217724 11546.2119140625 19
1698227219283 13517.63671875 20
1698227219769 14311.2763671875 21
1698227221042 11996.9716796875 22
1698227221470 13259.142578125 23
1698227223274 15477.9619140625 24
1698227224815 15033.0673828125 25
1698227225455 11180.3857421875 26
1698227227159 11640.56640625 27
1698227227867 16094.1669921875 28
1698227228860 12642.1103515625 29
1698227229372 12289.09375 30
1698227230252 11311.248046875 31
1698227230746 15176.9892578125 32
1698227231692 9768.494140625 33
1698227232169 12781.9873046875 34
1698227233359 13991.0859375 35
1698227233788 15028.720703125 36
1698227234267 14574.091796875 37
1698227234726 14863.1044921875 38
1698227235168 10905.423828125 39
1698227235590 13575.47265625 40
1698227236011 18081.1953125 41
1698227236663 13662.6357421875 42
1698227237109 13518.9423828125 43
1698227238615 12779.396484375 44
1698227239652 14555.408203125 45
1698227240122 16672.228515625 46
1698227241467 15077.0517578125 47
1698227242026 14619.43359375 48
1698227242495 13317.3798828125 49
