1698187295174 5.113883972167969 0
1698187295421 0.9927427768707275 1
1698187295671 0.7455227375030518 2
1698187295925 0.6077554225921631 3
1698187296204 0.5967923402786255 4
1698187296449 0.5764507055282593 5
1698187296699 0.584181010723114 6
1698187296941 0.5592301487922668 7
1698187297194 0.518778920173645 8
1698187297440 0.5445543527603149 9
1698187297678 0.4557220935821533 10
1698187297921 0.44063249230384827 11
1698187298191 0.45521286129951477 12
1698187298431 0.43271031975746155 13
1698187298678 0.4685002863407135 14
1698187298926 0.4776637554168701 15
1698187299200 0.41096407175064087 16
1698187299442 0.40837353467941284 17
1698187299679 0.42993247509002686 18
1698187299931 0.4057110846042633 19
1698187300208 0.3870379328727722 20
1698187300459 0.40519487857818604 21
1698187300706 0.40073367953300476 22
1698187300951 0.42890051007270813 23
1698187301217 0.4084230661392212 24
1698187301463 0.34631457924842834 25
1698187301701 0.3334532082080841 26
1698187301940 0.31825995445251465 27
1698187302191 0.3683786988258362 28
