1698187295174 41.78653335571289 0
1698187295421 18.189983367919922 1
1698187295671 15.518590927124023 2
1698187295925 14.285998344421387 3
1698187296204 14.396291732788086 4
1698187296449 13.890809059143066 5
1698187296699 13.235030174255371 6
1698187296941 13.605125427246094 7
1698187297194 12.605216979980469 8
1698187297440 12.732122421264648 9
1698187297678 12.079278945922852 10
1698187297921 12.298503875732422 11
1698187298191 12.30047607421875 12
1698187298431 11.60806655883789 13
1698187298678 12.421966552734375 14
1698187298926 12.329601287841797 15
1698187299200 11.297693252563477 16
1698187299442 11.498144149780273 17
1698187299679 11.208120346069336 18
1698187299931 11.282625198364258 19
1698187300208 11.450809478759766 20
1698187300459 11.272869110107422 21
1698187300706 11.250154495239258 22
1698187300951 10.969477653503418 23
1698187301217 11.098687171936035 24
1698187301463 10.321268081665039 25
1698187301701 10.397650718688965 26
1698187301940 10.458457946777344 27
1698187302191 10.228696823120117 28
