1698178354667 0.02869541570544243 0
1698178354784 0.009562745690345764 1
1698178354916 0.008762066252529621 2
1698178355029 0.007020889315754175 3
1698178355154 0.007018757052719593 4
1698178355266 0.005530108697712421 5
1698178355386 0.005915250163525343 6
1698178355538 0.0060679977759718895 7
1698178355656 0.006372659932821989 8
1698178355781 0.005250182468444109 9
1698178355889 0.004948696121573448 10
1698178356007 0.005696560256183147 11
1698178356113 0.005927702412009239 12
1698178356254 0.005533603020012379 13
1698178356358 0.005419018678367138 14
1698178356472 0.004243690054863691 15
1698178356580 0.005943977739661932 16
1698178356706 0.005817687138915062 17
1698178356861 0.004503828007727861 18
1698178357010 0.00454501761123538 19
1698178357226 0.005008184351027012 20
1698178357394 0.004315350204706192 21
1698178357520 0.004829275421798229 22
1698178357643 0.0047280509024858475 23
1698178357774 0.004124123603105545 24
