1698155887028 0.41830605268478394 0
1698155888128 0.24096611142158508 1
1698155889167 0.14294984936714172 2
1698155890320 0.10777555406093597 3
1698155891379 0.08313775062561035 4
1698155892353 0.07028236240148544 5
1698155893386 0.059223905205726624 6
1698155894486 0.05255887657403946 7
1698155895595 0.04677377641201019 8
1698155896646 0.04225907102227211 9
1698155897630 0.03819240257143974 10
1698155898713 0.03496004268527031 11
1698155899769 0.035714007914066315 12
1698155901064 0.0348874107003212 13
1698155902106 0.03242824599146843 14
1698155903126 0.03259453549981117 15
1698155904403 0.03305476903915405 16
1698155905475 0.03303901478648186 17
1698155906507 0.032309506088495255 18
1698155907487 0.031146110966801643 19
1698155908479 0.029894117265939713 20
1698155909518 0.030576014891266823 21
1698155910574 0.031663063913583755 22
1698155911573 0.029607445001602173 23
1698155912699 0.028712952509522438 24
1698155913750 0.028757963329553604 25
