1698180354142 4719.20947265625 0
1698180354323 8232.958984375 1
1698180354482 8347.9716796875 2
1698180354641 13155.10546875 3
1698180354793 13848.2509765625 4
1698180354945 17777.763671875 5
1698180355084 22172.5625 6
1698180355231 30603.78515625 7
1698180355378 28438.427734375 8
1698180355541 41307.6015625 9
1698180355684 45847.41015625 10
1698180355829 46347.8359375 11
1698180355970 49178.62890625 12
1698180356111 49624.3984375 13
1698180356270 51880.37109375 14
1698180356414 69390.59375 15
1698180356564 53257.55859375 16
1698180356699 48787.32421875 17
1698180356844 77163.1171875 18
1698180356989 58235.7578125 19
1698180357132 77572.1171875 20
1698180357273 78577.7421875 21
1698180357420 45926.59375 22
1698180357586 91477.7578125 23
1698180357730 72022.8671875 24
1698180357870 66480.046875 25
1698180358016 69335.5859375 26
1698180358157 50969.078125 27
1698180358298 74179.171875 28
1698180358446 86313.3515625 29
1698180358601 93531.0703125 30
1698180358747 25455.97265625 31
1698180358891 25710.619140625 32
1698180359032 30072.974609375 33
1698180359180 59205.703125 34
1698180359324 37051.90234375 35
1698180359485 36502.09765625 36
1698180359663 53217.7734375 37
1698180359815 90111.796875 38
1698180359962 77652.875 39
1698180360106 28650.34765625 40
1698180360246 6511.60986328125 41
1698180360394 69242.2421875 42
1698180360557 29955.234375 43
1698180360714 79274.921875 44
1698180360863 12375.826171875 45
1698180361023 46703.7734375 46
1698180361168 16573.267578125 47
1698180361310 62295.42578125 48
1698180361462 59988.859375 49
