1698159906260 0.8686835169792175 0
1698159907471 0.7755508422851562 1
1698159908724 0.6662294268608093 2
1698159910025 0.5285128355026245 3
1698159911288 0.3804340362548828 4
1698159912422 0.32718297839164734 5
1698159913535 0.3020654618740082 6
1698159914828 0.2792240083217621 7
1698159916261 0.2576683461666107 8
1698159917824 0.2391582429409027 9
1698159918956 0.22701199352741241 10
1698159920116 0.21831971406936646 11
1698159921387 0.21110251545906067 12
1698159922581 0.20342588424682617 13
1698159923680 0.19746987521648407 14
1698159924814 0.1913178712129593 15
1698159925951 0.18379969894886017 16
1698159926977 0.17976340651512146 17
1698159928055 0.17353081703186035 18
1698159929052 0.16771288216114044 19
1698159930007 0.16329364478588104 20
1698159931005 0.15914060175418854 21
1698159932324 0.15475304424762726 22
