1698159906260 92.43575286865234 0
1698159907471 75.9574966430664 1
1698159908724 58.549373626708984 2
1698159910025 53.542240142822266 3
1698159911288 62.68966293334961 4
1698159912422 67.52132415771484 5
1698159913535 64.38201904296875 6
1698159914828 61.78633499145508 7
1698159916261 61.544525146484375 8
1698159917824 62.1732063293457 9
1698159918956 62.6551628112793 10
1698159920116 62.13248062133789 11
1698159921387 60.65340805053711 12
1698159922581 59.539363861083984 13
1698159923680 57.4222526550293 14
1698159924814 56.59104537963867 15
1698159925951 52.281227111816406 16
1698159926977 49.41767883300781 17
1698159928055 48.31954574584961 18
1698159929052 48.78500747680664 19
1698159930007 48.70066833496094 20
1698159931005 48.97532272338867 21
1698159932324 49.72983169555664 22
