1698228783054 0.014031893573701382 0
1698228783330 0.003966444171965122 1
1698228783601 0.0027113386895507574 2
1698228783911 0.0021145641803741455 3
1698228784190 0.0018129751551896334 4
1698228784444 0.0017614328535273671 5
1698228784689 0.0014677549479529262 6
1698228784952 0.0014185119653120637 7
1698228785211 0.0013611107133328915 8
1698228785584 0.0013123819371685386 9
1698228785855 0.001328868675045669 10
1698228786120 0.0012379150139167905 11
1698228786381 0.0011575761018320918 12
1698228786652 0.001149101066403091 13
1698228786946 0.0011152130318805575 14
1698228787224 0.001077249995432794 15
1698228787496 0.001137397950515151 16
1698228787790 0.0011665612692013383 17
1698228788041 0.0009913734393194318 18
1698228788336 0.0009964000200852752 19
1698228788597 0.0011078390525653958 20
1698228788861 0.001009448547847569 21
1698228789146 0.0009804030414670706 22
1698228789463 0.0009616644238121808 23
1698228789727 0.0009306541178375483 24
1698228789987 0.0009569396497681737 25
1698228790241 0.0009458514396101236 26
1698228790495 0.0009391645435243845 27
1698228790773 0.001036374713294208 28
1698228791024 0.0010349740041419864 29
1698228791272 0.0009735163184814155 30
1698228791525 0.0009252021554857492 31
1698228791787 0.000842518697027117 32
1698228792051 0.0008964245789684355 33
1698228792344 0.0008875999483279884 34
1698228792621 0.0008221881580539048 35
1698228792898 0.0008783343364484608 36
1698228793169 0.0008248642552644014 37
1698228793463 0.0008490740437991917 38
1698228793724 0.0007899446063674986 39
1698228793987 0.0008199173607863486 40
1698228794249 0.0008454857161268592 41
1698228794527 0.0007446756353601813 42
1698228794788 0.0008529823389835656 43
1698228795074 0.0008485065773129463 44
1698228795361 0.00077241868712008 45
1698228795622 0.000796702632214874 46
1698228795875 0.0008295105071738362 47
1698228796129 0.0008175589027814567 48
1698228796415 0.0007542475359514356 49
