1698178313264 0.004808154888451099 0
1698178313427 0.003673771396279335 1
1698178313581 0.002861503278836608 2
1698178313761 0.0022802508901804686 3
1698178313920 0.0018746198620647192 4
1698178314077 0.0014786793617531657 5
1698178314234 0.0011922622798010707 6
1698178314391 0.0008861449896357954 7
1698178314530 0.0006446440820582211 8
1698178314678 0.0004307239723857492 9
1698178314820 0.00033047099714167416 10
1698178314974 0.00030071791843511164 11
1698178315125 0.00022455771977547556 12
1698178315268 0.00022728437033947557 13
1698178315414 0.00021324650151655078 14
1698178315559 0.00022001270554028451 15
1698178315701 0.00020269498054403812 16
1698178315843 0.0002170764928450808 17
1698178315984 0.0001911390427267179 18
1698178316138 0.00019168914877809584 19
1698178316285 0.0001886517711682245 20
1698178316432 0.0001911048893816769 21
1698178316568 0.0001644165749894455 22
1698178316717 0.00017128177569247782 23
1698178316847 0.00017131760250777006 24
1698178316981 0.00015412442735396326 25
1698178317134 0.0001741898595355451 26
1698178317282 0.00017374672461301088 27
1698178317427 0.00016194702766370028 28
1698178317572 0.00017444571130909026 29
1698178317714 0.00015992078988347203 30
1698178317853 0.0001596862857695669 31
1698178317993 0.00014669161464553326 32
1698178318145 0.0001543358521303162 33
1698178318290 0.00014233469846658409 34
1698178318445 0.00014439437654800713 35
1698178318583 0.00016367973876185715 36
1698178318726 0.00014742421626579016 37
1698178318868 0.0001659574918448925 38
1698178319008 0.00013717867841478437 39
1698178319171 0.00015171906852629036 40
1698178319322 0.00013946265971753746 41
1698178319472 0.0001456884783692658 42
1698178319616 0.00015105828060768545 43
1698178319771 0.0001744016190059483 44
1698178319914 0.00014700028987135738 45
1698178320054 0.00013023463543504477 46
1698178320220 0.00014062457194086164 47
1698178320378 0.00013203799608163536 48
1698178320544 0.0001280486030736938 49
