1698178313264 70.26360321044922 0
1698178313427 75.65272521972656 1
1698178313581 105.05918884277344 2
1698178313761 121.70758056640625 3
1698178313920 136.3277587890625 4
1698178314077 133.312744140625 5
1698178314234 123.64675903320312 6
1698178314391 105.17278289794922 7
1698178314530 89.36894989013672 8
1698178314678 72.2418441772461 9
1698178314820 66.31092834472656 10
1698178314974 74.32586669921875 11
1698178315125 67.42776489257812 12
1698178315268 74.94051361083984 13
1698178315414 72.52642822265625 14
1698178315559 74.86783599853516 15
1698178315701 70.67445373535156 16
1698178315843 74.39419555664062 17
1698178315984 70.63377380371094 18
1698178316138 75.771240234375 19
1698178316285 70.72254943847656 20
1698178316432 69.83208465576172 21
1698178316568 70.47579193115234 22
1698178316717 67.07731628417969 23
1698178316847 66.90437316894531 24
1698178316981 69.38763427734375 25
1698178317134 64.68321990966797 26
1698178317282 66.92826843261719 27
1698178317427 67.35053253173828 28
1698178317572 62.11935806274414 29
1698178317714 61.4260139465332 30
1698178317853 60.959983825683594 31
1698178317993 60.669410705566406 32
1698178318145 62.88236999511719 33
1698178318290 60.79157638549805 34
1698178318445 59.09488296508789 35
1698178318583 58.54146194458008 36
1698178318726 53.493221282958984 37
1698178318868 55.842735290527344 38
1698178319008 53.45589828491211 39
1698178319171 54.597415924072266 40
1698178319322 55.27864074707031 41
1698178319472 54.71555709838867 42
1698178319616 53.794517517089844 43
1698178319771 53.49625778198242 44
1698178319914 52.063045501708984 45
1698178320054 50.55952072143555 46
1698178320220 50.128028869628906 47
1698178320378 47.6502799987793 48
1698178320544 52.52764129638672 49
