1698182350768 0.0679159015417099 0
1698182351003 0.04315922036767006 1
1698182351248 0.03716660663485527 2
1698182351512 0.034968115389347076 3
1698182351762 0.029979202896356583 4
1698182352006 0.02469218336045742 5
1698182352255 0.03066718392074108 6
1698182352518 0.01838589459657669 7
1698182352765 0.018561840057373047 8
1698182353014 0.021320316940546036 9
1698182353273 0.016770120710134506 10
1698182353537 0.018023034557700157 11
1698182353800 0.015169435180723667 12
1698182354046 0.01473710685968399 13
1698182354297 0.01568290963768959 14
1698182354569 0.013446612283587456 15
1698182355057 0.01194183062762022 16
1698182355345 0.01322714239358902 17
1698182355620 0.013288079760968685 18
1698182355914 0.010863002389669418 19
1698182356209 0.012278987094759941 20
1698182356490 0.012419686652719975 21
1698182356754 0.011809509247541428 22
1698182357005 0.01154338475316763 23
1698182357274 0.011521470732986927 24
1698182357531 0.0108699481934309 25
1698182357777 0.011632326059043407 26
1698182358019 0.011727878823876381 27
1698182358281 0.01121453009545803 28
1698182358535 0.0118199298158288 29
1698182358783 0.010519704781472683 30
1698182359029 0.011575320735573769 31
1698182359278 0.009233241900801659 32
1698182359536 0.010455799289047718 33
1698182359787 0.01059775147587061 34
1698182360029 0.009793220087885857 35
1698182360303 0.009771304205060005 36
1698182360554 0.008922320790588856 37
1698182360797 0.009409679099917412 38
1698182361043 0.00875265896320343 39
1698182361281 0.009774496778845787 40
1698182361531 0.009003597311675549 41
1698182361793 0.009917568415403366 42
1698182362036 0.00924275629222393 43
1698182362299 0.00794792827218771 44
1698182362550 0.008820399641990662 45
1698182362793 0.007989590987563133 46
1698182363031 0.009288921020925045 47
1698182363291 0.008482053875923157 48
1698182363547 0.008179009892046452 49
