1698178029021 27.59623908996582 0
1698178029128 10.935452461242676 1
1698178029278 10.09276294708252 2
1698178029400 9.515729904174805 3
1698178029509 9.191808700561523 4
1698178029638 8.384848594665527 5
1698178029786 8.067598342895508 6
1698178029954 8.852725982666016 7
1698178030096 8.043482780456543 8
1698178030226 8.359538078308105 9
1698178030359 8.399470329284668 10
1698178030506 8.153008460998535 11
1698178030658 8.189672470092773 12
1698178030794 8.095346450805664 13
1698178030923 7.714988708496094 14
1698178031053 7.500558853149414 15
1698178031289 7.614353179931641 16
1698178031458 7.3330464363098145 17
1698178031583 7.579437255859375 18
1698178031707 7.828561305999756 19
1698178031831 7.871058940887451 20
1698178031949 7.726417541503906 21
1698178032070 7.393302917480469 22
1698178032203 7.440101623535156 23
1698178032332 7.530910015106201 24
1698178032459 7.492056369781494 25
1698178032584 7.232650279998779 26
1698178032712 7.42937707901001 27
1698178032836 7.511390686035156 28
1698178032952 7.86010217666626 29
1698178033068 7.153563499450684 30
1698178033197 7.075850963592529 31
1698178033327 6.93925666809082 32
1698178033453 7.080082416534424 33
1698178033561 6.91409158706665 34
1698178033670 7.054551601409912 35
1698178033779 7.014838218688965 36
1698178033901 7.10447883605957 37
1698178034007 7.029456615447998 38
1698178034115 7.006261825561523 39
1698178034222 7.064533710479736 40
1698178034354 6.909250259399414 41
1698178034481 6.740230560302734 42
1698178034591 6.981753349304199 43
1698178034737 6.596288681030273 44
1698178034900 6.804530143737793 45
1698178035038 6.964795112609863 46
1698178035167 6.866386890411377 47
1698178035294 6.8051838874816895 48
1698178035445 6.589262008666992 49
