1698161628468 65245.4765625 0
1698161629168 120618.21875 1
1698161630195 97886.7109375 2
1698161631594 93657.609375 3
1698161632857 91879.7421875 4
1698161633999 87723.0 5
1698161635166 84208.828125 6
1698161636274 80485.5 7
1698161637256 78461.1875 8
1698161638177 66406.3828125 9
1698161639452 59774.671875 10
1698161640361 49331.921875 11
1698161641846 72043.1484375 12
1698161643251 46462.89453125 13
1698161644643 36209.91796875 14
1698161645702 55463.73046875 15
1698161646767 85259.5703125 16
1698161648216 66050.59375 17
1698161650010 51795.6015625 18
1698161651399 62064.859375 19
1698161652884 47239.2578125 20
1698161654178 54332.19921875 21
1698161655920 51503.69921875 22
1698161657023 47878.203125 23
1698161658071 94559.84375 24
1698161658899 43006.296875 25
