1698176131490 62.2076301574707 0
1698176131722 15.44056510925293 1
1698176131934 12.06126880645752 2
1698176132156 9.568628311157227 3
1698176132379 8.512778282165527 4
1698176132591 8.366158485412598 5
1698176132800 7.867932319641113 6
1698176133040 7.644341468811035 7
1698176133276 7.683446884155273 8
1698176133520 7.806356906890869 9
1698176133725 7.24571418762207 10
1698176133931 6.9718241691589355 11
1698176134168 7.075274467468262 12
1698176134389 6.642791748046875 13
1698176134594 6.8765435218811035 14
1698176134820 6.775598526000977 15
1698176135025 6.827009201049805 16
1698176135228 6.6964192390441895 17
1698176135435 6.793574333190918 18
1698176135647 6.60378360748291 19
1698176135877 6.558267116546631 20
1698176136141 6.4529876708984375 21
1698176136353 6.298893928527832 22
1698176136563 6.523423671722412 23
1698176136779 6.56900691986084 24
1698176136988 6.111481189727783 25
1698176137210 6.332239627838135 26
1698176137421 6.453634262084961 27
1698176137627 6.615602493286133 28
1698176137838 6.438588619232178 29
1698176138044 6.288804054260254 30
1698176138274 6.266361236572266 31
1698176138490 5.953958034515381 32
1698176138733 6.117576599121094 33
1698176138949 6.083329200744629 34
1698176139175 6.205186367034912 35
1698176139385 6.272061824798584 36
1698176139593 5.7600178718566895 37
1698176139807 6.061561584472656 38
1698176140018 6.063876152038574 39
1698176140250 6.323794364929199 40
1698176140465 6.065622806549072 41
1698176140702 5.899921417236328 42
1698176140936 6.233343124389648 43
1698176141172 6.009158611297607 44
1698176141385 5.637692928314209 45
1698176141593 5.779710292816162 46
1698176141833 5.585676670074463 47
1698176142086 5.667270660400391 48
1698176142317 5.775388240814209 49
