1698230682036 7.997796058654785 0
1698230682458 3.160835027694702 1
1698230682931 0.9822804927825928 2
1698230683337 0.49068203568458557 3
1698230683737 0.4794965982437134 4
1698230684132 0.4309404492378235 5
1698230684558 0.42260682582855225 6
1698230684956 0.42689335346221924 7
1698230686652 0.37395986914634705 8
1698230687072 0.3754286468029022 9
1698230687753 0.3350164592266083 10
1698230689110 0.32804104685783386 11
1698230689703 0.305299311876297 12
1698230691083 0.30448535084724426 13
1698230691786 0.28158628940582275 14
1698230692118 0.28139689564704895 15
1698230692468 0.2562004327774048 16
1698230694189 0.26459580659866333 17
1698230695768 0.24792838096618652 18
1698230696129 0.26046022772789 19
1698230696469 0.22300606966018677 20
1698230696827 0.24117723107337952 21
1698230698433 0.23205021023750305 22
1698230700225 0.2324886918067932 23
1698230700565 0.2327743023633957 24
1698230702373 0.23397944867610931 25
1698230703815 0.2122490257024765 26
1698230704182 0.20544995367527008 27
1698230704571 0.21893155574798584 28
1698230705018 0.19698095321655273 29
1698230705423 0.20011208951473236 30
1698230707153 0.18952018022537231 31
1698230707812 0.190334752202034 32
1698230708202 0.20121900737285614 33
1698230708571 0.17143072187900543 34
1698230708943 0.18291662633419037 35
1698230710135 0.2025454044342041 36
1698230710507 0.19520266354084015 37
1698230712123 0.17972102761268616 38
1698230712508 0.18902502954006195 39
1698230712881 0.18313662707805634 40
1698230714218 0.18384741246700287 41
1698230714592 0.18432065844535828 42
1698230714993 0.17528855800628662 43
1698230716483 0.17334583401679993 44
1698230716863 0.1681412011384964 45
1698230718649 0.1683768332004547 46
1698230720029 0.17163601517677307 47
1698230721521 0.1621135175228119 48
1698230723013 0.17512129247188568 49
