1698230682036 163.29966735839844 0
1698230682458 101.2475357055664 1
1698230682931 66.80431365966797 2
1698230683337 60.09577560424805 3
1698230683737 57.839229583740234 4
1698230684132 55.9124755859375 5
1698230684558 52.921695709228516 6
1698230684956 53.589534759521484 7
1698230686652 49.882850646972656 8
1698230687072 48.749752044677734 9
1698230687753 46.728240966796875 10
1698230689110 45.48374557495117 11
1698230689703 43.56571960449219 12
1698230691083 43.25006866455078 13
1698230691786 41.843650817871094 14
1698230692118 40.79082107543945 15
1698230692468 40.11446762084961 16
1698230694189 38.79670715332031 17
1698230695768 38.726470947265625 18
1698230696129 38.43476867675781 19
1698230696469 37.46387481689453 20
1698230696827 37.09880065917969 21
1698230698433 36.536476135253906 22
1698230700225 35.490108489990234 23
1698230700565 34.02699661254883 24
1698230702373 34.58714294433594 25
1698230703815 34.08894729614258 26
1698230704182 33.292057037353516 27
1698230704571 33.14906311035156 28
1698230705018 32.46352767944336 29
1698230705423 31.7993106842041 30
1698230707153 31.80996322631836 31
1698230707812 31.27117347717285 32
1698230708202 31.58025550842285 33
1698230708571 30.667203903198242 34
1698230708943 30.497390747070312 35
1698230710135 29.688146591186523 36
1698230710507 30.551267623901367 37
1698230712123 29.290891647338867 38
1698230712508 30.361873626708984 39
1698230712881 28.87462615966797 40
1698230714218 27.964506149291992 41
1698230714592 28.74921226501465 42
1698230714993 27.944238662719727 43
1698230716483 27.76140785217285 44
1698230716863 27.559520721435547 45
1698230718649 26.684663772583008 46
1698230720029 27.25716209411621 47
1698230721521 26.65142250061035 48
1698230723013 26.830442428588867 49
