1698176549302 0.035024721175432205 0
1698176549916 0.007493666373193264 1
1698176550510 0.00531425978988409 2
1698176551250 0.0059891254641115665 3
1698176551852 0.005534441210329533 4
1698176552426 0.004676357377320528 5
1698176552949 0.00480236392468214 6
1698176553469 0.004590979777276516 7
1698176553997 0.004294671583920717 8
1698176554613 0.004094986245036125 9
1698176555192 0.004237484652549028 10
1698176555907 0.00427772244438529 11
1698176556481 0.0035674942191690207 12
1698176557084 0.004108681343495846 13
1698176557809 0.004215042572468519 14
1698176558370 0.003979083616286516 15
1698176558964 0.0032016844488680363 16
1698176559604 0.003466892521828413 17
1698176560222 0.0033427251037210226 18
1698176560761 0.004220564384013414 19
1698176561272 0.0034014966804534197 20
1698176561813 0.0032783090136945248 21
1698176562360 0.003971243277192116 22
1698176562887 0.003960078116506338 23
1698176563415 0.0034962776117026806 24
1698176564037 0.003079867223277688 25
1698176564605 0.0035470048896968365 26
1698176565199 0.004057865124195814 27
1698176565806 0.0034001022577285767 28
1698176566475 0.003195668337866664 29
1698176567054 0.0032328334636986256 30
1698176567805 0.0038020790088921785 31
1698176568331 0.003960764966905117 32
1698176568852 0.003187131602317095 33
1698176569374 0.0034367369953542948 34
1698176569914 0.0033490012865513563 35
1698176570423 0.0032010357826948166 36
1698176570958 0.0032036828342825174 37
1698176571480 0.0032291822135448456 38
1698176572025 0.003157690865918994 39
1698176572584 0.0034775712992995977 40
1698176573103 0.0034265504218637943 41
1698176573652 0.003188852919265628 42
1698176574307 0.0028506459202617407 43
1698176574858 0.0028755913954228163 44
1698176575440 0.0032766808290034533 45
1698176575986 0.0029926199931651354 46
1698176576528 0.0032604611478745937 47
1698176577118 0.003466149792075157 48
1698176577655 0.0029015811160206795 49
