1698178689637 0.014861713163554668 0
1698178689777 0.0024634068831801414 1
1698178689943 0.002131968503817916 2
1698178690181 0.001840804354287684 3
1698178690333 0.0019183526746928692 4
1698178690469 0.001902756397612393 5
1698178690604 0.0017178377602249384 6
1698178690738 0.0016088158590719104 7
1698178690918 0.0017706347862258554 8
1698178691066 0.0014717227313667536 9
1698178691201 0.0012917692074552178 10
1698178691342 0.0015048404457047582 11
1698178691515 0.0013069738633930683 12
1698178691667 0.0015010177157819271 13
1698178691802 0.0012839774135500193 14
1698178691937 0.0013634015340358019 15
1698178692073 0.0012835306115448475 16
1698178692206 0.0016318786656484008 17
1698178692341 0.001411567209288478 18
1698178692474 0.0014274439308792353 19
1698178692629 0.0011470381869003177 20
1698178692754 0.001355262123979628 21
1698178692881 0.0012952463002875447 22
1698178693013 0.0016532038571313024 23
1698178693151 0.001255581621080637 24
1698178693280 0.0012239243369549513 25
1698178693419 0.0012742613907903433 26
1698178693545 0.0011198053834959865 27
1698178693672 0.001171477371826768 28
1698178693798 0.0012371899792924523 29
1698178693930 0.0010933339362964034 30
1698178694061 0.0011059836251661181 31
1698178694205 0.0010229424806311727 32
1698178694335 0.0010560177033767104 33
1698178694483 0.0011571533977985382 34
1698178694637 0.0012680826475843787 35
1698178694805 0.0012820331612601876 36
1698178695025 0.0010386501671746373 37
1698178695158 0.001092500053346157 38
1698178695292 0.0012977003352716565 39
1698178695443 0.0011411081068217754 40
1698178695585 0.001340109622105956 41
1698178695725 0.0012054569087922573 42
1698178695863 0.001228587469086051 43
1698178696000 0.0011808928102254868 44
1698178696154 0.0011255006538704038 45
1698178696288 0.00126432825345546 46
1698178696435 0.001137719489634037 47
1698178696576 0.0011776944156736135 48
1698178696705 0.0011616749688982964 49
