1698167288408 0.03645128384232521 0
1698167289057 0.007805812172591686 1
1698167289513 0.007775444537401199 2
1698167289958 0.007763455621898174 3
1698167290367 0.008423475548624992 4
1698167290845 0.007762357126921415 5
1698167291250 0.008026547729969025 6
1698167291676 0.007805216126143932 7
1698167292092 0.007507831323891878 8
1698167292470 0.007423361763358116 9
1698167292835 0.007596649695187807 10
1698167293229 0.007578451186418533 11
1698167293616 0.00756291626021266 12
1698167293985 0.00759591581299901 13
1698167294465 0.007696244865655899 14
1698167295051 0.008087696507573128 15
1698167295592 0.007399529218673706 16
1698167296192 0.007488056551665068 17
1698167296794 0.00785044115036726 18
1698167297229 0.007449256256222725 19
1698167297916 0.007858009077608585 20
1698167298734 0.007669144310057163 21
1698167299229 0.00744659872725606 22
1698167300152 0.007430589757859707 23
1698167300722 0.007777343038469553 24
1698167301315 0.007641323376446962 25
1698167301866 0.007652846165001392 26
1698167302478 0.007972802966833115 27
1698167302991 0.007401297800242901 28
1698167303742 0.007503013592213392 29
1698167304565 0.007621576078236103 30
1698167305179 0.007575755473226309 31
1698167305702 0.007780632935464382 32
1698167306144 0.0073314690962433815 33
1698167306633 0.007518121041357517 34
1698167307050 0.0073835114017128944 35
1698167307501 0.008268356323242188 36
1698167307963 0.008038644678890705 37
1698167308413 0.00820684153586626 38
1698167309002 0.007743753492832184 39
1698167309599 0.007852979004383087 40
1698167310344 0.007347680162638426 41
1698167311010 0.007346609141677618 42
1698167311458 0.007497534155845642 43
1698167311891 0.007419014815241098 44
1698167312348 0.007415722589939833 45
1698167312952 0.007521694526076317 46
1698167313603 0.007683646399527788 47
1698167314083 0.007412633392959833 48
1698167314477 0.007539631798863411 49
