1698158752175 0.7069394588470459 0
1698158752553 0.608618438243866 1
1698158752874 0.5037435293197632 2
1698158753213 0.39485716819763184 3
1698158753573 0.3063947260379791 4
1698158753894 0.2747175097465515 5
1698158754296 0.2526361048221588 6
1698158754681 0.23113305866718292 7
1698158755182 0.2127416431903839 8
1698158755571 0.1995052993297577 9
1698158755886 0.19095127284526825 10
1698158756203 0.18215814232826233 11
1698158756532 0.1753997653722763 12
1698158756852 0.16877812147140503 13
1698158757217 0.16272126138210297 14
1698158757535 0.15649199485778809 15
1698158757883 0.15011654794216156 16
1698158758249 0.14418549835681915 17
1698158758585 0.13880449533462524 18
1698158758944 0.13313400745391846 19
1698158759247 0.1288800686597824 20
1698158759671 0.1243557557463646 21
1698158760055 0.12080461531877518 22
1698158760354 0.11755318939685822 23
1698158760715 0.11407344788312912 24
1698158761047 0.11061995476484299 25
1698158761405 0.10769238322973251 26
1698158761745 0.1059546247124672 27
1698158762101 0.10281349718570709 28
