1698178306011 0.0005329708801582456 0
1698178306109 8.30927601782605e-05 1
1698178306208 7.071826985338703e-05 2
1698178306308 6.861620931886137e-05 3
1698178306408 6.969833339098841e-05 4
1698178306507 6.533609121106565e-05 5
1698178306610 6.414647941710427e-05 6
1698178306710 5.5937452998477966e-05 7
1698178306822 5.447922012535855e-05 8
1698178306921 6.312017649179325e-05 9
1698178307030 4.704821913037449e-05 10
1698178307134 5.3766565542900935e-05 11
1698178307235 5.602117016678676e-05 12
1698178307333 5.8066150813829154e-05 13
1698178307434 5.3408519306685776e-05 14
1698178307534 5.5422169680241495e-05 15
1698178307634 6.02764957875479e-05 16
1698178307734 4.925512621412054e-05 17
1698178307832 4.908784831059165e-05 18
1698178307931 4.8685094952816144e-05 19
1698178308030 5.321197022567503e-05 20
1698178308128 5.7244946219725534e-05 21
1698178308226 4.808853555005044e-05 22
1698178308347 4.720679862657562e-05 23
1698178308460 4.795794666279107e-05 24
1698178308569 5.001051613362506e-05 25
1698178308669 5.225252243690193e-05 26
1698178308769 4.97027431265451e-05 27
1698178308867 4.032909782836214e-05 28
1698178308991 4.6623059461126104e-05 29
1698178309097 4.734804679173976e-05 30
1698178309196 4.3642972741508856e-05 31
1698178309296 4.7487545089097694e-05 32
1698178309395 4.5615895942319185e-05 33
1698178309493 4.7147812438197434e-05 34
1698178309592 4.36794689449016e-05 35
1698178309698 4.4612348574446514e-05 36
1698178309802 4.185828220215626e-05 37
1698178309906 3.994619692093693e-05 38
1698178310021 4.909815106657334e-05 39
1698178310124 4.76508321298752e-05 40
1698178310229 4.9195459723705426e-05 41
1698178310340 4.61407944385428e-05 42
1698178310449 4.1198552935384214e-05 43
1698178310550 4.506302502704784e-05 44
1698178310656 4.564507253235206e-05 45
1698178310758 4.5663255150429904e-05 46
1698178310857 4.1528739529894665e-05 47
1698178310958 4.9326041335007176e-05 48
1698178311068 4.62795069324784e-05 49
