1698161116722 0.1837158203125 0
1698161117777 0.08168475329875946 1
1698161118703 0.05588259920477867 2
1698161119645 0.046509236097335815 3
1698161120603 0.03887857124209404 4
1698161121715 0.03403600677847862 5
1698161122821 0.029712742194533348 6
1698161123858 0.026937615126371384 7
1698161124814 0.024606043472886086 8
1698161125897 0.022770680487155914 9
1698161127084 0.021284496411681175 10
1698161128115 0.019974222406744957 11
1698161129070 0.01964484341442585 12
1698161130055 0.01789858378469944 13
1698161131051 0.017259761691093445 14
1698161132037 0.016320347785949707 15
1698161133030 0.016192374750971794 16
1698161133996 0.015240689739584923 17
1698161134972 0.01513301208615303 18
1698161136012 0.01492290198802948 19
1698161137255 0.015238780528306961 20
1698161138437 0.015000025741755962 21
1698161139412 0.014671745710074902 22
1698161140343 0.014289038255810738 23
1698161141378 0.014866986311972141 24
1698161142358 0.01444369275122881 25
1698161143365 0.014257794246077538 26
1698161144333 0.014225826598703861 27
1698161145525 0.01454310305416584 28
