1698184074251 56.82255935668945 0
1698184074399 25.61054229736328 1
1698184074573 30.733020782470703 2
1698184074735 21.257905960083008 3
1698184074890 16.504596710205078 4
1698184075039 15.034866333007812 5
1698184075188 14.608494758605957 6
1698184075332 13.687834739685059 7
1698184075508 13.574715614318848 8
1698184075659 12.84194564819336 9
1698184075813 13.577195167541504 10
1698184075962 13.086881637573242 11
1698184076106 12.398083686828613 12
1698184076251 12.922028541564941 13
1698184076394 12.411293029785156 14
1698184076542 12.821931838989258 15
1698184076685 12.317569732666016 16
1698184076857 12.252483367919922 17
1698184077008 12.335145950317383 18
1698184077155 12.000580787658691 19
1698184077300 11.454731941223145 20
1698184077445 11.949010848999023 21
1698184077591 11.3726806640625 22
1698184077752 11.268638610839844 23
1698184077911 11.08545207977295 24
1698184078064 11.52916431427002 25
1698184078232 11.233232498168945 26
1698184078389 11.150543212890625 27
1698184078536 11.123527526855469 28
1698184078682 10.764924049377441 29
1698184078840 10.408291816711426 30
1698184078987 10.826382637023926 31
1698184079142 10.941399574279785 32
1698184079304 10.30636215209961 33
1698184079457 10.515761375427246 34
1698184079612 10.58780288696289 35
1698184079755 10.576162338256836 36
1698184079903 10.566130638122559 37
1698184080052 10.418542861938477 38
1698184080197 10.070533752441406 39
1698184080343 10.519820213317871 40
1698184080510 10.335500717163086 41
1698184080673 10.664999961853027 42
1698184080825 10.38870906829834 43
1698184080973 10.289937973022461 44
1698184081121 10.035709381103516 45
1698184081276 9.827268600463867 46
1698184081422 9.599013328552246 47
1698184081577 9.548596382141113 48
1698184081735 10.271055221557617 49
