1698160623385 25580.78515625 0
1698160624649 71114.1875 1
1698160626104 72108.1328125 2
1698160627447 76768.0 3
1698160628890 89938.0 4
1698160630187 75701.1484375 5
1698160631371 72190.53125 6
1698160632641 69815.5390625 7
1698160633831 67309.7421875 8
1698160635454 67201.8203125 9
1698160636628 72222.4296875 10
1698160637664 68940.3125 11
1698160638732 58839.84765625 12
1698160639858 62399.87890625 13
1698160640938 69089.484375 14
1698160642075 72256.4921875 15
1698160643295 57209.63671875 16
1698160644400 54323.3671875 17
1698160645446 60444.8203125 18
1698160646447 57735.859375 19
1698160647477 62163.84375 20
1698160648514 60639.4765625 21
