1698179808187 0.09850504249334335 0
1698179808412 0.020099567249417305 1
1698179808620 0.018040332943201065 2
1698179808852 0.015172760933637619 3
1698179809040 0.019487125799059868 4
1698179809230 0.015059731900691986 5
1698179809463 0.01399815734475851 6
1698179809655 0.013833827339112759 7
1698179809849 0.015072713606059551 8
1698179810037 0.01744566485285759 9
1698179810219 0.013624274171888828 10
1698179810404 0.011696959845721722 11
1698179810588 0.013472598046064377 12
1698179810771 0.012020290829241276 13
1698179810966 0.012945530004799366 14
1698179811172 0.013571277260780334 15
1698179811360 0.014010666869580746 16
1698179811551 0.013846143148839474 17
1698179811740 0.012373398058116436 18
1698179811924 0.013315405696630478 19
1698179812096 0.011266805231571198 20
1698179812279 0.01039127167314291 21
1698179812469 0.010875788517296314 22
1698179812650 0.012288752943277359 23
1698179812834 0.015728168189525604 24
1698179813044 0.009661713615059853 25
1698179813245 0.009787031449377537 26
1698179813426 0.009014899842441082 27
1698179813608 0.01447374653071165 28
1698179813800 0.013813454657793045 29
1698179813986 0.016682710498571396 30
1698179814179 0.01059838104993105 31
1698179814367 0.01139677781611681 32
1698179814552 0.012618297711014748 33
1698179814740 0.010636487975716591 34
1698179814922 0.009348733350634575 35
1698179815111 0.011670180596411228 36
1698179815291 0.009192302823066711 37
1698179815471 0.009593580849468708 38
1698179815656 0.011598276905715466 39
1698179815857 0.010473082773387432 40
1698179816059 0.012331701815128326 41
1698179816246 0.01197387557476759 42
1698179816437 0.009481523185968399 43
1698179816632 0.009605719707906246 44
1698179816865 0.010796935297548771 45
1698179817095 0.010971277952194214 46
1698179817282 0.010584913194179535 47
1698179817467 0.010983790270984173 48
1698179817674 0.010579715482890606 49
