1698180114883 33.278385162353516 0
1698180114984 20.786588668823242 1
1698180115085 19.55288314819336 2
1698180115189 17.1287784576416 3
1698180115293 16.32102394104004 4
1698180115396 15.980405807495117 5
1698180115498 17.394882202148438 6
1698180115601 18.33047866821289 7
1698180115706 15.456488609313965 8
1698180115810 13.37571907043457 9
1698180115913 13.096420288085938 10
1698180116027 13.966190338134766 11
1698180116154 13.277557373046875 12
1698180116260 12.858489990234375 13
1698180116368 13.332379341125488 14
1698180116474 14.519619941711426 15
1698180116592 15.654487609863281 16
1698180116697 14.248525619506836 17
1698180116801 14.049490928649902 18
1698180116905 13.93161678314209 19
1698180117008 14.383180618286133 20
1698180117150 14.622206687927246 21
1698180117266 15.642294883728027 22
1698180117375 15.501167297363281 23
1698180117481 16.240943908691406 24
1698180117586 16.1092472076416 25
1698180117690 16.592927932739258 26
1698180117793 16.971435546875 27
1698180117896 18.29697608947754 28
1698180117999 18.50499153137207 29
1698180118140 17.269563674926758 30
1698180118259 19.098018646240234 31
1698180118365 18.240966796875 32
1698180118472 19.48948860168457 33
1698180118577 19.14208221435547 34
1698180118680 20.289928436279297 35
1698180118783 22.02227783203125 36
1698180118886 21.625675201416016 37
1698180118989 21.716880798339844 38
1698180119129 21.582284927368164 39
1698180119239 23.268539428710938 40
1698180119367 23.109073638916016 41
1698180119474 24.350313186645508 42
1698180119583 23.680543899536133 43
1698180119690 25.089357376098633 44
1698180119811 24.09333610534668 45
1698180119934 26.902217864990234 46
1698180120062 25.21434783935547 47
1698180120190 26.42008399963379 48
1698180120299 28.56453514099121 49
