1698151756227 0.27225959300994873 0
1698151757126 0.14293521642684937 1
1698151758010 0.09490370750427246 2
1698151758889 0.0823328047990799 3
1698151759869 0.06926900148391724 4
1698151760797 0.06006908789277077 5
1698151761703 0.05534594506025314 6
1698151762662 0.051361747086048126 7
1698151763543 0.048235341906547546 8
1698151764498 0.04559238627552986 9
1698151765431 0.04338749125599861 10
1698151766287 0.04087962582707405 11
1698151767201 0.03856661170721054 12
1698151768070 0.03696705400943756 13
1698151769040 0.03536154702305794 14
1698151770155 0.03367389738559723 15
1698151771104 0.03263872489333153 16
1698151771995 0.031931813806295395 17
1698151772893 0.031386177986860275 18
1698151773746 0.030385740101337433 19
1698151774641 0.02960018813610077 20
1698151775605 0.028467651456594467 21
1698151776626 0.028120972216129303 22
1698151777536 0.02702946960926056 23
1698151778517 0.026746854186058044 24
