1698155368972 71.25570678710938 0
1698155371896 54.85319137573242 1
1698155374838 36.930328369140625 2
1698155377516 31.088348388671875 3
1698155380374 27.812177658081055 4
1698155383895 24.15184783935547 5
1698155387752 24.081729888916016 6
1698155392286 22.231138229370117 7
1698155396782 21.45281982421875 8
1698155402003 21.213640213012695 9
1698155407035 21.88016128540039 10
1698155412438 20.708791732788086 11
1698155417896 19.39413070678711 12
1698155422498 18.59044647216797 13
1698155425372 18.711748123168945 14
1698155428869 17.71683692932129 15
1698155433565 17.249439239501953 16
1698155437111 17.45286750793457 17
1698155441357 16.839595794677734 18
1698155445267 17.891006469726562 19
1698155449104 17.11210060119629 20
1698155453814 17.054672241210938 21
1698155457604 16.379858016967773 22
1698155461855 18.134157180786133 23
