1698160228804 0.06769765168428421 0
1698160230120 0.029638368636369705 1
1698160231300 0.013981976546347141 2
1698160232445 0.008302927017211914 3
1698160233711 0.004570104647427797 4
1698160234808 0.0029688626527786255 5
1698160235861 0.002449153224006295 6
1698160236908 0.00219528516754508 7
1698160237963 0.002156964037567377 8
1698160239232 0.0021388439927250147 9
1698160240376 0.0022880251053720713 10
1698160241409 0.002102477476000786 11
1698160242433 0.0020609567873179913 12
1698160243497 0.002106936415657401 13
1698160244573 0.0020173201337456703 14
1698160245668 0.002091878792271018 15
1698160246684 0.001941327820532024 16
1698160247969 0.002147037535905838 17
