1698180500639 18.1242618560791 0
1698180500892 6.246912956237793 1
1698180501154 6.00880241394043 2
1698180501401 6.918297290802002 3
1698180501624 7.299999713897705 4
1698180501850 5.789217948913574 5
1698180502070 5.2145891189575195 6
1698180502288 5.549175262451172 7
1698180502540 5.315141201019287 8
1698180502764 5.2721734046936035 9
1698180502986 4.964509963989258 10
1698180503195 4.7602763175964355 11
1698180503414 5.49876594543457 12
1698180503653 4.901525974273682 13
1698180503876 5.005597114562988 14
1698180504113 6.882120609283447 15
1698180504332 5.4282002449035645 16
1698180504568 5.349370956420898 17
1698180504788 7.068994522094727 18
1698180505026 4.786675930023193 19
1698180505249 5.255170822143555 20
1698180505466 5.302571773529053 21
1698180505700 4.633434772491455 22
1698180505917 5.053266525268555 23
1698180506128 4.953661918640137 24
1698180506383 5.226091384887695 25
1698180506608 5.002227783203125 26
1698180506825 5.354740619659424 27
1698180507051 5.373219013214111 28
1698180507265 5.3212571144104 29
1698180507483 5.041194915771484 30
1698180507721 4.667788028717041 31
1698180507952 4.5904951095581055 32
1698180508172 4.800770282745361 33
1698180508395 4.595397472381592 34
1698180508636 5.186103820800781 35
1698180508873 4.905016899108887 36
1698180509100 4.9800238609313965 37
1698180509317 5.177156448364258 38
1698180509558 5.114025115966797 39
1698180509779 4.913613796234131 40
1698180510008 4.69333553314209 41
1698180510243 4.774073600769043 42
1698180510500 5.128210544586182 43
1698180510753 5.567577838897705 44
1698180511010 4.785531997680664 45
1698180511250 6.52573823928833 46
1698180511513 6.719815731048584 47
1698180511758 5.448845386505127 48
1698180511999 5.672466278076172 49
