1698185492767 1180.3226318359375 0
1698185493125 371.4707946777344 1
1698185493480 361.2442626953125 2
1698185493820 323.06793212890625 3
1698185494150 386.8912658691406 4
1698185494486 238.3658447265625 5
1698185494837 454.9186706542969 6
1698185495183 274.20306396484375 7
1698185495551 200.93666076660156 8
1698185495889 213.9579620361328 9
1698185496242 291.2173156738281 10
1698185496607 441.5552062988281 11
1698185497028 278.9306640625 12
1698185497438 179.36961364746094 13
1698185497776 222.3999786376953 14
1698185498176 225.68801879882812 15
1698185498594 313.44775390625 16
1698185498961 212.92416381835938 17
1698185499352 180.90188598632812 18
1698185499766 225.80816650390625 19
1698185500104 193.11563110351562 20
1698185500456 195.54342651367188 21
1698185500804 220.6979522705078 22
1698185501144 200.21139526367188 23
1698185501476 267.5398254394531 24
1698185501829 163.4757537841797 25
1698185502164 221.64968872070312 26
1698185502506 237.34532165527344 27
1698185502836 205.87477111816406 28
1698185503203 229.9832305908203 29
1698185503530 243.4146728515625 30
1698185503871 222.68426513671875 31
1698185504207 210.5316162109375 32
1698185504547 178.35813903808594 33
1698185504896 170.66497802734375 34
1698185505235 275.49774169921875 35
1698185505571 182.81985473632812 36
1698185505909 164.12265014648438 37
1698185506276 157.04183959960938 38
1698185506614 158.5273895263672 39
1698185506952 217.27044677734375 40
1698185507310 227.7655487060547 41
1698185507663 140.0021209716797 42
1698185508012 192.86099243164062 43
1698185508349 172.10792541503906 44
1698185508680 229.11766052246094 45
1698185509046 315.67626953125 46
1698185509396 316.4538879394531 47
1698185509730 178.1686248779297 48
1698185510094 167.6520233154297 49
