1698185942690 4.916201591491699 0
1698185942822 0.8865483403205872 1
1698185942948 0.8788132667541504 2
1698185943070 0.886785089969635 3
1698185943200 0.7929361462593079 4
1698185943386 0.7872521281242371 5
1698185943542 0.6826754212379456 6
1698185943708 0.6891404986381531 7
1698185943846 0.6902453899383545 8
1698185943976 0.7589975595474243 9
1698185944100 0.7516098022460938 10
1698185944235 0.7242158651351929 11
1698185944367 0.712751030921936 12
1698185944536 0.7442912459373474 13
1698185944729 0.6279135942459106 14
1698185944884 0.6235091090202332 15
1698185945024 0.6735575795173645 16
1698185945154 0.7861321568489075 17
1698185945280 0.7486197352409363 18
1698185945399 0.6115387082099915 19
1698185945652 0.6721425652503967 20
1698185945797 0.6006066799163818 21
1698185945925 0.6329066157341003 22
1698185946060 0.6258053183555603 23
1698185946210 0.5960454940795898 24
1698185946345 0.6237543225288391 25
1698185946473 0.5946204662322998 26
1698185946605 0.6303569674491882 27
1698185946742 0.5561130046844482 28
1698185946871 0.6347507238388062 29
1698185947002 0.5547440648078918 30
1698185947136 0.617206871509552 31
1698185947256 0.5758422613143921 32
1698185947403 0.5900508761405945 33
1698185947520 0.6537473797798157 34
1698185947648 0.6821011304855347 35
1698185947793 0.6405279040336609 36
1698185947915 0.6120686531066895 37
1698185948038 0.6818410754203796 38
1698185948162 0.6431156992912292 39
1698185948273 0.6233630180358887 40
1698185948397 0.6137824654579163 41
1698185948509 0.633457601070404 42
1698185948632 0.5522016882896423 43
1698185948765 0.5914808511734009 44
1698185948892 0.609669029712677 45
1698185949019 0.6262889504432678 46
1698185949131 0.6045483946800232 47
1698185949243 0.5545011162757874 48
1698185949363 0.5316585302352905 49
