1698185942690 22.679502487182617 0
1698185942822 9.172327041625977 1
1698185942948 8.875121116638184 2
1698185943070 8.60958194732666 3
1698185943200 8.050498962402344 4
1698185943386 8.164273262023926 5
1698185943542 8.29499340057373 6
1698185943708 7.572432518005371 7
1698185943846 8.300239562988281 8
1698185943976 8.718196868896484 9
1698185944100 8.097113609313965 10
1698185944235 7.7853875160217285 11
1698185944367 7.385128498077393 12
1698185944536 7.861264228820801 13
1698185944729 7.3351006507873535 14
1698185944884 7.536942481994629 15
1698185945024 8.34448528289795 16
1698185945154 8.664668083190918 17
1698185945280 8.228293418884277 18
1698185945399 7.515904426574707 19
1698185945652 7.790363788604736 20
1698185945797 7.407883644104004 21
1698185945925 7.6584320068359375 22
1698185946060 7.208245277404785 23
1698185946210 7.539675235748291 24
1698185946345 7.766269207000732 25
1698185946473 7.325108051300049 26
1698185946605 7.509896755218506 27
1698185946742 6.8233795166015625 28
1698185946871 7.1197404861450195 29
1698185947002 6.932253837585449 30
1698185947136 7.0013837814331055 31
1698185947256 6.948948860168457 32
1698185947403 7.068296909332275 33
1698185947520 7.329206466674805 34
1698185947648 8.248329162597656 35
1698185947793 6.996747970581055 36
1698185947915 6.708272457122803 37
1698185948038 7.445990562438965 38
1698185948162 6.905252456665039 39
1698185948273 7.175599575042725 40
1698185948397 7.281357288360596 41
1698185948509 7.385317325592041 42
1698185948632 7.017707347869873 43
1698185948765 7.258655071258545 44
1698185948892 7.106520175933838 45
1698185949019 7.393743991851807 46
1698185949131 6.632771015167236 47
1698185949243 7.129833221435547 48
1698185949363 6.774703502655029 49
