1698182231141 51.38444900512695 0
1698182231238 9.066624641418457 1
1698182231351 7.817312717437744 2
1698182231449 7.176153659820557 3
1698182231545 6.508866786956787 4
1698182231643 6.665179252624512 5
1698182231741 6.443118572235107 6
1698182231838 6.124528408050537 7
1698182231937 6.088999271392822 8
1698182232035 5.898997783660889 9
1698182232133 6.103530406951904 10
1698182232240 6.238232612609863 11
1698182232372 6.037075042724609 12
1698182232475 6.1529860496521 13
1698182232581 5.850949764251709 14
1698182232683 6.082192897796631 15
1698182232782 5.841968059539795 16
1698182232902 5.932144641876221 17
1698182232994 5.597345352172852 18
1698182233090 5.512507438659668 19
1698182233186 5.969006538391113 20
1698182233286 5.568531036376953 21
1698182233413 5.5859785079956055 22
1698182233515 5.661745548248291 23
1698182233612 5.423421859741211 24
1698182233709 5.591709613800049 25
1698182233807 5.440588474273682 26
1698182233905 5.38551664352417 27
1698182234002 5.472855091094971 28
1698182234102 5.633686542510986 29
1698182234203 5.291558265686035 30
1698182234309 5.384708881378174 31
1698182234438 5.243173599243164 32
1698182234537 5.201004505157471 33
1698182234643 5.43839693069458 34
1698182234766 5.545095443725586 35
1698182234911 5.260509490966797 36
1698182235042 5.205301761627197 37
1698182235180 5.149410247802734 38
1698182235282 5.27243709564209 39
1698182235386 5.229473114013672 40
1698182235490 5.2235188484191895 41
1698182235593 5.415557861328125 42
1698182235696 5.3451457023620605 43
1698182235796 5.1661577224731445 44
1698182235897 5.616520881652832 45
1698182235998 5.394260406494141 46
1698182236101 5.598194599151611 47
1698182236207 4.955979347229004 48
1698182236311 5.117690563201904 49
