1698185712994 14892.8935546875 0
1698185713493 27935.041015625 1
1698185714003 36498.88671875 2
1698185714521 48407.83984375 3
1698185715122 32264.91015625 4
1698185715632 39434.1875 5
1698185716147 40019.58203125 6
1698185716652 46216.53515625 7
1698185717178 40966.98828125 8
1698185717701 36434.12109375 9
1698185718236 41874.72265625 10
1698185718747 42063.8203125 11
1698185719334 31385.724609375 12
1698185719928 38017.5703125 13
1698185720494 34612.765625 14
1698185721097 36931.59375 15
1698185721664 31713.35546875 16
1698185722273 44751.64453125 17
1698185722785 33390.44921875 18
1698185723330 39459.05859375 19
1698185723830 32657.376953125 20
1698185724369 27864.478515625 21
1698185724874 32109.857421875 22
1698185725394 31600.3828125 23
1698185725903 34622.71875 24
1698185726439 39669.36328125 25
1698185726938 28049.427734375 26
1698185727470 34220.37109375 27
1698185727971 27814.640625 28
1698185728507 24223.69140625 29
1698185729019 33930.90234375 30
1698185729544 34209.26953125 31
1698185730053 27463.35546875 32
1698185730582 25091.48828125 33
1698185731092 38956.36328125 34
1698185731626 38248.48046875 35
1698185732131 33300.6484375 36
1698185732676 39638.61328125 37
1698185733283 31037.359375 38
1698185733801 35088.09375 39
1698185734430 32696.248046875 40
1698185734981 26464.603515625 41
1698185735582 38627.46484375 42
1698185736117 25643.33984375 43
1698185736653 31140.70703125 44
1698185737159 36952.40234375 45
1698185737686 34810.734375 46
1698185738191 30726.712890625 47
1698185738721 37990.4765625 48
1698185739231 24491.267578125 49
