1698175381043 0.510193943977356 0
1698175382463 0.06780344247817993 1
1698175383738 0.027793144807219505 2
1698175385110 0.02129743993282318 3
1698175386248 0.018061567097902298 4
1698175387389 0.017053861171007156 5
1698175388532 0.0171815138310194 6
1698175389707 0.01697692461311817 7
1698175390864 0.018769510090351105 8
1698175392166 0.015353353694081306 9
1698175393524 0.013952403329312801 10
1698175395163 0.019829563796520233 11
1698175396466 0.017561694607138634 12
1698175397792 0.013342269696295261 13
1698175399205 0.015341801568865776 14
1698175400423 0.01631767675280571 15
