1698153134355 281.8270263671875 0
1698153134925 196.45970153808594 1
1698153135522 141.3967742919922 2
1698153136083 148.00042724609375 3
1698153136646 137.4432373046875 4
1698153137288 121.81656646728516 5
1698153137853 110.02376556396484 6
1698153138451 103.95602416992188 7
1698153139008 99.47975158691406 8
1698153139594 93.54754638671875 9
1698153140162 92.37218475341797 10
1698153140746 89.61880493164062 11
1698153141465 88.64665222167969 12
1698153142023 85.40653228759766 13
1698153142616 83.69108581542969 14
1698153143198 81.04171752929688 15
1698153143760 76.83898162841797 16
1698153144361 74.71284484863281 17
1698153144932 74.25460052490234 18
1698153145518 74.67356872558594 19
1698153146084 70.34505462646484 20
1698153146644 72.056884765625 21
1698153147184 69.72332763671875 22
1698153147768 66.54436492919922 23
1698153148303 67.11597442626953 24
1698153148980 69.46761322021484 25
1698153149664 64.26378631591797 26
1698153150238 63.027652740478516 27
1698153151111 64.89761352539062 28
1698153151679 67.39952087402344 29
1698153152225 63.08924102783203 30
1698153152802 59.43875503540039 31
1698153153386 58.96956253051758 32
1698153153970 61.17452621459961 33
1698153154542 58.869178771972656 34
1698153155116 58.890472412109375 35
