1698178965843 0.06635946780443192 0
1698178966179 0.011575693264603615 1
1698178966460 0.012423240579664707 2
1698178966707 0.010608455166220665 3
1698178967025 0.014906121417880058 4
1698178967324 0.009378409013152122 5
1698178967588 0.009691206738352776 6
1698178967887 0.01032190304249525 7
1698178968127 0.009257042780518532 8
1698178968393 0.008827212266623974 9
1698178968644 0.008260230533778667 10
1698178968904 0.008534117601811886 11
1698178969153 0.007640891708433628 12
1698178969404 0.010001170448958874 13
1698178969659 0.008742046542465687 14
1698178969933 0.007270317990332842 15
1698178970189 0.007369450759142637 16
1698178970441 0.0076879095286130905 17
1698178970688 0.006399300415068865 18
1698178970956 0.007246158551424742 19
1698178971220 0.007968529127538204 20
1698178971478 0.007603082340210676 21
1698178971724 0.007938935421407223 22
1698178971971 0.007272627204656601 23
1698178972254 0.008088091388344765 24
1698178972497 0.007260708604007959 25
1698178972748 0.006076498422771692 26
1698178972996 0.007150314748287201 27
1698178973245 0.0073254844173789024 28
1698178973515 0.007047802675515413 29
1698178973779 0.007264690939337015 30
1698178974018 0.006005371920764446 31
1698178974259 0.006827549543231726 32
1698178974545 0.007248330861330032 33
1698178974797 0.007769187446683645 34
1698178975059 0.007132509257644415 35
1698178975319 0.00683880690485239 36
1698178975571 0.006996446289122105 37
1698178975843 0.0063380710780620575 38
1698178976108 0.006767679937183857 39
1698178976380 0.006422283593565226 40
1698178976623 0.006894715130329132 41
1698178976916 0.0071218861266970634 42
1698178977179 0.006923686247318983 43
1698178977495 0.006909440271556377 44
1698178977812 0.007858898490667343 45
1698178978142 0.00691863801330328 46
1698178978476 0.006700731348246336 47
1698178978739 0.006981923244893551 48
1698178978992 0.007959297858178616 49
