1698153222507 0.002834283746778965 0
1698153222893 0.0015031184302642941 1
1698153223252 0.0008745470549911261 2
1698153223683 0.0007160622626543045 3
1698153224058 0.0005712649435736239 4
1698153224443 0.0004559081280604005 5
1698153224806 0.0003659935900941491 6
1698153225127 0.0003081381437368691 7
1698153225467 0.0002722902863752097 8
1698153225797 0.00023236681590788066 9
1698153226131 0.00020926064462400973 10
1698153226477 0.00018862106662709266 11
1698153226857 0.0001698479027254507 12
1698153227227 0.00015936227282509208 13
1698153227681 0.00014437155914492905 14
1698153228034 0.00013957414194010198 15
1698153228410 0.000128426356241107 16
1698153228863 0.00012493590475060046 17
1698153229377 0.00012369205069262534 18
1698153229905 0.00011874157644342631 19
1698153230249 0.00011553369404282421 20
1698153230732 0.00011624357284745201 21
1698153231350 0.00011384185927454382 22
1698153231765 0.00011629916116362438 23
1698153232336 0.0001146904905908741 24
1698153232792 0.00011429016012698412 25
1698153233229 0.00011173011444043368 26
1698153233774 0.00011113745858892798 27
