1698153222507 274.1951904296875 0
1698153222893 201.85467529296875 1
1698153223252 160.11842346191406 2
1698153223683 151.54437255859375 3
1698153224058 131.61158752441406 4
1698153224443 114.94938659667969 5
1698153224806 98.70124053955078 6
1698153225127 90.53924560546875 7
1698153225467 84.7468490600586 8
1698153225797 74.29644012451172 9
1698153226131 68.07745361328125 10
1698153226477 62.564430236816406 11
1698153226857 58.406578063964844 12
1698153227227 55.29030227661133 13
1698153227681 50.55693817138672 14
1698153228034 51.557838439941406 15
1698153228410 46.42036056518555 16
1698153228863 47.112491607666016 17
1698153229377 43.007991790771484 18
1698153229905 41.85308837890625 19
1698153230249 41.939369201660156 20
1698153230732 39.13705062866211 21
1698153231350 37.72024154663086 22
1698153231765 38.8504753112793 23
1698153232336 39.73475646972656 24
1698153232792 37.89508056640625 25
1698153233229 37.519351959228516 26
1698153233774 37.19039535522461 27
