1698186068484 4.913712978363037 0
1698186068644 2.7589175701141357 1
1698186068812 1.8211195468902588 2
1698186069010 2.1908230781555176 3
1698186069210 1.995047926902771 4
1698186069387 1.778730034828186 5
1698186069561 1.6173925399780273 6
1698186069750 1.6818825006484985 7
1698186069931 1.6838945150375366 8
1698186070113 1.9049897193908691 9
1698186070285 1.7062941789627075 10
1698186070489 1.727099061012268 11
1698186070675 1.548627257347107 12
1698186070869 1.4436887502670288 13
1698186071055 1.3344889879226685 14
1698186071276 1.439193844795227 15
1698186071502 1.6770821809768677 16
1698186071680 1.2626817226409912 17
1698186071850 1.3581434488296509 18
1698186072038 1.5235644578933716 19
1698186072248 1.30861496925354 20
1698186072517 1.6166496276855469 21
1698186072706 1.3087981939315796 22
1698186072897 1.2083278894424438 23
1698186073094 1.5023539066314697 24
1698186073319 1.524474859237671 25
1698186073542 1.4480609893798828 26
1698186073763 1.2862149477005005 27
1698186073954 1.674150824546814 28
1698186074132 1.4470100402832031 29
1698186074316 1.5687963962554932 30
1698186074502 1.283285140991211 31
1698186074710 1.1257065534591675 32
1698186074934 1.405588150024414 33
1698186075132 1.2280343770980835 34
1698186075310 1.2170816659927368 35
1698186075506 1.2581266164779663 36
1698186075683 1.474860668182373 37
1698186075878 1.455079197883606 38
1698186076059 1.1754391193389893 39
1698186076248 1.5037342309951782 40
1698186076430 1.3616676330566406 41
1698186076609 1.3547357320785522 42
1698186076787 1.2183640003204346 43
1698186076967 1.1580621004104614 44
1698186077143 1.2279094457626343 45
1698186077311 1.3487093448638916 46
1698186077514 1.122085690498352 47
1698186077693 1.255242943763733 48
1698186077875 1.223076343536377 49
