1698186068484 23.803264617919922 0
1698186068644 18.62974739074707 1
1698186068812 15.64391803741455 2
1698186069010 15.698633193969727 3
1698186069210 15.489444732666016 4
1698186069387 14.889910697937012 5
1698186069561 14.836170196533203 6
1698186069750 14.003311157226562 7
1698186069931 13.619832992553711 8
1698186070113 14.450933456420898 9
1698186070285 14.322982788085938 10
1698186070489 13.000617980957031 11
1698186070675 13.31899642944336 12
1698186070869 13.027953147888184 13
1698186071055 12.41319751739502 14
1698186071276 13.425198554992676 15
1698186071502 13.273825645446777 16
1698186071680 12.424793243408203 17
1698186071850 11.947114944458008 18
1698186072038 12.60508918762207 19
1698186072248 11.803491592407227 20
1698186072517 12.540555953979492 21
1698186072706 12.097158432006836 22
1698186072897 11.619937896728516 23
1698186073094 12.736310958862305 24
1698186073319 12.725162506103516 25
1698186073542 12.230278968811035 26
1698186073763 12.374276161193848 27
1698186073954 11.956072807312012 28
1698186074132 12.324118614196777 29
1698186074316 12.31838607788086 30
1698186074502 12.016565322875977 31
1698186074710 11.738266944885254 32
1698186074934 11.623656272888184 33
1698186075132 11.338208198547363 34
1698186075310 11.56272029876709 35
1698186075506 11.371124267578125 36
1698186075683 12.087754249572754 37
1698186075878 11.976468086242676 38
1698186076059 11.01900577545166 39
1698186076248 12.006752014160156 40
1698186076430 12.052534103393555 41
1698186076609 11.701640129089355 42
1698186076787 12.12216567993164 43
1698186076967 11.63949966430664 44
1698186077143 11.239830017089844 45
1698186077311 11.126091003417969 46
1698186077514 11.010767936706543 47
1698186077693 10.98349380493164 48
1698186077875 11.86786937713623 49
