1698173631408 0.0014758219476789236 0
1698173631710 0.00011195813567610458 1
1698173631938 0.00010218505485681817 2
1698173632097 8.257033914560452e-05 3
1698173632286 8.208370127249509e-05 4
1698173632448 8.316146704601124e-05 5
1698173632595 6.96718561812304e-05 6
1698173632735 8.621827146271244e-05 7
1698173632883 6.638185732299462e-05 8
1698173633065 6.938041769899428e-05 9
1698173633224 7.357630965998396e-05 10
1698173633365 7.099307549651712e-05 11
1698173633504 6.969352398300543e-05 12
1698173633769 6.30823997198604e-05 13
1698173633921 6.502719043055549e-05 14
1698173634091 5.95626697759144e-05 15
1698173634244 6.447672058129683e-05 16
1698173634394 5.557926851906814e-05 17
1698173634541 5.8311485190643e-05 18
1698173634704 6.48658096906729e-05 19
1698173634866 6.086352368583903e-05 20
1698173635071 5.916482041357085e-05 21
1698173635229 5.4960237321211025e-05 22
1698173635392 5.038261951995082e-05 23
1698173635551 5.6290456996066496e-05 24
1698173635699 5.9696711105061695e-05 25
1698173635850 5.2748480811715126e-05 26
1698173636006 5.1822378736687824e-05 27
1698173636171 5.02251205034554e-05 28
1698173636340 5.090890408609994e-05 29
1698173636493 4.79710943181999e-05 30
1698173636630 5.297398820403032e-05 31
1698173636772 5.549001070903614e-05 32
1698173636923 4.7481349611189216e-05 33
1698173637079 5.029172825743444e-05 34
1698173637222 5.2050665544811636e-05 35
1698173637362 5.810062066302635e-05 36
1698173637505 5.01052854815498e-05 37
1698173637688 4.780362723977305e-05 38
1698173637846 5.63556095585227e-05 39
1698173637981 5.113064617034979e-05 40
1698173638155 5.101650458527729e-05 41
1698173638328 5.1026592700509354e-05 42
1698173638547 5.184995461604558e-05 43
1698173638861 4.426177474670112e-05 44
1698173639038 5.601292650680989e-05 45
1698173639216 5.055475776316598e-05 46
1698173639386 4.7806774091441184e-05 47
1698173639526 4.902344517176971e-05 48
1698173639674 4.6174311137292534e-05 49
