1698173631408 124.41049194335938 0
1698173631710 48.2271614074707 1
1698173631938 44.419219970703125 2
1698173632097 32.861419677734375 3
1698173632286 29.528953552246094 4
1698173632448 33.296085357666016 5
1698173632595 28.262218475341797 6
1698173632735 31.273595809936523 7
1698173632883 27.676591873168945 8
1698173633065 23.648466110229492 9
1698173633224 26.333040237426758 10
1698173633365 28.003755569458008 11
1698173633504 29.15602684020996 12
1698173633769 21.98386573791504 13
1698173633921 27.46485710144043 14
1698173634091 23.608190536499023 15
1698173634244 27.37220001220703 16
1698173634394 20.661718368530273 17
1698173634541 20.77855682373047 18
1698173634704 25.594329833984375 19
1698173634866 19.035186767578125 20
1698173635071 18.779088973999023 21
1698173635229 18.076017379760742 22
1698173635392 19.440078735351562 23
1698173635551 21.59690284729004 24
1698173635699 21.95984649658203 25
1698173635850 19.050519943237305 26
1698173636006 24.39722442626953 27
1698173636171 20.790388107299805 28
1698173636340 18.39970588684082 29
1698173636493 18.088348388671875 30
1698173636630 24.187583923339844 31
1698173636772 22.858253479003906 32
1698173636923 20.814104080200195 33
1698173637079 23.40789794921875 34
1698173637222 22.621248245239258 35
1698173637362 25.161396026611328 36
1698173637505 25.166305541992188 37
1698173637688 21.291608810424805 38
1698173637846 19.702289581298828 39
1698173637981 21.40593910217285 40
1698173638155 23.43333625793457 41
1698173638328 23.565492630004883 42
1698173638547 20.333311080932617 43
1698173638861 19.351360321044922 44
1698173639038 22.201404571533203 45
1698173639216 22.481857299804688 46
1698173639386 19.257917404174805 47
1698173639526 17.483680725097656 48
1698173639674 18.29704475402832 49
