1698186305828 5.297049045562744 0
1698186305918 0.7822527289390564 1
1698186306011 0.7306416034698486 2
1698186306106 0.707981526851654 3
1698186306198 0.6510381102561951 4
1698186306297 0.6212935447692871 5
1698186306396 0.5895512104034424 6
1698186306492 0.5686421394348145 7
1698186306592 0.5823410749435425 8
1698186306696 0.563257098197937 9
1698186306791 0.6301308870315552 10
1698186306886 0.5098270177841187 11
1698186306980 0.5865605473518372 12
1698186307159 0.6304426193237305 13
1698186307270 0.6175066828727722 14
1698186307396 0.4790547490119934 15
1698186307503 0.5305505394935608 16
1698186307602 0.5981526970863342 17
1698186307700 0.5143455266952515 18
1698186307797 0.4989146292209625 19
1698186307893 0.4923473298549652 20
1698186307992 0.5423800945281982 21
1698186308092 0.5636630058288574 22
1698186308203 0.4872063398361206 23
1698186308300 0.5732298493385315 24
1698186308403 0.5169563293457031 25
1698186308506 0.5412456393241882 26
1698186308606 0.5237540006637573 27
1698186308720 0.5730027556419373 28
1698186308826 0.49703601002693176 29
1698186308973 0.5146786570549011 30
1698186309104 0.5156587362289429 31
1698186309214 0.505776584148407 32
1698186309322 0.5671632885932922 33
1698186309432 0.50206458568573 34
1698186309531 0.45353490114212036 35
1698186309634 0.5022993683815002 36
1698186309742 0.5068463087081909 37
1698186309882 0.4941963255405426 38
1698186310009 0.49613672494888306 39
1698186310116 0.5045958757400513 40
1698186310218 0.4472673535346985 41
1698186310354 0.48761290311813354 42
1698186310464 0.5056440234184265 43
1698186310568 0.5798638463020325 44
1698186310693 0.5379992127418518 45
1698186310800 0.5065439939498901 46
1698186310908 0.4907005727291107 47
1698186311038 0.46953466534614563 48
1698186311174 0.5117014646530151 49
