1698184842341 26.55714225769043 0
1698184842472 18.514955520629883 1
1698184842586 17.565927505493164 2
1698184842707 15.145920753479004 3
1698184842840 15.811469078063965 4
1698184842962 15.433812141418457 5
1698184843097 14.9069242477417 6
1698184843229 13.933985710144043 7
1698184843361 13.405312538146973 8
1698184843482 13.431300163269043 9
1698184843626 13.457799911499023 10
1698184843767 13.154707908630371 11
1698184843913 12.987492561340332 12
1698184844041 12.636157035827637 13
1698184844169 13.09817123413086 14
1698184844320 12.32836627960205 15
1698184844465 12.393535614013672 16
1698184844607 12.394020080566406 17
1698184844748 12.449291229248047 18
1698184844870 13.197874069213867 19
1698184844995 12.6386079788208 20
1698184845123 12.38580322265625 21
1698184845239 12.701194763183594 22
1698184845368 13.124680519104004 23
1698184845494 12.76777458190918 24
1698184845627 13.160351753234863 25
1698184845754 11.8165283203125 26
1698184845882 12.391250610351562 27
1698184846007 11.606366157531738 28
1698184846120 11.818024635314941 29
1698184846247 12.556987762451172 30
1698184846373 12.053777694702148 31
1698184846497 11.939395904541016 32
1698184846623 12.613091468811035 33
1698184846747 12.318404197692871 34
1698184846885 12.167744636535645 35
1698184847016 11.800832748413086 36
1698184847141 11.515318870544434 37
1698184847271 11.5767183303833 38
1698184847395 11.4830904006958 39
1698184847516 11.506366729736328 40
1698184847624 11.669300079345703 41
1698184847732 12.365242004394531 42
1698184847865 11.477128982543945 43
1698184847988 12.02414608001709 44
1698184848095 11.68278980255127 45
1698184848201 11.114326477050781 46
1698184848320 12.507469177246094 47
1698184848430 12.451725959777832 48
1698184848536 11.859833717346191 49
