1698176949613 39.86964416503906 0
1698176949762 10.599020004272461 1
1698176949905 7.106107711791992 2
1698176950053 5.443576335906982 3
1698176950191 5.162518501281738 4
1698176950339 5.309028148651123 5
1698176950505 5.260973930358887 6
1698176950672 5.0844268798828125 7
1698176950822 4.969559192657471 8
1698176950982 4.918055057525635 9
1698176951138 4.883505344390869 10
1698176951301 5.15826940536499 11
1698176951462 5.2379631996154785 12
1698176951594 4.71612548828125 13
1698176951757 5.1730570793151855 14
1698176951960 4.46736478805542 15
1698176952104 4.735055923461914 16
1698176952274 4.7388081550598145 17
1698176952432 4.413733959197998 18
1698176952610 4.496102809906006 19
1698176952840 4.556459903717041 20
1698176953028 4.947812080383301 21
1698176953192 4.6454572677612305 22
1698176953371 4.6031880378723145 23
1698176953744 4.142470836639404 24
1698176953942 4.284921169281006 25
1698176954184 4.612403869628906 26
1698176954406 4.4206695556640625 27
1698176954574 4.254787445068359 28
1698176954796 4.303525924682617 29
1698176955093 4.337026596069336 30
1698176955270 4.220854759216309 31
1698176955446 4.576411724090576 32
1698176955624 4.344634532928467 33
1698176955816 4.906441688537598 34
1698176956043 4.6201887130737305 35
1698176956366 4.375180244445801 36
1698176956611 4.493285655975342 37
1698176956794 4.450717449188232 38
1698176956961 4.718076229095459 39
1698176957120 4.492551326751709 40
1698176957295 4.106728553771973 41
1698176957452 4.47230339050293 42
1698176957624 4.185124397277832 43
1698176957772 4.000228404998779 44
1698176957931 4.438937664031982 45
1698176958089 4.251710414886475 46
1698176958242 4.86359167098999 47
1698176958474 4.143916130065918 48
1698176958696 4.881890773773193 49
