1698170515409 42.518497467041016 0
1698170515709 20.82196617126465 1
1698170516008 17.535785675048828 2
1698170516346 15.882399559020996 3
1698170516640 15.255398750305176 4
1698170516920 14.891789436340332 5
1698170517229 14.648599624633789 6
1698170517527 14.44999885559082 7
1698170517826 14.229903221130371 8
1698170518155 14.136259078979492 9
1698170518476 13.826434135437012 10
1698170518773 13.792854309082031 11
1698170519071 13.517463684082031 12
1698170519384 13.989819526672363 13
1698170519715 13.924378395080566 14
1698170520013 13.516767501831055 15
1698170520425 13.28908634185791 16
1698170520758 13.022533416748047 17
1698170521095 13.073994636535645 18
1698170521452 13.262166976928711 19
1698170521733 13.255305290222168 20
1698170522050 13.022831916809082 21
1698170522350 13.548099517822266 22
1698170522731 13.61358642578125 23
1698170523103 12.90294075012207 24
1698170523568 12.882993698120117 25
1698170523922 12.873299598693848 26
1698170524233 12.86803913116455 27
1698170524656 12.911481857299805 28
1698170525028 12.675789833068848 29
1698170525351 12.785316467285156 30
1698170525739 12.768526077270508 31
1698170526083 12.777874946594238 32
1698170526376 12.592098236083984 33
1698170526703 12.862448692321777 34
1698170527049 12.771148681640625 35
1698170527392 12.8196439743042 36
1698170527810 12.875605583190918 37
1698170528135 12.767801284790039 38
1698170528545 12.336837768554688 39
1698170528961 12.398950576782227 40
1698170529343 12.4452543258667 41
1698170529767 12.63980484008789 42
1698170530095 12.597257614135742 43
1698170530404 12.58900260925293 44
1698170530757 12.261874198913574 45
1698170531026 12.247715950012207 46
1698170531317 12.46898365020752 47
1698170531615 12.407596588134766 48
1698170531931 12.435691833496094 49
