1698180540227 0.13642476499080658 0
1698180540350 0.01165538839995861 1
1698180540461 0.009418901987373829 2
1698180540579 0.008126665838062763 3
1698180540687 0.008213017135858536 4
1698180540809 0.007143834140151739 5
1698180540932 0.006608644500374794 6
1698180541060 0.007016181480139494 7
1698180541194 0.007229918614029884 8
1698180541311 0.005553587339818478 9
1698180541446 0.0052767591550946236 10
1698180541559 0.006139799952507019 11
1698180541680 0.006264783907681704 12
1698180541796 0.005580386612564325 13
1698180541917 0.006465492304414511 14
1698180542042 0.007302385754883289 15
1698180542182 0.005277691408991814 16
1698180542302 0.005038502626121044 17
1698180542429 0.00477683637291193 18
1698180542547 0.005183911416679621 19
1698180542662 0.005195409990847111 20
1698180542782 0.005274444352835417 21
1698180542893 0.0048454636707901955 22
1698180543011 0.0056226542219519615 23
1698180543119 0.004924763459712267 24
1698180543251 0.005624338518828154 25
1698180543370 0.004466790705919266 26
1698180543494 0.005258599296212196 27
1698180543618 0.00477107148617506 28
1698180543741 0.0042571453377604485 29
1698180543851 0.004247451666742563 30
1698180543970 0.0045965868048369884 31
1698180544078 0.00498209660872817 32
1698180544212 0.005135873332619667 33
1698180544340 0.0042857457883656025 34
1698180544464 0.004652292933315039 35
1698180544574 0.004707057494670153 36
1698180544692 0.004736439324915409 37
1698180544807 0.004667200148105621 38
1698180544933 0.004300071392208338 39
1698180545051 0.004180750343948603 40
1698180545160 0.004548645578324795 41
1698180545297 0.004263846203684807 42
1698180545414 0.005302165634930134 43
1698180545553 0.0037110138218849897 44
1698180545681 0.0040638805367052555 45
1698180545793 0.0041081542149186134 46
1698180545912 0.004350138362497091 47
1698180546032 0.004045521840453148 48
1698180546172 0.004842414520680904 49
