1698180084653 0.22133465111255646 0
1698180084834 0.03438712656497955 1
1698180085033 0.030133171007037163 2
1698180085237 0.025456620380282402 3
1698180085434 0.02038400247693062 4
1698180085608 0.020237429067492485 5
1698180085782 0.020671648904681206 6
1698180085956 0.01966281794011593 7
1698180086136 0.01618538424372673 8
1698180086320 0.017682742327451706 9
1698180086495 0.0174099151045084 10
1698180086673 0.016032997518777847 11
1698180086873 0.01513997744768858 12
1698180087048 0.015231454744935036 13
1698180087228 0.019449349492788315 14
1698180087407 0.01572604849934578 15
1698180087583 0.015477531589567661 16
1698180087747 0.014315571635961533 17
1698180087945 0.018870364874601364 18
1698180088137 0.014622489921748638 19
1698180088330 0.01642719842493534 20
1698180088510 0.014522186480462551 21
1698180088689 0.013044638559222221 22
1698180088866 0.012439854443073273 23
1698180089045 0.013909133151173592 24
1698180089210 0.013271866366267204 25
1698180089400 0.012590928003191948 26
1698180089580 0.01413756888359785 27
1698180089770 0.01393955759704113 28
1698180089961 0.013111740350723267 29
1698180090138 0.01440258976072073 30
1698180090359 0.013098896481096745 31
1698180090544 0.015764903277158737 32
1698180090713 0.012617482803761959 33
1698180090891 0.013293149881064892 34
1698180091073 0.011483173817396164 35
1698180091249 0.013657823204994202 36
1698180091425 0.014450552873313427 37
1698180091596 0.0170282032340765 38
1698180091783 0.015501279383897781 39
1698180091986 0.011188345961272717 40
1698180092165 0.013284989632666111 41
1698180092339 0.012344799935817719 42
1698180092526 0.011604509316384792 43
1698180092759 0.012515125796198845 44
1698180092978 0.012413464486598969 45
1698180093193 0.01248668972402811 46
1698180093402 0.01251780241727829 47
1698180093625 0.010544168762862682 48
1698180093841 0.011776721104979515 49
