1698169036465 0.13533367216587067 0
1698169036821 0.049214690923690796 1
1698169037144 0.03300926089286804 2
1698169037584 0.025602543726563454 3
1698169037908 0.024255117401480675 4
1698169038256 0.022436873987317085 5
1698169038827 0.021403780207037926 6
1698169039392 0.02097771130502224 7
1698169039871 0.01866934821009636 8
1698169040270 0.017644837498664856 9
1698169040747 0.018450656905770302 10
1698169041098 0.01694687455892563 11
1698169041595 0.01678772270679474 12
1698169041985 0.015458163805305958 13
1698169042328 0.015788855031132698 14
1698169042652 0.015283736400306225 15
1698169042999 0.014776753261685371 16
1698169043327 0.014398613944649696 17
1698169043684 0.01384845469146967 18
1698169044060 0.015038148500025272 19
1698169044409 0.013998097740113735 20
1698169044732 0.013017202727496624 21
1698169045034 0.013632028363645077 22
1698169045365 0.013678702525794506 23
1698169045762 0.013339576311409473 24
1698169046105 0.013050828129053116 25
1698169046414 0.0131712406873703 26
1698169046748 0.012617597356438637 27
1698169047055 0.012637477368116379 28
1698169047368 0.012422779574990273 29
1698169047743 0.012115356512367725 30
1698169048125 0.011972910724580288 31
1698169048496 0.01220904290676117 32
1698169048881 0.01225129421800375 33
1698169049295 0.012388053350150585 34
1698169049897 0.01236272044479847 35
1698169050289 0.01179366372525692 36
1698169050783 0.01191710215061903 37
1698169051119 0.011588715948164463 38
1698169051456 0.011889226734638214 39
1698169051787 0.011179975233972073 40
1698169052164 0.011933943256735802 41
1698169052489 0.011453826911747456 42
1698169052821 0.011161760427057743 43
1698169053188 0.010880709625780582 44
1698169053562 0.011211914010345936 45
1698169053920 0.010995041579008102 46
1698169054301 0.010896703228354454 47
1698169054682 0.011006790213286877 48
1698169055020 0.011091765016317368 49
