1698180233132 0.49990808963775635 0
1698180233396 0.05403602123260498 1
1698180233661 0.03526832535862923 2
1698180233947 0.032185982912778854 3
1698180234225 0.030337097123265266 4
1698180234492 0.03345613554120064 5
1698180234772 0.027714835479855537 6
1698180235054 0.02443145401775837 7
1698180235340 0.027329228818416595 8
1698180235622 0.0295796450227499 9
1698180235937 0.026416486129164696 10
1698180236239 0.024287240579724312 11
1698180236539 0.026660270988941193 12
1698180236861 0.027150090783834457 13
1698180237128 0.02593432553112507 14
1698180237411 0.02525949291884899 15
1698180237693 0.026793045923113823 16
1698180237961 0.021482035517692566 17
1698180238245 0.028767887502908707 18
1698180238527 0.025165412575006485 19
1698180238794 0.02317122183740139 20
1698180239061 0.02320333756506443 21
1698180239346 0.024025699123740196 22
1698180239633 0.022827690467238426 23
1698180239905 0.021931851282715797 24
1698180240181 0.021706020459532738 25
1698180240457 0.024409128352999687 26
1698180240724 0.022612396627664566 27
1698180241011 0.02044215239584446 28
1698180241307 0.02003876492381096 29
1698180241570 0.019751539453864098 30
1698180241832 0.022017184644937515 31
1698180242097 0.022832246497273445 32
1698180242389 0.019306404516100883 33
1698180242658 0.022718407213687897 34
1698180242929 0.01914188265800476 35
1698180243197 0.022211575880646706 36
1698180243480 0.022701134905219078 37
1698180243738 0.018509116023778915 38
1698180244023 0.02037375047802925 39
1698180244307 0.021112127229571342 40
1698180244571 0.02196044661104679 41
1698180244844 0.021168971434235573 42
1698180245155 0.017357395961880684 43
1698180245494 0.018237028270959854 44
1698180245756 0.019559649750590324 45
1698180246033 0.022686151787638664 46
1698180246362 0.01981402188539505 47
1698180246650 0.020137427374720573 48
1698180246951 0.018382228910923004 49
