1698181537117 0.0631735622882843 0
1698181537293 0.023620501160621643 1
1698181537498 0.006585720926523209 2
1698181537704 0.001042547752149403 3
1698181537898 0.0009884614264592528 4
1698181538088 0.0008844610420055687 5
1698181538281 0.0008771212305873632 6
1698181538476 0.0008803652599453926 7
1698181538711 0.0008912296616472304 8
1698181538928 0.0009196300525218248 9
1698181539131 0.0008227252401411533 10
1698181539327 0.0008166880579665303 11
1698181539527 0.0008072875789366663 12
1698181539741 0.0008569500641897321 13
1698181539953 0.0008151553338393569 14
1698181540158 0.0008744828519411385 15
1698181540353 0.0008495680522173643 16
1698181540547 0.0008436071802861989 17
1698181540765 0.0008975889068096876 18
1698181541003 0.0008780136122368276 19
1698181541281 0.0009306820575147867 20
1698181541508 0.0008472173358313739 21
1698181541730 0.0008412577444687486 22
1698181541955 0.000849169387947768 23
1698181542225 0.0007841750048100948 24
1698181542430 0.0009127070079557598 25
1698181542632 0.0009054469992406666 26
1698181542827 0.0009561024489812553 27
1698181543041 0.0009042479214258492 28
1698181543242 0.0008077434031292796 29
1698181543466 0.0008274077554233372 30
1698181543660 0.000822854635771364 31
1698181543866 0.0009126773802563548 32
1698181544061 0.0007867420208640397 33
1698181544258 0.0009394880034960806 34
1698181544458 0.0008170759538188577 35
1698181544655 0.0008310683188028634 36
1698181544869 0.000807451899163425 37
1698181545056 0.0008217705180868506 38
1698181545255 0.0008020212408155203 39
1698181545443 0.0008918736129999161 40
1698181545632 0.0008369383285753429 41
1698181545842 0.0008867162396200001 42
1698181546030 0.0008806136320345104 43
1698181546232 0.0009274684125557542 44
1698181546438 0.0008032222394831479 45
1698181546644 0.0008174914983101189 46
1698181546835 0.0007819226011633873 47
1698181547034 0.000822445610538125 48
1698181547230 0.0008091514464467764 49
