1698186314562 58.35261535644531 0
1698186315269 14.785453796386719 1
1698186315910 10.97652816772461 2
1698186316550 11.095206260681152 3
1698186317168 8.859400749206543 4
1698186317817 10.40770149230957 5
1698186318465 9.194096565246582 6
1698186319091 8.618963241577148 7
1698186319726 9.13007926940918 8
1698186320360 9.87527084350586 9
1698186320999 10.456002235412598 10
1698186321688 9.293596267700195 11
1698186322371 8.663896560668945 12
1698186323058 8.362357139587402 13
1698186323784 7.9348649978637695 14
1698186324458 8.169605255126953 15
1698186325139 8.492466926574707 16
1698186325791 8.470527648925781 17
1698186326420 7.813019752502441 18
