1698172756566 0.09140573441982269 0
1698172756802 0.010012307204306126 1
1698172757131 0.007651836611330509 2
1698172757465 0.006963325198739767 3
1698172757645 0.006924797315150499 4
1698172757842 0.006145106628537178 5
1698172758148 0.005885987542569637 6
1698172758337 0.00561399245634675 7
1698172758575 0.005305562634021044 8
1698172758803 0.005466402042657137 9
1698172758990 0.005517563782632351 10
1698172759163 0.004945536609739065 11
1698172759365 0.0049563078209757805 12
1698172759556 0.004868043586611748 13
1698172759759 0.0050112660974264145 14
1698172760005 0.004456141032278538 15
1698172760313 0.004706258419901133 16
1698172760613 0.004461358301341534 17
1698172760813 0.0048127686604857445 18
1698172761049 0.0044881016947329044 19
1698172761233 0.004578650929033756 20
1698172761434 0.004271646495908499 21
1698172761668 0.004768054932355881 22
1698172761859 0.004450181033462286 23
1698172762040 0.0043456070125103 24
1698172762225 0.004508838523179293 25
1698172762405 0.004083843436092138 26
1698172762598 0.004246428143233061 27
1698172762776 0.004418573342263699 28
1698172762947 0.004318788647651672 29
1698172763124 0.0037538427859544754 30
1698172763316 0.00445927307009697 31
1698172763487 0.0037475137505680323 32
1698172763675 0.0039783865213394165 33
1698172763851 0.003941331058740616 34
1698172764031 0.004097557161003351 35
1698172764245 0.004171027801930904 36
1698172764448 0.004060587380081415 37
1698172764686 0.003853665431961417 38
1698172764914 0.004291826393455267 39
1698172765154 0.0038514439947903156 40
1698172765340 0.0034901974722743034 41
1698172765608 0.00407781545072794 42
1698172765816 0.003609671490266919 43
1698172766150 0.003550873603671789 44
1698172766388 0.0036723962984979153 45
1698172766599 0.004013362340629101 46
1698172766821 0.0036441374104470015 47
1698172767012 0.0036401471588760614 48
1698172767218 0.003674109233543277 49
