1698178699075 76.53353118896484 0
1698178699346 40.11151885986328 1
1698178699668 34.09976577758789 2
1698178700013 32.61006546020508 3
1698178700303 31.547744750976562 4
1698178700641 33.67318344116211 5
1698178701041 29.686861038208008 6
1698178701349 26.806804656982422 7
1698178701619 36.40176010131836 8
1698178701895 26.626420974731445 9
1698178702197 29.625619888305664 10
1698178702480 31.247394561767578 11
1698178702751 25.04683494567871 12
1698178703037 23.680587768554688 13
1698178703331 26.802875518798828 14
1698178703607 30.276491165161133 15
1698178703879 30.139829635620117 16
1698178704154 26.87073516845703 17
1698178704430 29.824386596679688 18
1698178704714 33.12883377075195 19
1698178704993 27.940656661987305 20
1698178705275 28.043066024780273 21
1698178705551 29.223785400390625 22
1698178705846 28.587894439697266 23
1698178706140 29.46949005126953 24
1698178706416 36.53745651245117 25
1698178706690 34.789276123046875 26
1698178706963 32.083274841308594 27
1698178707256 31.796194076538086 28
1698178707530 30.250844955444336 29
1698178707800 30.470468521118164 30
1698178708094 35.48280334472656 31
1698178708378 39.420616149902344 32
1698178708664 33.22419738769531 33
1698178708953 31.911874771118164 34
1698178709250 29.97075653076172 35
1698178709530 28.812856674194336 36
1698178709871 31.381031036376953 37
1698178710200 27.48561668395996 38
1698178710502 27.089353561401367 39
1698178710812 36.60730743408203 40
1698178711101 32.531272888183594 41
1698178711384 31.049448013305664 42
1698178711664 33.78593826293945 43
1698178711942 35.28200912475586 44
1698178712237 33.9145622253418 45
1698178712513 31.127450942993164 46
1698178712781 34.303165435791016 47
1698178713057 30.055072784423828 48
1698178713341 32.01430130004883 49
