1698179744390 0.08380685746669769 0
1698179744764 0.010989878326654434 1
1698179745140 0.009995246306061745 2
1698179745565 0.008392457850277424 3
1698179745954 0.008256481029093266 4
1698179746406 0.008148269727826118 5
1698179746825 0.006736418232321739 6
1698179747264 0.006108452100306749 7
1698179747669 0.007066295947879553 8
1698179748039 0.007374511566013098 9
1698179748440 0.0060433135367929935 10
1698179748813 0.005596032831817865 11
1698179749188 0.0055918931029737 12
1698179749596 0.005664044991135597 13
1698179749972 0.006618015468120575 14
1698179750374 0.004409101326018572 15
1698179750752 0.0050589959137141705 16
1698179751167 0.006793255917727947 17
1698179751552 0.0049895793199539185 18
1698179751927 0.005227942485362291 19
1698179752316 0.005128443706780672 20
1698179752698 0.004843554925173521 21
1698179753072 0.005514905322343111 22
1698179753467 0.005670738406479359 23
1698179753840 0.00520919356495142 24
1698179754211 0.005377984140068293 25
1698179754606 0.005491955205798149 26
1698179754986 0.005117492750287056 27
1698179755475 0.005124843213707209 28
1698179755849 0.004879353102296591 29
1698179756325 0.004714377224445343 30
1698179756774 0.004813674371689558 31
1698179757151 0.005187956616282463 32
1698179757642 0.004503901582211256 33
1698179758041 0.004955742973834276 34
1698179758493 0.004434358794242144 35
1698179758874 0.00450842035934329 36
1698179759254 0.005077843088656664 37
1698179759648 0.004253944847732782 38
1698179760026 0.004383039195090532 39
1698179760412 0.0052901748567819595 40
1698179760808 0.004793034866452217 41
1698179761187 0.0045145247131586075 42
1698179761594 0.005274091847240925 43
1698179761966 0.004402555525302887 44
1698179762359 0.004808815661817789 45
1698179762753 0.004282443318516016 46
1698179763146 0.005420254077762365 47
1698179763524 0.005035010166466236 48
1698179763917 0.004925606306642294 49
1698179764289 0.0038890724536031485 50
1698179764694 0.003710318822413683 51
1698179765071 0.004832450300455093 52
1698179765452 0.004474902059882879 53
1698179765845 0.003804184962064028 54
1698179766224 0.004307001829147339 55
1698179766627 0.005636947695165873 56
1698179767008 0.0045119766145944595 57
1698179767404 0.004485579673200846 58
1698179767794 0.005634423810988665 59
1698179768239 0.004386934917420149 60
1698179768655 0.004624263383448124 61
1698179769083 0.0046922592446208 62
1698179769679 0.004561330657452345 63
1698179770050 0.004499237984418869 64
1698179770423 0.004772266838699579 65
1698179770823 0.0039345198310911655 66
1698179771192 0.004575788043439388 67
1698179771596 0.004224037751555443 68
1698179771981 0.003940590191632509 69
1698179772357 0.004050466697663069 70
1698179772754 0.00414686556905508 71
1698179773125 0.003971090540289879 72
1698179773521 0.004908510483801365 73
1698179773898 0.0038644755259156227 74
1698179774275 0.004439027048647404 75
1698179774837 0.005503898020833731 76
1698179775281 0.004227647092193365 77
1698179775661 0.0043493942357599735 78
1698179776040 0.0037616994231939316 79
1698179776436 0.0038128362502902746 80
1698179776814 0.005070866551250219 81
1698179777209 0.00427144393324852 82
1698179777588 0.004118874669075012 83
1698179777965 0.004443580284714699 84
1698179778353 0.00412916811183095 85
1698179778745 0.0041542258113622665 86
1698179779179 0.004099338315427303 87
1698179779598 0.004176222253590822 88
1698179780055 0.003792070783674717 89
1698179780479 0.004957540892064571 90
1698179780855 0.004067572299391031 91
1698179781229 0.0039187283255159855 92
1698179781627 0.004301234148442745 93
1698179781999 0.0038627826143056154 94
1698179782402 0.0044669294729828835 95
1698179782775 0.0043257768265903 96
1698179783147 0.003984343260526657 97
1698179783544 0.004475038032978773 98
1698179783921 0.005247891414910555 99
