1698181221878 0.04342595115303993 0
1698181221980 0.0071172346360981464 1
1698181222086 0.004499522037804127 2
1698181222191 0.0037654677871614695 3
1698181222297 0.004126659128814936 4
1698181222406 0.003736872458830476 5
1698181222515 0.003160838969051838 6
1698181222623 0.004021075554192066 7
1698181222763 0.003781384089961648 8
1698181222884 0.0031646394636482 9
1698181222995 0.0028509635012596846 10
1698181223105 0.0032264350447803736 11
1698181223214 0.002714571077376604 12
1698181223335 0.002640716964378953 13
1698181223444 0.0027969907969236374 14
1698181223565 0.0027496307156980038 15
1698181223690 0.0025940758641809225 16
1698181223825 0.0027226326055824757 17
1698181223930 0.002690990688279271 18
1698181224037 0.002381477039307356 19
1698181224143 0.002874653786420822 20
1698181224269 0.0021324586123228073 21
1698181224414 0.002327862661331892 22
1698181224540 0.00230929022654891 23
1698181224662 0.002319416729733348 24
1698181224776 0.00256756111048162 25
1698181224901 0.001981765031814575 26
1698181225012 0.002672947244718671 27
1698181225127 0.002255451399832964 28
1698181225262 0.002322968328371644 29
1698181225419 0.002332716016098857 30
1698181225564 0.0020646494813263416 31
1698181225687 0.0021834964863955975 32
1698181225820 0.0023736143484711647 33
1698181225951 0.0019401884637773037 34
1698181226087 0.002144104801118374 35
1698181226221 0.0019056630553677678 36
1698181226367 0.002476793946698308 37
1698181226503 0.002150224754586816 38
1698181226629 0.002248636679723859 39
1698181226769 0.0022354875691235065 40
1698181226891 0.002446552971377969 41
1698181227006 0.002209683647379279 42
1698181227119 0.001827343599870801 43
1698181227242 0.0022342342417687178 44
1698181227366 0.0023013229947537184 45
1698181227503 0.0020059114322066307 46
1698181227617 0.0022022705525159836 47
1698181227746 0.0021314374171197414 48
1698181227870 0.0019967241678386927 49
