1698183696066 30988.228515625 0
1698183696198 104039.5859375 1
1698183696321 61483.30859375 2
1698183696459 41212.9921875 3
1698183696594 56380.58984375 4
1698183696736 69317.0625 5
1698183696873 51944.07421875 6
1698183697026 54908.1875 7
1698183697165 56281.1875 8
1698183697300 44986.26953125 9
1698183697444 64634.65625 10
1698183697580 43928.55859375 11
1698183697713 48775.20703125 12
1698183697847 60654.984375 13
1698183697988 65277.55859375 14
1698183698125 55144.98046875 15
1698183698272 43605.125 16
1698183698405 57215.51171875 17
1698183698538 60124.1015625 18
1698183698672 56760.41015625 19
1698183698804 58563.74609375 20
1698183698937 73978.875 21
1698183699078 64658.9296875 22
1698183699214 50728.98828125 23
1698183699347 70180.484375 24
1698183699480 66343.15625 25
1698183699612 58323.41796875 26
1698183699743 55030.78515625 27
1698183699893 72091.2109375 28
1698183700038 51133.44921875 29
1698183700171 79826.203125 30
1698183700322 50117.21484375 31
1698183700451 51410.23828125 32
1698183700571 59360.66796875 33
1698183700711 60630.09375 34
1698183700840 54044.14453125 35
1698183700968 61621.328125 36
1698183701092 60991.80859375 37
1698183701206 69641.6171875 38
1698183701323 57963.85546875 39
1698183701449 59538.92578125 40
1698183701575 55388.6484375 41
1698183701691 55973.51953125 42
1698183701818 63710.51953125 43
1698183701962 55191.0078125 44
1698183702122 57190.9609375 45
1698183702275 56229.3125 46
1698183702403 58141.01171875 47
1698183702558 61143.61328125 48
1698183702741 56729.54296875 49
