1698180364332 0.034908562898635864 0
1698180364623 0.006885563489049673 1
1698180364893 0.006011239718645811 2
1698180365161 0.005195479840040207 3
1698180365431 0.004529945086687803 4
1698180365724 0.004588803742080927 5
1698180365994 0.00462935259565711 6
1698180366259 0.0042867278680205345 7
1698180366547 0.004506291355937719 8
1698180366815 0.0039568752981722355 9
1698180367082 0.004113588482141495 10
1698180367349 0.0037064466159790754 11
1698180367629 0.0035768221132457256 12
1698180367893 0.003656666725873947 13
1698180368159 0.003926193807274103 14
1698180368437 0.003836254822090268 15
1698180368727 0.0036518245469778776 16
1698180368998 0.0035412469878792763 17
1698180369269 0.0034239504020661116 18
1698180369544 0.003237104043364525 19
1698180369828 0.003093202831223607 20
1698180370096 0.0030347167048603296 21
1698180370369 0.00332352495752275 22
1698180370678 0.0033899922855198383 23
1698180370947 0.0033005843870341778 24
1698180371218 0.0029278413858264685 25
1698180371528 0.002812179271131754 26
1698180371809 0.0025822175666689873 27
1698180372108 0.0030025688465684652 28
1698180372394 0.00283357803709805 29
1698180372730 0.0033976964186877012 30
1698180373025 0.002666578395292163 31
1698180373368 0.0036959515418857336 32
1698180373750 0.0027106935158371925 33
1698180374067 0.0030951176304370165 34
1698180374335 0.00283581530675292 35
1698180374634 0.0027241576462984085 36
1698180374950 0.002750776708126068 37
1698180375265 0.0027380636893212795 38
1698180375540 0.002693967195227742 39
1698180375834 0.0030010759364813566 40
1698180376105 0.0026211331132799387 41
1698180376375 0.0024131189566105604 42
1698180376641 0.0025909552350640297 43
1698180376923 0.0025721294805407524 44
1698180377229 0.002708379877731204 45
1698180377496 0.00251471484079957 46
1698180377763 0.0022420454770326614 47
1698180378029 0.0029790266416966915 48
1698180378297 0.002732369350269437 49
