1698181712356 28.115903854370117 0
1698181712562 10.657301902770996 1
1698181712756 9.37682056427002 2
1698181712952 9.31939697265625 3
1698181713149 8.423795700073242 4
1698181713369 8.349669456481934 5
1698181713566 11.614652633666992 6
1698181713751 8.092205047607422 7
1698181713936 7.452317237854004 8
1698181714128 7.848456382751465 9
1698181714348 9.719970703125 10
1698181714538 7.923100471496582 11
1698181714727 9.19643497467041 12
1698181714924 8.558675765991211 13
1698181715113 7.4517693519592285 14
1698181715304 7.842393398284912 15
1698181715502 7.228526592254639 16
1698181715692 6.175841331481934 17
1698181715897 6.932042121887207 18
1698181716087 7.0160417556762695 19
1698181716282 9.246264457702637 20
1698181716482 6.933469772338867 21
1698181716680 7.179626941680908 22
1698181716867 7.089340686798096 23
1698181717065 6.884868144989014 24
1698181717261 8.275751113891602 25
1698181717473 10.526267051696777 26
1698181717674 7.817451000213623 27
1698181717877 6.683279514312744 28
1698181718063 7.452754497528076 29
1698181718253 7.304020404815674 30
1698181718477 5.8483757972717285 31
1698181718677 7.807166576385498 32
1698181718868 8.046528816223145 33
1698181719051 6.451397895812988 34
1698181719256 6.275221824645996 35
1698181719455 5.762335777282715 36
1698181719645 7.8948211669921875 37
1698181719849 7.526167869567871 38
1698181720041 7.687966346740723 39
1698181720233 7.912369728088379 40
1698181720446 6.031953811645508 41
1698181720654 7.279795169830322 42
1698181720853 8.304731369018555 43
1698181721050 7.943055629730225 44
1698181721248 6.345951080322266 45
1698181721469 6.008373737335205 46
1698181721697 7.487485408782959 47
1698181721939 6.864409923553467 48
1698181722182 7.567835330963135 49
