1698227351563 0.02786179631948471 0
1698227353635 0.005498762242496014 1
1698227354327 0.00427338806912303 2
1698227356609 0.0036436989903450012 3
1698227357282 0.0035622837021946907 4
1698227358037 0.0028613978065550327 5
1698227359449 0.0027434523217380047 6
1698227361090 0.002746009500697255 7
1698227361823 0.0023293010890483856 8
1698227363126 0.00234956294298172 9
1698227363717 0.002212482737377286 10
1698227365847 0.002560473047196865 11
1698227367976 0.002045887056738138 12
1698227369903 0.0020772188436239958 13
1698227370545 0.002047716174274683 14
1698227371139 0.0019456747686490417 15
1698227372970 0.0021480743307620287 16
1698227373542 0.0019535135943442583 17
1698227375448 0.001833584625273943 18
1698227376941 0.001725526642985642 19
1698227377618 0.0018294773763045669 20
1698227379006 0.0017637246055528522 21
1698227380656 0.0017281266627833247 22
1698227382277 0.0018048279453068972 23
1698227384267 0.0017033423064276576 24
1698227385569 0.001576079404912889 25
1698227386244 0.0017017151694744825 26
1698227387634 0.0015718340873718262 27
1698227388469 0.0015516653656959534 28
1698227389095 0.001909390790387988 29
1698227391150 0.0014199927682057023 30
1698227391825 0.0014547156170010567 31
1698227393324 0.0013282084837555885 32
1698227393926 0.0013735884567722678 33
1698227395191 0.001332997577264905 34
1698227396594 0.001397684565745294 35
1698227398577 0.001434854231774807 36
1698227399179 0.0014595095999538898 37
1698227399773 0.0014340399065986276 38
1698227401367 0.0014597332337871194 39
1698227401973 0.0014367758994922042 40
1698227402592 0.0012081993045285344 41
1698227403231 0.001436108024790883 42
1698227403826 0.0012471184600144625 43
1698227405180 0.0013945503160357475 44
1698227406141 0.0013231976190581918 45
1698227408093 0.0012865947792306542 46
1698227409041 0.001291563967242837 47
1698227410161 0.0014405876863747835 48
1698227410772 0.0012060420121997595 49
