1698227351563 21074.357421875 0
1698227353635 27174.48046875 1
1698227354327 17375.783203125 2
1698227356609 17934.216796875 3
1698227357282 16569.2578125 4
1698227358037 25012.2734375 5
1698227359449 17395.0625 6
1698227361090 20389.083984375 7
1698227361823 14740.3271484375 8
1698227363126 11722.4560546875 9
1698227363717 15488.892578125 10
1698227365847 21456.845703125 11
1698227367976 16349.5458984375 12
1698227369903 21406.4765625 13
1698227370545 12896.41796875 14
1698227371139 13074.6494140625 15
1698227372970 13472.9677734375 16
1698227373542 16112.0126953125 17
1698227375448 14741.2412109375 18
1698227376941 13258.1748046875 19
1698227377618 15996.328125 20
1698227379006 12259.06640625 21
1698227380656 16864.36328125 22
1698227382277 15411.22265625 23
1698227384267 26205.435546875 24
1698227385569 14800.75 25
1698227386244 20158.744140625 26
1698227387634 13917.6005859375 27
1698227388469 14170.5224609375 28
1698227389095 11229.9453125 29
1698227391150 13549.6572265625 30
1698227391825 17299.0390625 31
1698227393324 16927.919921875 32
1698227393926 19245.349609375 33
1698227395191 15305.7001953125 34
1698227396594 10383.060546875 35
1698227398577 13804.716796875 36
1698227399179 13211.0390625 37
1698227399773 19071.060546875 38
1698227401367 14518.2509765625 39
1698227401973 18578.3671875 40
1698227402592 13777.818359375 41
1698227403231 16338.02734375 42
1698227403826 14368.099609375 43
1698227405180 24496.58984375 44
1698227406141 19023.541015625 45
1698227408093 13920.6904296875 46
1698227409041 17747.302734375 47
1698227410161 11911.650390625 48
1698227410772 12654.1171875 49
