1698230642464 3.0501627922058105 0
1698230642746 1.0709799528121948 1
1698230643290 0.7618621587753296 2
1698230643533 0.6551113128662109 3
1698230643791 0.5654512643814087 4
1698230644033 0.5349773168563843 5
1698230644309 0.4625360667705536 6
1698230644566 0.4275953471660614 7
1698230644816 0.42147043347358704 8
1698230645067 0.3757076859474182 9
1698230645317 0.34868860244750977 10
1698230645570 0.35111379623413086 11
1698230645818 0.3454340398311615 12
1698230646061 0.3113838732242584 13
1698230646318 0.32256314158439636 14
1698230646569 0.2954174280166626 15
1698230646826 0.28342345356941223 16
1698230647078 0.28026703000068665 17
1698230647327 0.26421329379081726 18
1698230647578 0.26200562715530396 19
1698230647864 0.2688017785549164 20
1698230648410 0.23982171714305878 21
1698230648665 0.2560233473777771 22
1698230648918 0.24184013903141022 23
1698230649161 0.23273465037345886 24
1698230649410 0.24284695088863373 25
1698230649661 0.2160181999206543 26
1698230649904 0.23244449496269226 27
1698230650153 0.22080746293067932 28
1698230650405 0.22419200837612152 29
1698230650655 0.22846980392932892 30
1698230650913 0.1979837566614151 31
1698230651162 0.21784517168998718 32
1698230651413 0.22220973670482635 33
1698230651655 0.20436212420463562 34
1698230651904 0.21429990231990814 35
1698230652156 0.2169741690158844 36
1698230652405 0.22481536865234375 37
1698230652671 0.19863823056221008 38
1698230652912 0.18676617741584778 39
1698230653154 0.20668330788612366 40
1698230653414 0.19622895121574402 41
1698230653941 0.18867212533950806 42
1698230654182 0.1976763755083084 43
1698230654430 0.20116344094276428 44
1698230654724 0.2002185881137848 45
1698230654965 0.18870775401592255 46
1698230655215 0.19468198716640472 47
1698230655483 0.18659259378910065 48
1698230655734 0.18529874086380005 49
