1698173574703 88.2170639038086 0
1698173574937 30.96348762512207 1
1698173575181 18.227792739868164 2
1698173575431 18.652149200439453 3
1698173575664 21.205137252807617 4
1698173575892 18.43130111694336 5
1698173576165 16.556974411010742 6
1698173576394 17.741283416748047 7
1698173576648 22.794965744018555 8
1698173576924 26.81655502319336 9
1698173577180 17.240861892700195 10
1698173577454 13.624334335327148 11
1698173577770 13.201469421386719 12
1698173578148 13.779729843139648 13
1698173578403 14.170421600341797 14
1698173578664 20.71565818786621 15
1698173578918 15.622214317321777 16
1698173579205 15.801407814025879 17
1698173579474 14.728984832763672 18
1698173579753 14.233236312866211 19
1698173580227 19.430227279663086 20
1698173580500 20.993953704833984 21
1698173580796 13.503754615783691 22
1698173581045 14.937560081481934 23
1698173581390 13.478635787963867 24
1698173581641 16.147939682006836 25
1698173581878 12.726390838623047 26
1698173582282 14.180941581726074 27
1698173582563 22.446788787841797 28
1698173582820 13.320752143859863 29
1698173583077 22.458375930786133 30
1698173583385 15.638261795043945 31
1698173583637 19.91586685180664 32
1698173583864 19.19767189025879 33
1698173584119 17.329917907714844 34
1698173584524 14.380518913269043 35
1698173584804 13.394352912902832 36
1698173585071 16.44589614868164 37
1698173585369 20.781042098999023 38
1698173585616 13.64982795715332 39
1698173585965 17.45297622680664 40
1698173586291 17.2684268951416 41
1698173586742 15.77548885345459 42
1698173587153 20.38850975036621 43
1698173587482 21.44370460510254 44
1698173587738 16.509841918945312 45
1698173587994 17.988666534423828 46
1698173588248 18.213857650756836 47
1698173588565 12.658476829528809 48
1698173588900 14.610603332519531 49
