1698184032084 34.56519317626953 0
1698184032321 23.805551528930664 1
1698184032531 22.578296661376953 2
1698184032703 21.00613784790039 3
1698184032876 19.35548210144043 4
1698184033049 18.716320037841797 5
1698184033212 18.19917869567871 6
1698184033368 16.973264694213867 7
1698184033542 16.012588500976562 8
1698184033705 15.84044075012207 9
1698184033866 14.760104179382324 10
1698184034040 14.531136512756348 11
1698184034196 14.624186515808105 12
1698184034358 14.598685264587402 13
1698184034542 13.623969078063965 14
1698184034748 13.935029029846191 15
1698184034941 13.546730995178223 16
1698184035131 13.761834144592285 17
1698184035294 13.750691413879395 18
1698184035455 13.72537899017334 19
1698184035613 13.938712120056152 20
1698184035767 13.86978816986084 21
1698184035921 13.85968017578125 22
1698184036096 13.583065032958984 23
1698184036251 13.16815185546875 24
1698184036438 13.423295974731445 25
1698184036603 13.849562644958496 26
1698184036777 14.29043960571289 27
1698184036931 12.673916816711426 28
1698184037081 12.670341491699219 29
1698184037262 13.37022590637207 30
1698184037436 12.809854507446289 31
1698184037598 13.226513862609863 32
1698184037772 13.55279541015625 33
1698184037947 13.222926139831543 34
1698184038111 13.561491966247559 35
1698184038267 13.191858291625977 36
1698184038433 14.06057357788086 37
1698184038610 13.964797019958496 38
1698184038781 13.723899841308594 39
1698184038980 14.981407165527344 40
1698184039165 15.244610786437988 41
1698184039341 14.704649925231934 42
1698184039548 14.74724006652832 43
1698184039729 15.384763717651367 44
1698184039910 14.636272430419922 45
1698184040154 15.020587921142578 46
1698184040401 14.620795249938965 47
1698184040614 15.155787467956543 48
1698184040787 14.533259391784668 49
