1698177847313 34.056304931640625 0
1698177847421 16.37282371520996 1
1698177847568 13.535717964172363 2
1698177847721 12.441995620727539 3
1698177847828 11.543538093566895 4
1698177847952 11.535576820373535 5
1698177848063 10.68411636352539 6
1698177848171 11.095178604125977 7
1698177848346 10.465394973754883 8
1698177848485 10.584867477416992 9
1698177848594 10.51522159576416 10
1698177848714 10.188090324401855 11
1698177848843 9.939346313476562 12
1698177849001 9.98881721496582 13
1698177849112 9.944028854370117 14
1698177849234 9.511375427246094 15
1698177849366 9.17261028289795 16
1698177849490 9.127608299255371 17
1698177849633 9.220321655273438 18
1698177849741 8.792572021484375 19
1698177849850 8.957897186279297 20
1698177849972 8.736403465270996 21
1698177850138 9.030989646911621 22
1698177850250 8.819087982177734 23
1698177850375 8.495832443237305 24
1698177850488 8.624507904052734 25
1698177850638 8.67121696472168 26
1698177850750 8.488138198852539 27
1698177850871 8.766792297363281 28
1698177850994 8.72245979309082 29
1698177851118 8.351655960083008 30
1698177851224 8.440230369567871 31
1698177851333 8.12966537475586 32
1698177851438 8.421735763549805 33
1698177851561 8.172033309936523 34
1698177851681 8.085165023803711 35
1698177851818 7.97588586807251 36
1698177851960 8.152275085449219 37
1698177852099 8.121194839477539 38
1698177852242 7.937005519866943 39
1698177852352 8.013896942138672 40
1698177852474 7.75089693069458 41
1698177852611 7.764505863189697 42
1698177852748 7.96188497543335 43
1698177852875 7.900803565979004 44
1698177853003 7.736897945404053 45
1698177853121 8.149636268615723 46
1698177853255 7.805026054382324 47
1698177853395 7.694523334503174 48
1698177853547 7.356629848480225 49
