1698187722959 5.610116004943848 0
1698187723465 0.4627271592617035 1
1698187723972 0.3462124168872833 2
1698187724498 0.34744638204574585 3
1698187725118 0.3296735882759094 4
1698187725609 0.262748122215271 5
1698187726193 0.2519277334213257 6
1698187726725 0.2531614601612091 7
1698187727266 0.21236582100391388 8
1698187727863 0.29429179430007935 9
1698187728362 0.2226819097995758 10
1698187728858 0.19739137589931488 11
1698187729343 0.2376594990491867 12
1698187729850 0.22631052136421204 13
1698187730329 0.21361492574214935 14
1698187730836 0.2063351571559906 15
1698187731325 0.21921595931053162 16
1698187731827 0.21103893220424652 17
1698187732316 0.21809613704681396 18
1698187732835 0.21448808908462524 19
