1698187722959 46.290287017822266 0
1698187723465 10.42186450958252 1
1698187723972 8.91332721710205 2
1698187724498 8.964873313903809 3
1698187725118 8.859711647033691 4
1698187725609 7.932722091674805 5
1698187726193 7.664309978485107 6
1698187726725 7.722117900848389 7
1698187727266 7.2567596435546875 8
1698187727863 8.382046699523926 9
1698187728362 7.735499382019043 10
1698187728858 6.901342391967773 11
1698187729343 7.4804582595825195 12
1698187729850 7.616796493530273 13
1698187730329 7.598398208618164 14
1698187730836 7.31508207321167 15
1698187731325 7.342889785766602 16
1698187731827 7.109498023986816 17
1698187732316 7.346776962280273 18
1698187732835 7.024360179901123 19
