1698184579773 310.2882385253906 0
1698184579975 63.6106071472168 1
1698184580184 67.72396087646484 2
1698184580436 47.81216812133789 3
1698184580655 49.85896301269531 4
1698184580917 40.613101959228516 5
1698184581189 35.586299896240234 6
1698184581378 43.257808685302734 7
1698184581564 35.80375671386719 8
1698184581749 35.90342712402344 9
1698184581931 36.786678314208984 10
1698184582165 33.78501510620117 11
1698184582398 28.454076766967773 12
1698184582580 30.453601837158203 13
1698184582763 31.336875915527344 14
1698184582945 28.05143165588379 15
1698184583126 30.09925651550293 16
1698184583331 32.09492874145508 17
1698184583522 26.841205596923828 18
1698184583702 29.892885208129883 19
1698184583892 22.82088851928711 20
1698184584086 28.167163848876953 21
1698184584272 28.462547302246094 22
1698184584467 28.64321517944336 23
1698184584662 22.43089485168457 24
1698184584851 25.275632858276367 25
1698184585039 23.672142028808594 26
1698184585233 27.401201248168945 27
1698184585440 25.8002872467041 28
1698184585630 24.218015670776367 29
1698184585824 23.44590950012207 30
1698184586014 22.83355712890625 31
1698184586202 19.560575485229492 32
1698184586412 25.779617309570312 33
1698184586592 22.88275146484375 34
1698184586780 26.190719604492188 35
1698184586970 24.081985473632812 36
1698184587151 27.427520751953125 37
1698184587358 36.0715446472168 38
1698184587547 24.13123893737793 39
1698184587740 25.651107788085938 40
1698184587937 19.720727920532227 41
1698184588132 24.217615127563477 42
1698184588330 22.465129852294922 43
1698184588524 28.603378295898438 44
1698184588717 23.357131958007812 45
1698184588915 34.271846771240234 46
1698184589139 24.27532386779785 47
1698184589344 20.48796272277832 48
1698184589529 19.81439208984375 49
