1698154289113 52.65059280395508 0
1698154290215 30.74513816833496 1
1698154291163 24.019811630249023 2
1698154292112 21.12908363342285 3
1698154293195 21.743099212646484 4
1698154294235 19.337919235229492 5
1698154295240 19.373132705688477 6
1698154296206 17.857643127441406 7
1698154297237 17.789493560791016 8
1698154298584 16.72983741760254 9
1698154299755 17.06096076965332 10
1698154301110 16.257747650146484 11
1698154302121 15.879321098327637 12
1698154303108 16.022315979003906 13
1698154304131 15.632330894470215 14
1698154305166 15.341073989868164 15
1698154306253 15.390851974487305 16
1698154307298 15.078696250915527 17
1698154308276 14.834336280822754 18
1698154309430 14.601561546325684 19
1698154310488 14.356727600097656 20
1698154311607 15.622350692749023 21
1698154312607 14.465049743652344 22
1698154313906 14.43233871459961 23
1698154315011 14.3259916305542 24
1698154316055 14.957518577575684 25
1698154317040 14.01804256439209 26
