1698181835519 9.638121991883963e-05 0
1698181835718 2.139185744454153e-05 1
1698181835905 2.2570147848455235e-05 2
1698181836094 1.8737167920335196e-05 3
1698181836304 1.9246852389187552e-05 4
1698181836502 1.9052911738981493e-05 5
1698181836688 1.8124355847248808e-05 6
1698181836872 2.522708018659614e-05 7
1698181837052 1.838822390709538e-05 8
1698181837244 1.5314062693505548e-05 9
1698181837444 1.7286887668888085e-05 10
1698181837647 1.6851188775035553e-05 11
1698181837836 1.5901274309726432e-05 12
1698181838020 1.4934335013094824e-05 13
1698181838207 1.6863383279996924e-05 14
1698181838440 1.5924708350212313e-05 15
1698181838710 1.5178245121205691e-05 16
1698181838899 1.4621035916206893e-05 17
1698181839098 1.4118049875833094e-05 18
1698181839303 1.4247463695937768e-05 19
1698181839508 1.4426706911763176e-05 20
1698181839743 1.4916628060746007e-05 21
1698181839948 1.56251153384801e-05 22
1698181840133 1.6108204363263212e-05 23
1698181840319 1.620660441403743e-05 24
1698181840505 1.732204509607982e-05 25
1698181840710 1.3824670531903394e-05 26
1698181840896 1.4526554878102615e-05 27
1698181841082 1.3968056919111405e-05 28
1698181841281 1.428650375601137e-05 29
1698181841477 1.4987767826823983e-05 30
1698181841681 1.5008135051175486e-05 31
1698181841864 1.4787620784773026e-05 32
1698181842051 1.3347695130505599e-05 33
1698181842235 1.4004053809912875e-05 34
1698181842424 1.6889243852347136e-05 35
1698181842628 1.6642623450024985e-05 36
1698181842821 1.4540292795572896e-05 37
1698181843005 1.4144326087262016e-05 38
1698181843191 1.5202782378764823e-05 39
1698181843376 1.4859887414786499e-05 40
1698181843576 1.6782876627985388e-05 41
1698181843778 1.8081262169289403e-05 42
1698181843967 1.5936375348246656e-05 43
1698181844151 1.9286086171632633e-05 44
1698181844339 1.4735926015418954e-05 45
1698181844527 1.4119576007942669e-05 46
1698181844816 1.6974907339317724e-05 47
1698181845004 1.485595294070663e-05 48
1698181845194 1.4757751159777399e-05 49
1698181845386 1.4403256500372663e-05 50
1698181845579 1.668734330451116e-05 51
1698181845782 1.5073288523126394e-05 52
1698181845965 1.4111979908193462e-05 53
1698181846154 1.46609500006889e-05 54
1698181846343 1.5121454453037586e-05 55
1698181846532 1.5098954463610426e-05 56
1698181846736 1.758542020979803e-05 57
1698181846931 1.5338193406932987e-05 58
1698181847125 1.4715674296894576e-05 59
1698181847315 1.565069760545157e-05 60
1698181847504 2.1852309146197513e-05 61
1698181847713 2.560944813012611e-05 62
1698181847914 1.5387942767119966e-05 63
1698181848099 1.4084012036619242e-05 64
1698181848283 1.37704510052572e-05 65
1698181848474 1.564987178426236e-05 66
1698181848686 1.4228080544853583e-05 67
1698181848887 1.4749176443729084e-05 68
1698181849082 1.4656586245109793e-05 69
1698181849289 1.6206293366849422e-05 70
1698181849476 1.401690678903833e-05 71
1698181849664 1.7337806639261544e-05 72
1698181849881 1.4124241715762764e-05 73
1698181850114 1.3454625332087744e-05 74
1698181850322 1.705193062662147e-05 75
1698181850523 1.3187954209570307e-05 76
1698181850753 1.3673293324245606e-05 77
1698181850958 1.6057470929808915e-05 78
1698181851174 1.4686713257106021e-05 79
1698181851419 1.41200534926611e-05 80
1698181851735 1.2455057913030032e-05 81
1698181851984 1.1692818588926457e-05 82
1698181852177 1.5193978470051661e-05 83
1698181852364 1.2924298061989248e-05 84
1698181852551 1.592837907082867e-05 85
1698181852762 1.544212682347279e-05 86
1698181852950 1.3619121091323905e-05 87
1698181853136 1.3488498552760575e-05 88
1698181853320 1.4272532098402735e-05 89
1698181853508 1.756741403369233e-05 90
1698181853713 1.3640034012496471e-05 91
1698181853908 1.5106850696611218e-05 92
1698181854091 1.3988122191221919e-05 93
1698181854297 1.317541773460107e-05 94
1698181854487 1.4981765161792282e-05 95
1698181854674 1.598384369572159e-05 96
1698181854863 1.3604689229396172e-05 97
1698181855051 1.644724943616893e-05 98
1698181855241 1.8950879166368395e-05 99
