1698178805412 4460.36376953125 0
1698178805543 14317.990234375 1
1698178805661 7971.60400390625 2
1698178805790 2555.66162109375 3
1698178805919 8500.72265625 4
1698178806055 7737.8251953125 5
1698178806181 5766.06787109375 6
1698178806314 8140.521484375 7
1698178806436 6703.97265625 8
1698178806553 7128.3154296875 9
1698178806679 4996.3017578125 10
1698178806806 3057.43212890625 11
1698178806933 4026.34912109375 12
1698178807079 1323.4156494140625 13
1698178807202 6131.47998046875 14
1698178807335 2254.5068359375 15
1698178807466 4596.51611328125 16
1698178807592 10054.96484375 17
1698178807722 3224.1552734375 18
1698178807852 6612.70068359375 19
1698178807981 7991.07958984375 20
1698178808109 13062.384765625 21
1698178808254 7249.5498046875 22
1698178808388 1163.587890625 23
1698178808514 20159.630859375 24
1698178808644 13715.4169921875 25
1698178808772 107.29029083251953 26
1698178808901 11182.373046875 27
1698178809030 10246.48046875 28
1698178809149 11954.150390625 29
1698178809289 1720.7330322265625 30
1698178809418 5628.35498046875 31
1698178809544 2087.8173828125 32
1698178809677 8456.2763671875 33
1698178809805 12121.58984375 34
1698178809941 291.2880859375 35
1698178810089 274.0870056152344 36
1698178810217 63.690792083740234 37
1698178810344 3169.24853515625 38
1698178810476 996.4554443359375 39
1698178810604 21592.66796875 40
1698178810740 2143.8837890625 41
1698178810908 4456.4091796875 42
1698178811059 295.722412109375 43
1698178811209 4438.76708984375 44
1698178811340 14166.4052734375 45
1698178811474 6455.81005859375 46
1698178811623 6347.43359375 47
1698178811774 7320.66064453125 48
1698178811956 4136.19189453125 49
