1698226448453 0.03816770389676094 0
1698226449277 0.004463421646505594 1
1698226450887 0.0022930013947188854 2
1698226451277 0.0021489111240953207 3
1698226451668 0.0021229127887636423 4
1698226452571 0.0018398644169792533 5
1698226452961 0.0015639746561646461 6
1698226453343 0.0017161127179861069 7
1698226453713 0.0016269234474748373 8
1698226454125 0.0014124378794804215 9
1698226454467 0.0013167462311685085 10
1698226454831 0.00142408418469131 11
1698226455192 0.0013003033818677068 12
1698226455550 0.001229410758242011 13
1698226455897 0.0012975509744137526 14
1698226456230 0.0012773344060406089 15
1698226456613 0.0011726917000487447 16
1698226456949 0.0012467977358028293 17
1698226457289 0.001151490956544876 18
1698226457645 0.001144452951848507 19
1698226458018 0.0010218280367553234 20
1698226458373 0.0010520991636440158 21
1698226458731 0.0010978500358760357 22
1698226459052 0.0010201857658103108 23
1698226459400 0.001054198364727199 24
1698226459743 0.0010893101571127772 25
1698226460129 0.0011632457608357072 26
1698226460502 0.001009316649287939 27
1698226460864 0.0009414781234227121 28
1698226461229 0.000968898821156472 29
1698226461650 0.0010909148259088397 30
1698226461998 0.0009359951363876462 31
1698226462370 0.0009238406782969832 32
1698226462686 0.0009371084743179381 33
1698226463516 0.0008739983895793557 34
1698226463848 0.0009477990679442883 35
1698226465372 0.0009671245352365077 36
1698226465712 0.0010259749833494425 37
1698226466058 0.0010130038717761636 38
1698226466400 0.0008937650127336383 39
1698226466748 0.0008776349714025855 40
1698226467097 0.0009566082153469324 41
1698226467427 0.0009470953373238444 42
1698226467759 0.0008757277973927557 43
1698226468107 0.0010868478566408157 44
1698226468540 0.0009136951994150877 45
1698226468859 0.0009303298429585993 46
1698226469188 0.0008992705843411386 47
1698226469527 0.000800425186753273 48
1698226469883 0.0007775648846291006 49
