1698183212360 30.103792190551758 0
1698183212806 13.44005012512207 1
1698183213222 10.942547798156738 2
1698183213627 9.293326377868652 3
1698183214072 9.774266242980957 4
1698183214505 10.322872161865234 5
1698183214924 13.680370330810547 6
1698183215368 14.024177551269531 7
1698183215749 9.223347663879395 8
1698183216130 9.728508949279785 9
1698183216545 9.888500213623047 10
1698183216941 8.53596019744873 11
1698183217352 8.974845886230469 12
1698183217738 9.020927429199219 13
1698183218125 8.207481384277344 14
1698183218539 8.478606224060059 15
1698183218932 7.48600435256958 16
1698183219341 9.156064987182617 17
1698183219736 7.97963809967041 18
1698183220118 8.030023574829102 19
1698183220526 7.37399959564209 20
1698183220917 7.373847484588623 21
1698183221324 7.681737899780273 22
1698183221713 7.824167251586914 23
1698183222104 8.1654634475708 24
1698183222519 7.979002952575684 25
1698183222906 7.808647155761719 26
1698183223317 8.680045127868652 27
1698183223710 9.093217849731445 28
1698183224100 10.03049087524414 29
1698183224509 8.122903823852539 30
1698183224909 7.268486499786377 31
1698183225424 7.704104423522949 32
1698183225825 7.5772786140441895 33
1698183226251 7.822887897491455 34
1698183226731 9.230371475219727 35
1698183227160 9.973650932312012 36
1698183227640 7.664268970489502 37
1698183228032 7.337404727935791 38
1698183228448 7.34163236618042 39
1698183228840 8.039697647094727 40
1698183229229 7.760001182556152 41
1698183229645 7.565281867980957 42
1698183230033 7.192681312561035 43
1698183230437 7.314116477966309 44
1698183230828 7.437297821044922 45
1698183231216 7.338089942932129 46
1698183231630 8.966277122497559 47
1698183232026 10.696176528930664 48
1698183232443 6.882059097290039 49
