1698227919720 0.050981879234313965 0
1698227921220 0.005837658420205116 1
1698227922693 0.004067703150212765 2
1698227923131 0.003548403037711978 3
1698227924059 0.003089962061494589 4
1698227925507 0.0028938225004822016 5
1698227925920 0.002576228231191635 6
1698227926988 0.0026006014086306095 7
1698227927460 0.002549898810684681 8
1698227927922 0.0025259829126298428 9
1698227929065 0.002517332322895527 10
1698227929509 0.0025076628662645817 11
1698227929965 0.002259285654872656 12
1698227931294 0.0021588080562651157 13
1698227931757 0.0021612755954265594 14
1698227932760 0.0019750779028981924 15
1698227934093 0.0020915132481604815 16
1698227934568 0.001996193779632449 17
1698227934958 0.002083193277940154 18
1698227935541 0.0017459692899137735 19
1698227936177 0.0018819867400452495 20
1698227937057 0.001837466610595584 21
1698227937479 0.0018481238512322307 22
1698227937882 0.0018933358369395137 23
1698227938289 0.001939137582667172 24
1698227940083 0.001783195766620338 25
1698227940489 0.0017723384080454707 26
1698227940893 0.0016644225688651204 27
1698227941871 0.0014879722148180008 28
1698227942459 0.0016155809862539172 29
1698227942858 0.0018201059428974986 30
1698227943408 0.0017440845258533955 31
1698227943822 0.001600693678483367 32
1698227945111 0.0015734349144622684 33
1698227945816 0.001604102086275816 34
1698227947137 0.0014625597978010774 35
1698227948350 0.0014025660930201411 36
1698227948749 0.0013547878479585052 37
1698227950168 0.0014658611034974456 38
1698227950933 0.001331677776761353 39
1698227952414 0.0014476702781394124 40
1698227953561 0.0012909779325127602 41
1698227954742 0.0016081352951005101 42
1698227955213 0.0014089173637330532 43
1698227955721 0.0014038491062819958 44
1698227957114 0.0012806202284991741 45
1698227958289 0.001340374001301825 46
1698227958751 0.001344621879979968 47
1698227959926 0.0012893225066363811 48
1698227960405 0.0013691084459424019 49
