1698182076712 0.03589393571019173 0
1698182076834 0.010544732213020325 1
1698182076961 0.009526253677904606 2
1698182077096 0.009295635856688023 3
1698182077220 0.007967367768287659 4
1698182077362 0.008268095552921295 5
1698182077468 0.008017321117222309 6
1698182077571 0.007770961616188288 7
1698182077673 0.007859357632696629 8
1698182077778 0.00790011789649725 9
1698182077885 0.0074359639547765255 10
1698182077986 0.007826786488294601 11
1698182078091 0.007827895693480968 12
1698182078201 0.007811269257217646 13
1698182078331 0.007078923750668764 14
1698182078438 0.007892278023064137 15
1698182078564 0.006885627284646034 16
1698182078667 0.006978990044444799 17
1698182078866 0.00761821586638689 18
1698182078968 0.00661328574642539 19
1698182079072 0.007526014931499958 20
1698182079174 0.006876375991851091 21
1698182079278 0.006452144589275122 22
1698182079379 0.008142871782183647 23
1698182079486 0.006848054006695747 24
1698182079603 0.006941549479961395 25
1698182079705 0.007236112840473652 26
1698182079806 0.006670954171568155 27
1698182079905 0.006823684088885784 28
1698182080003 0.006931656040251255 29
1698182080102 0.006234822794795036 30
1698182080200 0.006528147030621767 31
1698182080297 0.0068882182240486145 32
1698182080396 0.006404961459338665 33
1698182080491 0.0065913074649870396 34
1698182080587 0.005862585734575987 35
1698182080689 0.0064583937637507915 36
1698182080826 0.005963102448731661 37
1698182080925 0.006026898510754108 38
1698182081022 0.005452523939311504 39
1698182081121 0.0075780488550662994 40
1698182081232 0.0067747472785413265 41
1698182081351 0.006777020636945963 42
1698182081451 0.00694676348939538 43
1698182081554 0.0059366715140640736 44
1698182081655 0.00715454388409853 45
1698182081754 0.007022959645837545 46
1698182081854 0.007032443303614855 47
1698182081951 0.006216405890882015 48
1698182082051 0.006951063871383667 49
