1698182076712 14.775053024291992 0
1698182076834 7.737405300140381 1
1698182076961 7.192080974578857 2
1698182077096 7.2496442794799805 3
1698182077220 6.891658306121826 4
1698182077362 6.922913074493408 5
1698182077468 6.840074062347412 6
1698182077571 6.362002849578857 7
1698182077673 6.417836666107178 8
1698182077778 6.4276227951049805 9
1698182077885 6.910864353179932 10
1698182077986 6.588340759277344 11
1698182078091 6.655196189880371 12
1698182078201 6.553973197937012 13
1698182078331 6.187746047973633 14
1698182078438 6.523894309997559 15
1698182078564 6.0985002517700195 16
1698182078667 6.168272018432617 17
1698182078866 6.44791316986084 18
1698182078968 6.041492462158203 19
1698182079072 6.664287090301514 20
1698182079174 6.052216529846191 21
1698182079278 6.0785017013549805 22
1698182079379 6.703995227813721 23
1698182079486 6.155852794647217 24
1698182079603 6.441272735595703 25
1698182079705 6.449490547180176 26
1698182079806 6.011370658874512 27
1698182079905 5.970339775085449 28
1698182080003 6.125747203826904 29
1698182080102 5.724306106567383 30
1698182080200 5.991034984588623 31
1698182080297 6.37447452545166 32
1698182080396 5.7584757804870605 33
1698182080491 5.892491340637207 34
1698182080587 5.759714126586914 35
1698182080689 5.680037498474121 36
1698182080826 5.686120986938477 37
1698182080925 5.757697582244873 38
1698182081022 5.695662975311279 39
1698182081121 6.747769832611084 40
1698182081232 6.021466255187988 41
1698182081351 5.847476959228516 42
1698182081451 5.982244491577148 43
1698182081554 5.618358135223389 44
1698182081655 6.187249183654785 45
1698182081754 6.221765041351318 46
1698182081854 5.810235977172852 47
1698182081951 5.878658294677734 48
1698182082051 6.160116672515869 49
