1698181700028 24.995044708251953 0
1698181700219 10.900732040405273 1
1698181700391 9.590523719787598 2
1698181700566 9.327926635742188 3
1698181700770 12.147997856140137 4
1698181700986 11.45943832397461 5
1698181701188 7.797897815704346 6
1698181701376 7.783717155456543 7
1698181701554 9.636170387268066 8
1698181701750 9.4381103515625 9
1698181701955 9.47802734375 10
1698181702154 7.459630966186523 11
1698181702331 7.697732448577881 12
1698181702505 7.244096279144287 13
1698181702676 7.860301971435547 14
1698181702856 10.377564430236816 15
1698181703027 8.442214012145996 16
1698181703215 9.198294639587402 17
1698181703384 8.79008674621582 18
1698181703556 8.163565635681152 19
1698181703720 7.788703918457031 20
1698181703890 6.878777980804443 21
1698181704054 7.391055107116699 22
1698181704232 8.588753700256348 23
1698181704402 6.939296722412109 24
1698181704566 11.016264915466309 25
1698181704730 8.150843620300293 26
1698181704897 7.480420112609863 27
1698181705061 8.039786338806152 28
1698181705249 7.220217227935791 29
1698181705420 9.43287181854248 30
1698181705590 8.836499214172363 31
1698181705765 7.166140079498291 32
1698181705936 7.610818386077881 33
1698181706106 7.534505844116211 34
1698181706300 8.894017219543457 35
1698181706476 9.114861488342285 36
1698181706649 7.367973804473877 37
1698181706816 8.352091789245605 38
1698181706982 8.667906761169434 39
1698181707150 7.560178756713867 40
1698181707333 7.76087760925293 41
1698181707499 8.072532653808594 42
1698181707667 8.210078239440918 43
1698181707840 8.49600601196289 44
1698181708022 6.975935459136963 45
1698181708203 9.174866676330566 46
1698181708389 10.293437957763672 47
1698181708565 8.406075477600098 48
1698181708741 8.13601303100586 49
