1698183097185 32.507503509521484 0
1698183097571 13.6748685836792 1
1698183097975 11.1072998046875 2
1698183098357 10.235790252685547 3
1698183098736 11.600934982299805 4
1698183099145 11.402914047241211 5
1698183099535 9.520360946655273 6
1698183099935 8.892803192138672 7
1698183100344 8.714494705200195 8
1698183100760 8.979068756103516 9
1698183101154 9.765244483947754 10
1698183101539 8.992568016052246 11
1698183101946 9.275837898254395 12
1698183102335 8.509124755859375 13
1698183102729 7.949756622314453 14
1698183103132 8.160717010498047 15
1698183103524 9.038012504577637 16
1698183103916 8.871100425720215 17
1698183104418 9.075525283813477 18
1698183104811 8.073726654052734 19
1698183105223 7.742887496948242 20
1698183105618 8.324501037597656 21
1698183106032 8.585760116577148 22
1698183106492 8.197967529296875 23
1698183106918 7.914243698120117 24
1698183107360 8.199347496032715 25
1698183107817 8.119656562805176 26
1698183108201 8.666735649108887 27
1698183108579 7.5169677734375 28
1698183108972 8.433425903320312 29
1698183109369 8.884164810180664 30
1698183109767 8.655842781066895 31
1698183110153 8.633831977844238 32
1698183110539 7.479591369628906 33
1698183110927 7.504939556121826 34
1698183111336 7.355396747589111 35
1698183111745 8.102470397949219 36
1698183112160 6.975008487701416 37
1698183112550 7.746661186218262 38
1698183112952 7.687658309936523 39
1698183113362 8.998306274414062 40
1698183113754 7.740112781524658 41
1698183114156 7.014871597290039 42
1698183114557 7.206264495849609 43
1698183114950 7.123236179351807 44
1698183115364 7.341951370239258 45
1698183115749 8.117514610290527 46
1698183116162 8.429329872131348 47
1698183116554 8.623583793640137 48
1698183117005 8.09689998626709 49
