1698172879603 0.05671974644064903 0
1698172879831 0.008036114275455475 1
1698172880082 0.007043709512799978 2
1698172880321 0.006702920887619257 3
1698172880556 0.00636700727045536 4
1698172880808 0.005368164274841547 5
1698172881092 0.0054484703578054905 6
1698172881515 0.0053597716614604 7
1698172881755 0.005622019059956074 8
1698172881970 0.004713425878435373 9
1698172882192 0.004447743762284517 10
1698172882461 0.004229081328958273 11
1698172882660 0.005454879254102707 12
1698172882891 0.00483373599126935 13
1698172883136 0.004625799134373665 14
1698172883542 0.004940305836498737 15
1698172883761 0.004726814106106758 16
1698172883944 0.004790982697159052 17
1698172884130 0.004287869669497013 18
1698172884364 0.004724522121250629 19
1698172884556 0.004571004770696163 20
1698172884755 0.004848745185881853 21
1698172885009 0.004503075964748859 22
1698172885316 0.004166644997894764 23
1698172885689 0.004351475276052952 24
1698172886079 0.0036937713157385588 25
1698172886437 0.004093628376722336 26
1698172887090 0.004305924288928509 27
1698172887459 0.004450651351362467 28
1698172887917 0.003486327826976776 29
1698172888341 0.003722845111042261 30
1698172888706 0.004114678595215082 31
1698172889036 0.004079968668520451 32
1698172889401 0.0038033067248761654 33
1698172889674 0.003788163186982274 34
1698172889944 0.0038652915973216295 35
1698172890336 0.003514696843922138 36
1698172890598 0.003521305974572897 37
1698172890804 0.003788017202168703 38
1698172891049 0.0035465052351355553 39
1698172891428 0.0038305618800222874 40
1698172891902 0.0037688601296395063 41
1698172892519 0.0036696484312415123 42
1698172892967 0.0033988216891884804 43
1698172893507 0.003638701979070902 44
1698172893866 0.0036398968659341335 45
1698172894118 0.004003441426903009 46
1698172894390 0.0034061474725604057 47
1698172894584 0.0032010043505579233 48
1698172894772 0.00415640976279974 49
