1698172879603 31.404878616333008 0
1698172879831 13.584263801574707 1
1698172880082 11.462868690490723 2
1698172880321 11.030508995056152 3
1698172880556 10.468101501464844 4
1698172880808 10.1773681640625 5
1698172881092 10.403728485107422 6
1698172881515 9.952324867248535 7
1698172881755 9.943315505981445 8
1698172881970 9.184165954589844 9
1698172882192 9.239970207214355 10
1698172882461 8.979154586791992 11
1698172882660 9.564963340759277 12
1698172882891 9.341114044189453 13
1698172883136 9.373119354248047 14
1698172883542 9.276863098144531 15
1698172883761 8.88984203338623 16
1698172883944 8.973504066467285 17
1698172884130 9.035310745239258 18
1698172884364 8.998414993286133 19
1698172884556 9.249300956726074 20
1698172884755 8.977614402770996 21
1698172885009 8.751655578613281 22
1698172885316 8.955698013305664 23
1698172885689 8.637784957885742 24
1698172886079 8.34226131439209 25
1698172886437 8.537606239318848 26
1698172887090 8.3023099899292 27
1698172887459 8.56716537475586 28
1698172887917 8.057540893554688 29
1698172888341 7.773691177368164 30
1698172888706 8.348959922790527 31
1698172889036 8.07878589630127 32
1698172889401 7.980368614196777 33
1698172889674 8.270761489868164 34
1698172889944 7.767213821411133 35
1698172890336 8.061979293823242 36
1698172890598 7.810790061950684 37
1698172890804 7.836210250854492 38
1698172891049 7.863489151000977 39
1698172891428 7.777212142944336 40
1698172891902 7.900151252746582 41
1698172892519 7.811500549316406 42
1698172892967 7.351528167724609 43
1698172893507 7.564810276031494 44
1698172893866 7.717294216156006 45
1698172894118 7.892770290374756 46
1698172894390 7.453929424285889 47
1698172894584 7.342910289764404 48
1698172894772 7.819684982299805 49
