1698188275635 4928.5810546875 0
1698188275963 1289.99462890625 1
1698188276301 837.3124389648438 2
1698188276679 902.9161376953125 3
1698188277153 742.6435546875 4
1698188277531 665.326416015625 5
1698188277851 803.462646484375 6
1698188278172 631.02197265625 7
1698188278509 661.7505493164062 8
1698188278827 574.4642333984375 9
1698188279145 714.392578125 10
1698188279493 747.65869140625 11
1698188279809 608.2435302734375 12
1698188280113 569.100341796875 13
1698188280436 551.4061279296875 14
1698188280763 594.0232543945312 15
1698188281080 748.5328979492188 16
1698188281406 627.9669189453125 17
1698188281740 484.8433532714844 18
1698188282057 627.985107421875 19
1698188282373 538.1807250976562 20
1698188282708 699.0260620117188 21
1698188283024 625.7569580078125 22
1698188283365 467.4209289550781 23
1698188283675 576.7985229492188 24
1698188283992 553.8284301757812 25
1698188284311 463.30078125 26
1698188284659 492.3420715332031 27
1698188285002 543.2741088867188 28
1698188285322 679.0347290039062 29
1698188285669 460.60308837890625 30
1698188285990 478.0383605957031 31
1698188286303 637.6300048828125 32
1698188286637 544.146728515625 33
1698188286967 545.04833984375 34
1698188287296 704.9654541015625 35
1698188287612 514.8668823242188 36
1698188287930 562.1828002929688 37
1698188288267 448.0794372558594 38
1698188288687 486.7803955078125 39
1698188289089 516.4967651367188 40
1698188289410 555.921142578125 41
1698188289741 548.1826782226562 42
1698188290136 440.2803649902344 43
1698188290491 439.2079772949219 44
1698188290861 405.8894348144531 45
1698188291207 468.979736328125 46
1698188291609 463.67596435546875 47
1698188291970 506.4682312011719 48
1698188292319 462.9664001464844 49
