1698188275635 19.583078384399414 0
1698188275963 11.056200981140137 1
1698188276301 8.876057624816895 2
1698188276679 8.49125862121582 3
1698188277153 8.72706413269043 4
1698188277531 7.990630626678467 5
1698188277851 8.573665618896484 6
1698188278172 7.820092678070068 7
1698188278509 7.858903408050537 8
1698188278827 7.5165228843688965 9
1698188279145 7.998893737792969 10
1698188279493 8.609689712524414 11
1698188279809 7.666423320770264 12
1698188280113 7.256168365478516 13
1698188280436 7.623356819152832 14
1698188280763 7.795098781585693 15
1698188281080 8.649608612060547 16
1698188281406 8.4193115234375 17
1698188281740 7.413727283477783 18
1698188282057 8.189103126525879 19
1698188282373 6.75510311126709 20
1698188282708 8.19028091430664 21
1698188283024 7.693606376647949 22
1698188283365 6.91073751449585 23
1698188283675 7.157896041870117 24
1698188283992 7.014463424682617 25
1698188284311 6.5198822021484375 26
1698188284659 6.88694953918457 27
1698188285002 7.265724182128906 28
1698188285322 8.065178871154785 29
1698188285669 7.239806175231934 30
1698188285990 7.495162010192871 31
1698188286303 8.198511123657227 32
1698188286637 7.005943775177002 33
1698188286967 7.614780902862549 34
1698188287296 8.807853698730469 35
1698188287612 6.9186553955078125 36
1698188287930 7.015282154083252 37
1698188288267 6.888899326324463 38
1698188288687 7.0315260887146 39
1698188289089 7.402151107788086 40
1698188289410 7.573243141174316 41
1698188289741 7.177136421203613 42
1698188290136 6.899084091186523 43
1698188290491 6.8902387619018555 44
1698188290861 6.868585586547852 45
1698188291207 6.839982986450195 46
1698188291609 6.771569728851318 47
1698188291970 7.497760772705078 48
1698188292319 7.358304023742676 49
