1698180830930 99.54683685302734 0
1698180831317 98.33399963378906 1
1698180831694 95.42845153808594 2
1698180832073 87.70343780517578 3
1698180832410 65.50004577636719 4
1698180832735 20.8560848236084 5
1698180833055 12.150552749633789 6
1698180833397 11.301700592041016 7
1698180833738 11.044506072998047 8
1698180834074 11.27765941619873 9
1698180834426 10.768977165222168 10
1698180834764 10.463624000549316 11
1698180835101 10.542583465576172 12
1698180835451 10.601309776306152 13
1698180835783 9.978469848632812 14
1698180836109 10.267786979675293 15
1698180836444 9.958342552185059 16
1698180836767 10.420376777648926 17
1698180837122 9.857202529907227 18
1698180837458 9.580656051635742 19
1698180837789 9.854209899902344 20
1698180838134 9.941886901855469 21
1698180838480 9.82641315460205 22
1698180838808 9.933210372924805 23
1698180839149 9.501655578613281 24
1698180839490 9.094321250915527 25
1698180839836 9.55441665649414 26
1698180840190 9.310965538024902 27
1698180840525 9.102066040039062 28
1698180840879 9.244999885559082 29
1698180841227 9.203621864318848 30
1698180841550 9.34861946105957 31
1698180841953 9.181330680847168 32
1698180842352 9.066115379333496 33
1698180842717 8.783686637878418 34
1698180843081 9.14566707611084 35
1698180843429 9.00752067565918 36
1698180843766 8.96784782409668 37
1698180844092 9.021467208862305 38
1698180844454 8.608429908752441 39
1698180844783 8.557578086853027 40
1698180845103 8.382705688476562 41
1698180845458 9.243474006652832 42
1698180845790 8.774385452270508 43
1698180846118 9.136935234069824 44
1698180846467 8.547389030456543 45
1698180846792 8.92176342010498 46
1698180847155 8.867111206054688 47
1698180847489 8.522701263427734 48
1698180847818 8.626712799072266 49
