1698181212605 0.02013898827135563 0
1698181212747 0.0041703591123223305 1
1698181212891 0.0036413741763681173 2
1698181213031 0.003331568092107773 3
1698181213186 0.0031403875909745693 4
1698181213408 0.002910735085606575 5
1698181213579 0.002678043209016323 6
1698181213735 0.0029653930105268955 7
1698181213884 0.002330689923837781 8
1698181214034 0.0026299834717065096 9
1698181214177 0.0024901800788939 10
1698181214350 0.0020911472383886576 11
1698181214511 0.0021617126185446978 12
1698181214677 0.0026733078993856907 13
1698181214834 0.0022381246089935303 14
1698181215011 0.001974094193428755 15
1698181215170 0.0020479829981923103 16
1698181215338 0.001945015974342823 17
1698181215548 0.002227553864941001 18
1698181215716 0.0022356656845659018 19
1698181215878 0.0016466806409880519 20
1698181216037 0.0020741960033774376 21
1698181216211 0.0022129351273179054 22
1698181216373 0.0019200548995286226 23
1698181216563 0.001652167527936399 24
1698181216726 0.0021613938733935356 25
1698181216903 0.002036952180787921 26
1698181217048 0.0022541156504303217 27
1698181217198 0.002358187921345234 28
1698181217350 0.0021605887450277805 29
1698181217502 0.0019141006050631404 30
1698181217662 0.002012070035561919 31
1698181217814 0.0019293809309601784 32
1698181217967 0.0021496352273970842 33
1698181218113 0.0020099529065191746 34
1698181218258 0.0019760755822062492 35
1698181218416 0.001958258682861924 36
1698181218568 0.001820822129957378 37
1698181218732 0.0018640414346009493 38
1698181218879 0.0019966133404523134 39
1698181219022 0.0018373550847172737 40
1698181219170 0.0017365822568535805 41
1698181219338 0.0017058091470971704 42
1698181219494 0.0019339955179020762 43
1698181219653 0.0018021587748080492 44
1698181219803 0.0022536995820701122 45
1698181219958 0.0021160754840821028 46
1698181220118 0.002176721813157201 47
1698181220272 0.0016919121844694018 48
1698181220443 0.0018976446008309722 49
