1698167178419 31.175704956054688 0
1698167178688 16.511455535888672 1
1698167178937 14.261555671691895 2
1698167179153 13.938018798828125 3
1698167179334 13.026326179504395 4
1698167179502 12.37279987335205 5
1698167179633 12.206260681152344 6
1698167179792 11.931904792785645 7
1698167179953 11.482833862304688 8
1698167180087 11.516103744506836 9
1698167180221 11.210670471191406 10
1698167180371 11.150845527648926 11
1698167180516 11.07225227355957 12
1698167180656 11.056571960449219 13
1698167180794 10.9069242477417 14
1698167180956 10.601276397705078 15
1698167181099 10.4080810546875 16
1698167181249 10.493885040283203 17
1698167181397 10.490372657775879 18
1698167181534 10.298965454101562 19
1698167181677 10.414985656738281 20
1698167181803 10.428893089294434 21
1698167181937 10.255950927734375 22
1698167182084 10.30213737487793 23
1698167182244 10.246667861938477 24
1698167182430 10.351011276245117 25
1698167182564 10.004347801208496 26
1698167182710 10.096574783325195 27
1698167182844 9.841938018798828 28
1698167182970 10.124216079711914 29
1698167183115 10.036465644836426 30
1698167183278 9.824601173400879 31
1698167183416 9.91633415222168 32
1698167183552 9.855669021606445 33
1698167183697 9.58668041229248 34
1698167183842 9.865377426147461 35
1698167183999 9.888758659362793 36
1698167184137 9.743056297302246 37
1698167184264 9.476219177246094 38
1698167184403 9.339422225952148 39
1698167184548 9.422945022583008 40
1698167184680 9.765829086303711 41
1698167184828 9.54537296295166 42
1698167185005 9.572175025939941 43
1698167185131 9.479158401489258 44
1698167185278 9.898554801940918 45
1698167185451 9.840359687805176 46
1698167185605 9.121354103088379 47
1698167185767 9.401308059692383 48
1698167185946 9.329805374145508 49
