1698178043593 0.02797417901456356 0
1698178043685 0.004412295762449503 1
1698178043778 0.0038828609976917505 2
1698178043874 0.0036426836159080267 3
1698178043969 0.003654470667243004 4
1698178044066 0.003398951143026352 5
1698178044160 0.0034000759478658438 6
1698178044254 0.0031915714498609304 7
1698178044349 0.0032171676866710186 8
1698178044476 0.0031209157314151525 9
1698178044577 0.0033564267214387655 10
1698178044683 0.002826239913702011 11
1698178044782 0.002784141805022955 12
1698178044879 0.0029692912939935923 13
1698178044976 0.002816262189298868 14
1698178045072 0.0026650179643183947 15
1698178045170 0.0028334329836070538 16
1698178045274 0.0026656324043869972 17
1698178045372 0.0025408812798559666 18
1698178045484 0.0027638941537588835 19
1698178045582 0.0027191650588065386 20
1698178045681 0.002525271149352193 21
1698178045778 0.002658604644238949 22
1698178045879 0.0024532645475119352 23
1698178046002 0.002623226959258318 24
1698178046099 0.0030915061943233013 25
1698178046199 0.003004722762852907 26
1698178046304 0.0025185979902744293 27
1698178046429 0.002527617383748293 28
1698178046548 0.0023352394346147776 29
1698178046676 0.002519013360142708 30
1698178046812 0.002357986057177186 31
1698178046920 0.0024016955867409706 32
1698178047030 0.0025194049812853336 33
1698178047163 0.0022231675684452057 34
1698178047282 0.0024882035795599222 35
1698178047394 0.0023064659908413887 36
1698178047499 0.002612026408314705 37
1698178047606 0.002480309922248125 38
1698178047713 0.002451619366183877 39
1698178047818 0.0021327666472643614 40
1698178047931 0.002464510500431061 41
1698178048049 0.00233846646733582 42
1698178048155 0.0023346715606749058 43
1698178048262 0.002496093511581421 44
1698178048366 0.0022480401676148176 45
1698178048500 0.002392992377281189 46
1698178048603 0.002428661799058318 47
1698178048718 0.0022719022817909718 48
1698178048860 0.00226836116053164 49
