1698178043593 23.384620666503906 0
1698178043685 9.478412628173828 1
1698178043778 8.11386489868164 2
1698178043874 7.78425407409668 3
1698178043969 7.734179496765137 4
1698178044066 7.313668727874756 5
1698178044160 7.311751842498779 6
1698178044254 7.397789478302002 7
1698178044349 7.089658737182617 8
1698178044476 7.112492561340332 9
1698178044577 7.707404136657715 10
1698178044683 6.426052093505859 11
1698178044782 6.6795172691345215 12
1698178044879 6.7975993156433105 13
1698178044976 6.565738677978516 14
1698178045072 6.477447032928467 15
1698178045170 6.712905406951904 16
1698178045274 6.612828731536865 17
1698178045372 6.366044044494629 18
1698178045484 6.6596903800964355 19
1698178045582 6.478332042694092 20
1698178045681 6.493943691253662 21
1698178045778 6.181856632232666 22
1698178045879 6.190457344055176 23
1698178046002 6.446997165679932 24
1698178046099 7.330630302429199 25
1698178046199 6.7332658767700195 26
1698178046304 6.166873931884766 27
1698178046429 6.362682819366455 28
1698178046548 6.047114849090576 29
1698178046676 6.130131244659424 30
1698178046812 5.986533164978027 31
1698178046920 5.949320316314697 32
1698178047030 6.259769916534424 33
1698178047163 5.98524808883667 34
1698178047282 6.076079368591309 35
1698178047394 6.151416301727295 36
1698178047499 6.238312721252441 37
1698178047606 6.187084197998047 38
1698178047713 6.127981185913086 39
1698178047818 5.856353282928467 40
1698178047931 6.186344623565674 41
1698178048049 5.753015518188477 42
1698178048155 6.017934799194336 43
1698178048262 6.590843677520752 44
1698178048366 6.011038780212402 45
1698178048500 5.9146857261657715 46
1698178048603 6.1680073738098145 47
1698178048718 5.7650346755981445 48
1698178048860 5.77312707901001 49
