1698185677428 2225.0673828125 0
1698185677504 130.6971435546875 1
1698185677576 106.5748291015625 2
1698185677650 107.00390625 3
1698185677725 108.08112335205078 4
1698185677804 107.51629638671875 5
1698185677880 108.08716583251953 6
1698185677952 95.41802215576172 7
1698185678023 93.29541778564453 8
1698185678096 89.5718765258789 9
1698185678172 99.15697479248047 10
1698185678246 105.00283813476562 11
1698185678323 97.79143524169922 12
1698185678396 91.95953369140625 13
1698185678469 92.16118621826172 14
1698185678547 101.8513412475586 15
1698185678619 92.75982666015625 16
1698185678704 99.745361328125 17
1698185678786 83.49651336669922 18
1698185678861 83.64393615722656 19
1698185678937 82.50684356689453 20
1698185679009 90.88937377929688 21
1698185679080 90.57208251953125 22
1698185679156 93.13633728027344 23
1698185679228 89.39820098876953 24
1698185679308 94.02275085449219 25
1698185679381 80.14592742919922 26
1698185679456 84.2125244140625 27
1698185679528 79.09092712402344 28
1698185679604 94.93241119384766 29
1698185679700 80.87089538574219 30
1698185679787 81.09207153320312 31
1698185679871 85.30347442626953 32
1698185679945 85.32701873779297 33
1698185680017 92.27937316894531 34
1698185680092 80.91167449951172 35
1698185680168 79.81095123291016 36
1698185680240 86.34856414794922 37
1698185680313 78.96076965332031 38
1698185680388 86.59661865234375 39
1698185680461 74.10901641845703 40
1698185680530 83.49160766601562 41
1698185680604 85.14404296875 42
1698185680682 81.69713592529297 43
1698185680781 83.12191772460938 44
1698185680866 84.1452407836914 45
1698185680948 77.01469421386719 46
1698185681027 78.4429702758789 47
1698185681101 85.67232513427734 48
1698185681216 83.49697875976562 49
1698185681347 89.22774505615234 50
1698185681451 75.49308776855469 51
1698185681535 76.93540954589844 52
1698185681613 86.41183471679688 53
1698185681691 82.43797302246094 54
1698185681770 88.35039520263672 55
1698185681848 82.63154602050781 56
1698185681928 80.86833953857422 57
1698185682009 83.17713928222656 58
1698185682110 85.01045989990234 59
1698185682219 74.05607604980469 60
1698185682319 81.58982849121094 61
1698185682417 90.21403503417969 62
1698185682497 75.48286437988281 63
1698185682578 84.00787353515625 64
1698185682661 90.32707214355469 65
1698185682770 78.29450225830078 66
1698185682862 83.0379638671875 67
1698185682944 72.35356140136719 68
1698185683026 83.76123046875 69
1698185683112 84.86800384521484 70
1698185683199 83.97688293457031 71
1698185683297 82.41593170166016 72
1698185683395 78.4669418334961 73
1698185683505 77.8028793334961 74
1698185683608 84.31690979003906 75
1698185683697 81.52359771728516 76
1698185683790 81.72286224365234 77
1698185683869 81.0422592163086 78
1698185683949 85.57028198242188 79
1698185684030 79.55872344970703 80
1698185684110 82.62361907958984 81
1698185684190 74.89424896240234 82
1698185684273 85.1681137084961 83
1698185684353 81.77479553222656 84
1698185684433 83.52720642089844 85
1698185684514 79.78948974609375 86
1698185684593 77.2929916381836 87
1698185684692 81.79193878173828 88
1698185684779 77.42012786865234 89
1698185684942 81.648193359375 90
1698185685031 82.86332702636719 91
1698185685113 76.34465026855469 92
1698185685194 75.17062377929688 93
1698185685277 85.61013793945312 94
1698185685356 84.97389221191406 95
1698185685436 75.70926666259766 96
1698185685516 76.84947967529297 97
1698185685595 80.9962158203125 98
1698185685674 79.54296875 99
