1698152571105 0.0642181932926178 0
1698152572340 0.057454973459243774 1
1698152573633 0.04802306368947029 2
1698152574936 0.041169922798871994 3
1698152576206 0.03544456511735916 4
1698152577546 0.032492686063051224 5
1698152578804 0.030753741040825844 6
1698152580214 0.028818458318710327 7
1698152581472 0.02640698291361332 8
1698152582715 0.023877492174506187 9
1698152584009 0.021232740953564644 10
1698152585495 0.018911873921751976 11
1698152586783 0.0175523292273283 12
1698152588028 0.016665738075971603 13
