1698181903953 29.42737579345703 0
1698181904206 18.79094123840332 1
1698181904446 17.009777069091797 2
1698181904684 15.958497047424316 3
1698181904919 14.62181282043457 4
1698181905144 14.55615520477295 5
1698181905394 14.156038284301758 6
1698181905628 13.802080154418945 7
1698181905864 13.186809539794922 8
1698181906089 12.717559814453125 9
1698181906343 12.828124046325684 10
1698181906584 12.203550338745117 11
1698181906818 11.857748985290527 12
1698181907057 11.946197509765625 13
1698181907307 11.824824333190918 14
1698181907542 11.239537239074707 15
1698181907781 11.454038619995117 16
1698181908015 11.635655403137207 17
1698181908269 10.882852554321289 18
1698181908496 11.042816162109375 19
1698181908729 11.852420806884766 20
1698181908962 11.59182357788086 21
1698181909210 11.297205924987793 22
1698181909438 11.198114395141602 23
1698181909670 11.173405647277832 24
1698181909903 11.02310848236084 25
1698181910133 11.327855110168457 26
1698181910388 10.541107177734375 27
1698181910631 10.41638469696045 28
1698181910871 10.910674095153809 29
1698181911143 10.56479263305664 30
1698181911422 10.842425346374512 31
1698181911665 9.689351081848145 32
1698181911905 10.189169883728027 33
1698181912150 9.797062873840332 34
1698181912426 10.02716064453125 35
1698181912663 10.10998821258545 36
1698181912900 9.817161560058594 37
1698181913184 10.044111251831055 38
1698181913481 9.794100761413574 39
1698181913735 10.345840454101562 40
1698181913978 9.85815715789795 41
1698181914219 9.780455589294434 42
1698181914527 10.237515449523926 43
1698181914775 9.860918998718262 44
1698181915002 10.220419883728027 45
1698181915233 9.674704551696777 46
1698181915486 9.546280860900879 47
1698181915721 9.671772956848145 48
1698181915959 10.078088760375977 49
