1698182795363 18573.263671875 0
1698182795507 95027.453125 1
1698182795645 39412.6171875 2
1698182795789 8727.3095703125 3
1698182795954 14782.2021484375 4
1698182796101 24986.08203125 5
1698182796236 10584.1806640625 6
1698182796377 8338.7705078125 7
1698182796519 18182.615234375 8
1698182796670 12153.0908203125 9
1698182796823 635.1945190429688 10
1698182796965 12848.603515625 11
1698182797096 21369.9375 12
1698182797240 31572.69921875 13
1698182797372 1438.0079345703125 14
1698182797505 14349.1826171875 15
1698182797648 16774.140625 16
1698182797803 7397.9404296875 17
1698182797949 6630.009765625 18
1698182798102 22135.10546875 19
1698182798245 7128.271484375 20
1698182798404 6531.86767578125 21
1698182798546 12029.1259765625 22
1698182798688 9758.81640625 23
1698182798856 1869.6998291015625 24
1698182798998 4071.93310546875 25
1698182799142 2748.307861328125 26
1698182799291 8236.390625 27
1698182799427 20321.01953125 28
1698182799570 2871.619873046875 29
1698182799719 4719.81298828125 30
1698182799867 15708.62890625 31
1698182800019 4991.60400390625 32
1698182800163 584.6387329101562 33
1698182800314 2566.544677734375 34
1698182800462 8850.234375 35
1698182800623 4465.6328125 36
1698182800766 5105.533203125 37
1698182800925 3291.627197265625 38
1698182801070 4219.80859375 39
1698182801218 8876.6337890625 40
1698182801350 2448.65625 41
1698182801493 5057.2685546875 42
1698182801642 5326.6767578125 43
1698182801843 1296.468505859375 44
1698182802017 6912.318359375 45
1698182802176 4556.6435546875 46
1698182802330 2446.91455078125 47
1698182802519 8382.3681640625 48
1698182802660 569.7887573242188 49
