1698182744886 4201.6748046875 0
1698182744992 17136.474609375 1
1698182745101 621.4614868164062 2
1698182745209 606.8427124023438 3
1698182745317 1884.293701171875 4
1698182745453 1818.3250732421875 5
1698182745564 3338.341552734375 6
1698182745671 2237.413818359375 7
1698182745799 1153.7652587890625 8
1698182745908 1826.534912109375 9
1698182746062 456.50079345703125 10
1698182746212 3599.515625 11
1698182746352 4936.80126953125 12
1698182746498 4409.3037109375 13
1698182746635 83.70451354980469 14
1698182746766 2511.718505859375 15
1698182746897 2527.758056640625 16
1698182747018 2776.69775390625 17
1698182747137 4968.25048828125 18
1698182747258 903.4774780273438 19
1698182747383 1019.4191284179688 20
1698182747529 1936.2408447265625 21
1698182747653 4526.3330078125 22
1698182747788 3606.810302734375 23
1698182747949 1090.058349609375 24
1698182748096 3012.857177734375 25
1698182748212 2559.524169921875 26
1698182748337 1165.468994140625 27
1698182748493 1906.2802734375 28
1698182748617 4261.97705078125 29
1698182748747 2975.412841796875 30
1698182748883 4694.36669921875 31
1698182749021 982.5470581054688 32
1698182749193 2536.280029296875 33
1698182749331 1031.1639404296875 34
1698182749460 941.6314697265625 35
1698182749585 7698.83154296875 36
1698182749714 2314.355224609375 37
1698182749840 1605.315185546875 38
1698182749971 617.1373901367188 39
1698182750099 1488.6270751953125 40
1698182750226 2841.177978515625 41
1698182750358 1772.00048828125 42
1698182750503 1925.926513671875 43
1698182750630 4605.05078125 44
1698182750758 1199.6903076171875 45
1698182750876 2287.745849609375 46
1698182751004 525.41064453125 47
1698182751123 709.9344482421875 48
1698182751256 2351.214599609375 49
