1698149884796 48295.61328125 0
1698149886129 128119.234375 1
1698149887441 120647.203125 2
1698149889009 103178.9765625 3
1698149890341 117327.90625 4
1698149891702 89824.40625 5
1698149893017 95777.390625 6
1698149894390 89000.03125 7
1698149895755 100542.6484375 8
1698149897056 97022.4375 9
1698149898326 106025.640625 10
1698149899745 106279.34375 11
1698149901128 89843.78125 12
1698149902477 96228.8984375 13
1698149903766 104197.5390625 14
1698149905192 86361.4140625 15
1698149906499 86494.828125 16
1698149907852 80812.4765625 17
1698149909229 103862.921875 18
1698149910642 95156.3203125 19
1698149912111 86202.0078125 20
1698149913427 100141.046875 21
