1698181051132 6363.2060546875 0
1698181051278 23259.466796875 1
1698181051413 6551.03857421875 2
1698181051571 765.95849609375 3
1698181051752 9012.798828125 4
1698181051895 7058.64892578125 5
1698181052040 14296.4638671875 6
1698181052200 8165.8046875 7
1698181052363 1267.44091796875 8
1698181052513 9505.2158203125 9
1698181052681 6797.6181640625 10
1698181052825 7055.7626953125 11
1698181052959 354.18292236328125 12
1698181053093 3176.4306640625 13
1698181053258 5160.546875 14
1698181053394 7777.25830078125 15
1698181053521 1741.510498046875 16
1698181053661 8746.3515625 17
1698181053796 1187.6065673828125 18
1698181053929 4798.271484375 19
1698181054069 865.6406860351562 20
1698181054209 1513.1055908203125 21
1698181054353 875.3817138671875 22
1698181054487 9841.2490234375 23
1698181054625 9156.60546875 24
1698181054758 5497.5087890625 25
1698181054895 353.3863525390625 26
1698181055031 1776.3516845703125 27
1698181055167 5443.447265625 28
1698181055318 8836.1943359375 29
1698181055452 5059.916015625 30
1698181055593 3242.188232421875 31
1698181055724 17193.9140625 32
1698181055859 10476.462890625 33
1698181055990 5017.98046875 34
1698181056123 1512.330810546875 35
1698181056263 3905.7939453125 36
1698181056402 4956.99853515625 37
1698181056532 168.75819396972656 38
1698181056671 1788.3209228515625 39
1698181056803 5179.701171875 40
1698181056931 8585.1796875 41
1698181057060 23394.87109375 42
1698181057190 3868.612060546875 43
1698181057342 3018.5576171875 44
1698181057463 6763.87451171875 45
1698181057595 4189.4150390625 46
1698181057725 1875.4970703125 47
1698181057861 992.1829223632812 48
1698181057992 19034.51171875 49
