1698180609979 0.06466184556484222 0
1698180610383 0.021599311381578445 1
1698180610780 0.015324871987104416 2
1698180611225 0.013998443260788918 3
1698180611617 0.01584436371922493 4
1698180612029 0.011990257538855076 5
1698180612446 0.011384304612874985 6
1698180612850 0.009841952472925186 7
1698180613252 0.009530151262879372 8
1698180613670 0.008512473665177822 9
1698180614079 0.008978798054158688 10
1698180614493 0.009081996977329254 11
1698180615023 0.009536636993288994 12
1698180615427 0.007554338313639164 13
