1698175618220 36.360008239746094 0
1698175618550 13.561407089233398 1
1698175618846 12.38576602935791 2
1698175619123 11.83098030090332 3
1698175619400 12.123558044433594 4
1698175619680 9.999003410339355 5
1698175619981 10.910387992858887 6
1698175620277 10.710108757019043 7
1698175620558 10.378823280334473 8
1698175620838 9.636231422424316 9
1698175621115 9.718955039978027 10
1698175621390 9.378121376037598 11
1698175621669 9.379281044006348 12
1698175621957 16.533445358276367 13
1698175622245 10.126272201538086 14
1698175622526 11.994749069213867 15
1698175622804 9.218446731567383 16
1698175623087 12.690010070800781 17
1698175623359 10.131760597229004 18
1698175623665 9.530301094055176 19
1698175623947 8.740402221679688 20
1698175624254 11.400236129760742 21
1698175624541 9.460309982299805 22
1698175624826 8.354098320007324 23
1698175625171 9.218771934509277 24
1698175625470 10.078344345092773 25
1698175625765 10.455216407775879 26
1698175626132 10.094212532043457 27
1698175626479 8.802617073059082 28
1698175626904 8.333046913146973 29
1698175627218 9.615679740905762 30
1698175627529 9.242530822753906 31
1698175627911 8.928487777709961 32
1698175628249 13.281253814697266 33
1698175628553 12.925661087036133 34
1698175628918 10.08572006225586 35
1698175629359 9.534631729125977 36
1698175629661 9.40234088897705 37
1698175629972 9.317068099975586 38
1698175630287 8.424022674560547 39
1698175630623 11.464564323425293 40
1698175630935 10.918399810791016 41
1698175631392 8.87893295288086 42
1698175631670 8.945549011230469 43
1698175631950 8.712836265563965 44
1698175632249 9.23354434967041 45
1698175632532 11.159957885742188 46
1698175632818 9.23648738861084 47
1698175633130 9.886677742004395 48
1698175633406 10.34023380279541 49
