1698229029551 0.022184720262885094 0
1698229029809 0.004420630633831024 1
1698229030043 0.0029401450883597136 2
1698229030311 0.002233184175565839 3
1698229030559 0.0017691936809569597 4
1698229030818 0.0015135954599827528 5
1698229031065 0.001314187771640718 6
1698229031309 0.0011540637351572514 7
1698229031546 0.0010495679453015327 8
1698229031821 0.000988015322946012 9
1698229032385 0.0009820448467507958 10
1698229032643 0.000914778676815331 11
1698229032928 0.0008766906685195863 12
1698229033190 0.0008451134199276567 13
1698229033410 0.0008402210078202188 14
1698229033657 0.0008269396494142711 15
1698229033901 0.0007612215704284608 16
1698229034146 0.0007495374302379787 17
1698229034408 0.0007667787722311914 18
1698229034654 0.0007687945617362857 19
1698229034934 0.0007423384813591838 20
1698229035187 0.0007435573497787118 21
1698229035416 0.0007171444594860077 22
1698229035691 0.000719765608664602 23
1698229035960 0.0007277918048202991 24
1698229036339 0.0007224365836009383 25
1698229036603 0.0006995123694650829 26
1698229036888 0.0006979887839406729 27
1698229037145 0.0006984243518672884 28
1698229037409 0.0006849212222732604 29
1698229037662 0.0006873307283967733 30
1698229037894 0.0007139163790270686 31
1698229038139 0.000681397330481559 32
1698229038408 0.0006631910218857229 33
1698229038693 0.0006630438729189336 34
1698229038955 0.0006658016936853528 35
1698229039208 0.0006604921072721481 36
1698229039478 0.0006365790613926947 37
1698229039745 0.0006538235465995967 38
1698229039993 0.0006568524404428899 39
1698229040278 0.0006184378289617598 40
1698229040526 0.0006209238199517131 41
1698229040761 0.0006491434178315103 42
1698229041033 0.0006553946295753121 43
1698229041284 0.0006686381530016661 44
1698229041548 0.0006210267310962081 45
1698229041808 0.0006368520553223789 46
1698229042073 0.0006098634330555797 47
1698229042316 0.0006088199443183839 48
1698229042564 0.0007144256378524005 49
