1698149520935 0.1111612543463707 0
1698149521943 0.04633188620209694 1
1698149522882 0.031566403806209564 2
1698149523841 0.025280717760324478 3
1698149524746 0.021863320842385292 4
1698149525647 0.01955389976501465 5
1698149526537 0.018261486664414406 6
1698149527502 0.01730947755277157 7
1698149528519 0.01599985547363758 8
1698149529439 0.01528234500437975 9
1698149530377 0.015338242053985596 10
1698149531378 0.014467015862464905 11
1698149532279 0.014294915832579136 12
1698149533213 0.01377460453659296 13
1698149534200 0.013578263111412525 14
1698149535120 0.013444043695926666 15
1698149536084 0.013292944058775902 16
1698149536961 0.013144259341061115 17
1698149537930 0.01299532875418663 18
1698149538874 0.012740799225866795 19
1698149539817 0.01289902813732624 20
1698149540866 0.013136235997080803 21
1698149541795 0.012812209315598011 22
1698149542695 0.012688703835010529 23
1698149543612 0.01251598633825779 24
1698149544577 0.012446542270481586 25
1698149545523 0.01255953498184681 26
1698149546431 0.012479367665946484 27
1698149547441 0.013518230989575386 28
1698149548367 0.012542631477117538 29
1698149549338 0.012404600158333778 30
1698149550284 0.012301198206841946 31
1698149551361 0.012283802032470703 32
1698149552356 0.012177209369838238 33
1698149553281 0.012179657816886902 34
1698149554256 0.012088032439351082 35
1698149555239 0.01217818632721901 36
1698149556208 0.012126757763326168 37
1698149557122 0.012300984933972359 38
1698149558029 0.012453210540115833 39
1698149558933 0.012215687893331051 40
