1698186682649 0.42213261127471924 0
1698186683070 0.042264681309461594 1
1698186683505 0.03385566174983978 2
1698186683934 0.03289181739091873 3
1698186684376 0.03173374384641647 4
1698186684799 0.028589019551873207 5
1698186685232 0.02522372081875801 6
1698186685654 0.027406981214880943 7
1698186686081 0.027562648057937622 8
1698186686531 0.0247463621199131 9
1698186686953 0.024659136310219765 10
1698186687390 0.026129815727472305 11
1698186687815 0.02587886154651642 12
1698186688239 0.024822821840643883 13
1698186688738 0.02389230951666832 14
1698186689250 0.025017112493515015 15
1698186689680 0.022271493449807167 16
1698186690181 0.023141205310821533 17
1698186690647 0.022190986201167107 18
1698186691124 0.022368308156728745 19
1698186691632 0.02331032231450081 20
1698186692065 0.02468390017747879 21
1698186692511 0.01853373274207115 22
1698186692934 0.022674230858683586 23
1698186693352 0.019361605867743492 24
1698186693786 0.02031109295785427 25
1698186694206 0.018681980669498444 26
1698186694660 0.01806456968188286 27
1698186695088 0.018770745024085045 28
1698186695539 0.022588735446333885 29
1698186695962 0.021109214052557945 30
1698186696397 0.01860593818128109 31
1698186696823 0.018362902104854584 32
1698186697250 0.018826918676495552 33
1698186697683 0.017703818157315254 34
1698186698110 0.016178905963897705 35
1698186698539 0.018054483458399773 36
1698186698966 0.020198795944452286 37
1698186699395 0.01820586435496807 38
1698186699833 0.015819691121578217 39
1698186700252 0.01876753941178322 40
1698186700695 0.017543530091643333 41
1698186701127 0.018243614584207535 42
1698186701553 0.014882602728903294 43
1698186701982 0.016878535971045494 44
1698186702435 0.019125670194625854 45
1698186702986 0.01574944145977497 46
1698186703416 0.01680520735681057 47
1698186703880 0.015609522350132465 48
1698186704348 0.015410439111292362 49
