1698186580507 77.12712860107422 0
1698186580690 38.116249084472656 1
1698186580866 36.40275573730469 2
1698186581045 26.16097068786621 3
1698186581217 20.073444366455078 4
1698186581426 17.65868377685547 5
1698186581611 17.51551055908203 6
1698186581793 16.824867248535156 7
1698186581997 16.173809051513672 8
1698186582174 15.453628540039062 9
1698186582368 15.73767375946045 10
1698186582564 16.02168846130371 11
1698186582749 15.503494262695312 12
1698186582932 14.902179718017578 13
1698186583135 15.455357551574707 14
1698186583341 13.874621391296387 15
1698186583600 14.983589172363281 16
1698186583811 13.875510215759277 17
1698186584003 14.11359691619873 18
1698186584195 13.865530014038086 19
1698186584391 13.713566780090332 20
1698186584613 13.440503120422363 21
1698186584828 14.598727226257324 22
1698186585039 14.310063362121582 23
1698186585245 14.258612632751465 24
1698186585476 12.802285194396973 25
1698186585674 13.779555320739746 26
1698186585875 13.924407958984375 27
1698186586098 14.773750305175781 28
1698186586322 13.489204406738281 29
1698186586535 13.878952026367188 30
1698186586724 13.835648536682129 31
1698186586904 13.165189743041992 32
1698186587114 13.809149742126465 33
1698186587309 13.635601997375488 34
1698186587527 13.39799690246582 35
1698186587715 13.881903648376465 36
1698186587902 13.344970703125 37
1698186588096 13.037225723266602 38
1698186588284 14.1527681350708 39
1698186588492 13.718761444091797 40
1698186588683 13.651022911071777 41
1698186588877 13.609366416931152 42
1698186589068 13.268787384033203 43
1698186589255 13.213027954101562 44
1698186589454 13.328542709350586 45
1698186589649 13.38271427154541 46
1698186589838 13.018210411071777 47
1698186590030 12.851415634155273 48
1698186590248 13.37274169921875 49
