1698227451802 0.02847314439713955 0
1698227452932 0.004033312201499939 1
1698227453337 0.003228713059797883 2
1698227453764 0.0022744503803551197 3
1698227454615 0.0022177877835929394 4
1698227456422 0.0021086744964122772 5
1698227458002 0.002019377425312996 6
1698227459642 0.0017754603177309036 7
1698227460784 0.0017276483122259378 8
1698227461214 0.0017361037898808718 9
1698227461630 0.0016499008052051067 10
1698227463116 0.001547288498841226 11
1698227463539 0.0014041562099009752 12
1698227463917 0.0014880022499710321 13
1698227465636 0.001505440566688776 14
1698227466432 0.0013242511777207255 15
1698227467887 0.001259056618437171 16
1698227469502 0.0012317800428718328 17
1698227469874 0.0012701000086963177 18
1698227470531 0.0013454145519062877 19
1698227471893 0.0012612252030521631 20
1698227472755 0.0013860585168004036 21
1698227474263 0.0012828779872506857 22
1698227474667 0.0011597905540838838 23
1698227475879 0.0013251124182716012 24
1698227476864 0.0013497334439307451 25
1698227477829 0.0011264814529567957 26
1698227478891 0.0012285277480259538 27
1698227479324 0.0011433361796662211 28
1698227479717 0.0011508058523759246 29
1698227480132 0.0011033453047275543 30
1698227480955 0.001186818117275834 31
1698227481369 0.0011782139772549272 32
1698227481814 0.0011664427584037185 33
1698227482310 0.0011034677736461163 34
1698227482981 0.0009674697066657245 35
1698227483661 0.0010976061457768083 36
1698227484293 0.0010229359613731503 37
1698227484730 0.0010137484641745687 38
1698227485163 0.0011556227691471577 39
1698227485560 0.0009693762403912842 40
1698227486548 0.0009840669808909297 41
1698227486984 0.0009788846364244819 42
1698227488764 0.000985455117188394 43
1698227489194 0.0008809748105704784 44
1698227489599 0.0010813052067533135 45
1698227491145 0.0010513882152736187 46
1698227491549 0.0009346415172331035 47
1698227492836 0.0009450837969779968 48
1698227493732 0.0008608450880274177 49
