1698182090529 0.10708256810903549 0
1698182090634 0.013848251663148403 1
1698182090742 0.012463663704693317 2
1698182090874 0.01273950096219778 3
1698182091011 0.01177709735929966 4
1698182091138 0.010332897305488586 5
1698182091264 0.011534386314451694 6
1698182091493 0.01176882442086935 7
1698182091620 0.009670075960457325 8
1698182091739 0.010114098899066448 9
1698182091880 0.011084291152656078 10
1698182092015 0.010035629384219646 11
1698182092146 0.009527221322059631 12
1698182092273 0.010765320621430874 13
1698182092394 0.009846203029155731 14
1698182092513 0.010332874953746796 15
1698182092638 0.009510223753750324 16
1698182092772 0.009735772386193275 17
1698182092905 0.00941028818488121 18
1698182093035 0.008007706142961979 19
1698182093165 0.009597809985280037 20
1698182093306 0.00993040669709444 21
1698182093434 0.00949043594300747 22
1698182093548 0.00851582270115614 23
1698182093676 0.010339125990867615 24
1698182093794 0.009274648502469063 25
1698182093926 0.008859695866703987 26
1698182094052 0.01037988718599081 27
1698182094188 0.010029375553131104 28
1698182094316 0.009399756789207458 29
1698182094435 0.008764196187257767 30
1698182094563 0.007770385127514601 31
1698182094695 0.009027565829455853 32
1698182094826 0.009876398369669914 33
1698182094960 0.007969862781465054 34
1698182095083 0.008275273256003857 35
1698182095202 0.008716522715985775 36
1698182095330 0.007705978117883205 37
1698182095453 0.007915468886494637 38
1698182095576 0.007844982668757439 39
1698182095710 0.007847217842936516 40
1698182095881 0.007435032166540623 41
1698182096043 0.009032820351421833 42
1698182096176 0.009904121048748493 43
1698182096314 0.009172228164970875 44
1698182096467 0.008425670675933361 45
1698182096605 0.008344030007719994 46
1698182096783 0.007600407116115093 47
1698182096957 0.008242524228990078 48
1698182097109 0.008478006348013878 49
