1698182090529 25.755189895629883 0
1698182090634 10.323421478271484 1
1698182090742 9.211926460266113 2
1698182090874 9.093592643737793 3
1698182091011 8.68361759185791 4
1698182091138 8.161187171936035 5
1698182091264 8.336503982543945 6
1698182091493 8.79518985748291 7
1698182091620 7.647961616516113 8
1698182091739 7.8495588302612305 9
1698182091880 7.9965105056762695 10
1698182092015 7.610424995422363 11
1698182092146 7.58661413192749 12
1698182092273 8.112726211547852 13
1698182092394 7.428337574005127 14
1698182092513 7.487578392028809 15
1698182092638 7.906588077545166 16
1698182092772 7.303553581237793 17
1698182092905 7.718880653381348 18
1698182093035 7.161265850067139 19
1698182093165 7.383750915527344 20
1698182093306 7.393728256225586 21
1698182093434 7.323963165283203 22
1698182093548 7.0648345947265625 23
1698182093676 7.781981468200684 24
1698182093794 7.515402793884277 25
1698182093926 7.289269924163818 26
1698182094052 7.900865077972412 27
1698182094188 7.3108649253845215 28
1698182094316 7.306396007537842 29
1698182094435 7.095858097076416 30
1698182094563 6.67462682723999 31
1698182094695 7.224032402038574 32
1698182094826 7.412256717681885 33
1698182094960 6.910281181335449 34
1698182095083 6.798590183258057 35
1698182095202 6.932793140411377 36
1698182095330 6.685452938079834 37
1698182095453 6.905810356140137 38
1698182095576 6.551036357879639 39
1698182095710 6.5572710037231445 40
1698182095881 6.691108703613281 41
1698182096043 7.067323684692383 42
1698182096176 7.3050031661987305 43
1698182096314 7.8112592697143555 44
1698182096467 6.780941486358643 45
1698182096605 6.672004222869873 46
1698182096783 6.6063008308410645 47
1698182096957 6.543164253234863 48
1698182097109 7.077917575836182 49
