1698154908167 0.0510706752538681 0
1698154908589 0.017767243087291718 1
1698154908984 0.01307150162756443 2
1698154909408 0.01111138891428709 3
1698154909809 0.00961320474743843 4
1698154910242 0.008613129146397114 5
1698154910662 0.007955563254654408 6
1698154911079 0.0074592214077711105 7
1698154911545 0.007184772752225399 8
1698154911958 0.006640739273279905 9
1698154912410 0.006333866622298956 10
1698154912819 0.006025101989507675 11
1698154913250 0.005729008931666613 12
1698154913804 0.005602523218840361 13
1698154914269 0.005528173875063658 14
1698154914656 0.005207803100347519 15
1698154915048 0.0050421832129359245 16
1698154915492 0.004914094228297472 17
1698154915898 0.004850903060287237 18
1698154916305 0.004718874115496874 19
1698154916707 0.004596182610839605 20
1698154917114 0.004535268992185593 21
1698154917559 0.00444140424951911 22
1698154918009 0.00438853120431304 23
1698154918423 0.0042968676425516605 24
1698154918815 0.0042587402276694775 25
1698154919228 0.004200332798063755 26
1698154919634 0.004084000363945961 27
1698154920038 0.004061026498675346 28
1698154920538 0.0040159039199352264 29
1698154921092 0.0039707995019853115 30
1698154921524 0.003873355919495225 31
1698154921923 0.0038461140356957912 32
1698154922323 0.003742207307368517 33
1698154922821 0.0038058776408433914 34
1698154923235 0.003746015252545476 35
1698154923728 0.0037232867907732725 36
1698154924193 0.0037003965117037296 37
1698154924661 0.003652928164228797 38
1698154925079 0.003614981658756733 39
1698154925484 0.0036628004163503647 40
1698154925921 0.0035621351562440395 41
1698154926374 0.0035983978305011988 42
1698154926767 0.0035613100044429302 43
1698154927202 0.0035909314174205065 44
1698154927654 0.003600836033001542 45
1698154928106 0.0035583290737122297 46
1698154928547 0.003545033512637019 47
1698154929137 0.003620598930865526 48
1698154929564 0.0034609567373991013 49
1698154929952 0.0035209304187446833 50
1698154930345 0.0034803724847733974 51
1698154930750 0.0034688657615333796 52
1698154931210 0.0034230344463139772 53
1698154931628 0.0035554992500692606 54
1698154932017 0.0034592184238135815 55
