1698154908167 41004.71875 0
1698154908589 94066.4921875 1
1698154908984 71464.4296875 2
1698154909408 64994.609375 3
1698154909809 57108.890625 4
1698154910242 59722.07421875 5
1698154910662 55326.296875 6
1698154911079 51640.6640625 7
1698154911545 57075.078125 8
1698154911958 51216.29296875 9
1698154912410 56465.87890625 10
1698154912819 50014.03515625 11
1698154913250 51834.2734375 12
1698154913804 40578.20703125 13
1698154914269 56331.7734375 14
1698154914656 48227.4140625 15
1698154915048 44749.640625 16
1698154915492 46041.18359375 17
1698154915898 39126.015625 18
1698154916305 47546.0390625 19
1698154916707 45116.125 20
1698154917114 45071.09765625 21
1698154917559 52430.37890625 22
1698154918009 52388.47265625 23
1698154918423 46120.83203125 24
1698154918815 40164.765625 25
1698154919228 40162.1953125 26
1698154919634 43469.3515625 27
1698154920038 50978.97265625 28
1698154920538 39188.0078125 29
1698154921092 33083.2421875 30
1698154921524 44915.15625 31
1698154921923 42992.375 32
1698154922323 48573.90234375 33
1698154922821 48086.12890625 34
1698154923235 37184.42578125 35
1698154923728 46322.5546875 36
1698154924193 45072.546875 37
1698154924661 49404.765625 38
1698154925079 47484.9140625 39
1698154925484 42477.79296875 40
1698154925921 37742.05078125 41
1698154926374 41346.23828125 42
1698154926767 49472.12109375 43
1698154927202 43795.59765625 44
1698154927654 43945.796875 45
1698154928106 36687.35546875 46
1698154928547 44923.87890625 47
1698154929137 55893.4453125 48
1698154929564 44475.19140625 49
1698154929952 43775.203125 50
1698154930345 40312.65625 51
1698154930750 44755.7578125 52
1698154931210 41143.75 53
1698154931628 36491.734375 54
1698154932017 44668.33984375 55
