1698226214926 41642.3828125 0
1698226215492 15404.2373046875 1
1698226216029 23250.291015625 2
1698226216597 14982.216796875 3
1698226217322 20110.056640625 4
1698226218229 12378.6376953125 5
1698226220141 14169.8388671875 6
1698226221757 16502.103515625 7
1698226223046 15332.3525390625 8
1698226223551 18246.27734375 9
1698226224126 15789.84765625 10
1698226224745 14150.7529296875 11
1698226226268 17470.36328125 12
1698226227375 13763.296875 13
1698226227963 15858.0146484375 14
1698226228564 15075.9931640625 15
1698226230007 15024.5341796875 16
1698226231393 14583.3076171875 17
1698226232842 16132.099609375 18
1698226233852 13300.59765625 19
1698226234869 11230.16015625 20
1698226235383 18182.203125 21
1698226236736 14666.8974609375 22
1698226237331 11983.0791015625 23
1698226238579 17823.544921875 24
1698226240055 13903.1484375 25
1698226241482 11888.548828125 26
1698226242714 14010.7958984375 27
1698226243724 14802.158203125 28
1698226244586 16088.3681640625 29
1698226245475 18005.828125 30
1698226246077 20947.951171875 31
1698226247414 13123.462890625 32
1698226248474 16156.732421875 33
1698226249896 15269.7353515625 34
1698226251453 17295.705078125 35
1698226252074 16127.3994140625 36
1698226253148 9811.099609375 37
1698226254802 9552.4052734375 38
1698226256111 18018.22265625 39
1698226256698 13862.2421875 40
1698226258017 17243.623046875 41
1698226258570 13690.5732421875 42
1698226259122 11508.337890625 43
1698226260793 14424.8857421875 44
1698226261885 16241.7978515625 45
1698226263199 11759.658203125 46
1698226263817 16924.83984375 47
1698226265263 16364.716796875 48
1698226266405 17184.74609375 49
