1698182304244 0.022171152755618095 0
1698182304451 0.0017789853736758232 1
1698182304666 0.0017861572559922934 2
1698182304884 0.0015485568437725306 3
1698182305086 0.001570281689055264 4
1698182305315 0.0014750412665307522 5
1698182305525 0.001318473252467811 6
1698182305719 0.001368806348182261 7
1698182305923 0.0014766085660085082 8
1698182306129 0.0012127059744670987 9
1698182306333 0.0012390065239742398 10
1698182306538 0.0010417336598038673 11
1698182306732 0.0011638839496299624 12
1698182306929 0.001075715757906437 13
1698182307152 0.0011615288676694036 14
1698182307361 0.001405734452418983 15
1698182307585 0.0011680115712806582 16
1698182307793 0.0010332177625969052 17
1698182308000 0.0010187525767832994 18
1698182308230 0.0012221519136801362 19
1698182308433 0.0010681332787498832 20
1698182308631 0.0011849664151668549 21
1698182308836 0.0010945878457278013 22
1698182309040 0.0009587083477526903 23
1698182309242 0.0010241206036880612 24
1698182309453 0.0009481084416620433 25
1698182309666 0.0009016540716402233 26
1698182309885 0.0009713164181448519 27
1698182310113 0.0009423564770258963 28
1698182310319 0.0008175944094546139 29
1698182310525 0.001035842695273459 30
1698182310723 0.0009159810142591596 31
1698182310927 0.0009070165106095374 32
1698182311158 0.0007801552419550717 33
1698182311365 0.0008781975484453142 34
1698182311588 0.0008076241356320679 35
1698182311801 0.0008251947583630681 36
1698182312001 0.0008008528384380043 37
1698182312218 0.0008246875950135291 38
1698182312423 0.0007720387657172978 39
1698182312639 0.000812709447927773 40
1698182312851 0.0007697023684158921 41
1698182313071 0.0008130557253025472 42
1698182313290 0.0008509024628438056 43
1698182313501 0.000956205592956394 44
1698182313753 0.000642432423774153 45
1698182313999 0.000775218999478966 46
1698182314253 0.000735089706722647 47
1698182314473 0.0007837823941372335 48
1698182314680 0.0008894045022316277 49
