1698181584500 0.000543387548532337 0
1698181584626 3.279784141341224e-05 1
1698181584748 1.969436925719492e-05 2
1698181584872 1.8099070075550117e-05 3
1698181584996 1.8211581846117042e-05 4
1698181585129 1.846117629611399e-05 5
1698181585380 1.8589740648167208e-05 6
1698181585512 1.9905275621567853e-05 7
1698181585642 1.8482365703675896e-05 8
1698181585786 1.951986996573396e-05 9
1698181585912 1.7047157598426566e-05 10
1698181586028 1.909104139485862e-05 11
1698181586188 1.732528289721813e-05 12
1698181586316 1.739751132845413e-05 13
1698181586445 1.7800610294216312e-05 14
1698181586574 1.777619581844192e-05 15
1698181586693 1.8665363313630223e-05 16
1698181586823 1.605321631359402e-05 17
1698181586951 1.939144749485422e-05 18
1698181587078 1.957626227522269e-05 19
1698181587220 1.7993543224292807e-05 20
1698181587352 1.6478959878440946e-05 21
1698181587481 1.6918467736104503e-05 22
1698181587604 1.7836377082858235e-05 23
1698181587731 1.748579779814463e-05 24
1698181587856 1.821562364057172e-05 25
1698181587981 1.982914182008244e-05 26
1698181588134 2.1014921003370546e-05 27
1698181588273 1.7172120351460762e-05 28
1698181588403 1.7116119124693796e-05 29
1698181588532 1.8937920685857534e-05 30
1698181588646 1.802137376216706e-05 31
1698181588775 1.8014576198766008e-05 32
1698181588903 1.836728370108176e-05 33
1698181589028 1.6864041754161008e-05 34
1698181589171 1.7278296581935138e-05 35
1698181589316 1.901697032735683e-05 36
1698181589485 1.9975705072283745e-05 37
1698181589668 1.9265271475887857e-05 38
1698181589823 2.101337850035634e-05 39
1698181589964 2.012748154811561e-05 40
1698181590098 2.0830870198551565e-05 41
1698181590258 1.7424545148969628e-05 42
1698181590416 1.5868152331677265e-05 43
1698181590574 1.8131309843738563e-05 44
1698181590729 1.7387304978910834e-05 45
1698181590873 1.5722176613053307e-05 46
1698181591015 1.6951229554251768e-05 47
1698181591176 1.539404365757946e-05 48
1698181591346 1.5840392734389752e-05 49
