1698181584500 57.616146087646484 0
1698181584626 11.551835060119629 1
1698181584748 7.119997024536133 2
1698181584872 6.543503284454346 3
1698181584996 6.780637264251709 4
1698181585129 6.268974304199219 5
1698181585380 6.975200653076172 6
1698181585512 7.023536682128906 7
1698181585642 7.461524963378906 8
1698181585786 7.578693389892578 9
1698181585912 7.055558204650879 10
1698181586028 6.905155658721924 11
1698181586188 6.3916850090026855 12
1698181586316 6.521753787994385 13
1698181586445 7.829603672027588 14
1698181586574 6.949167728424072 15
1698181586693 7.852383136749268 16
1698181586823 5.915904998779297 17
1698181586951 7.906245708465576 18
1698181587078 7.990485668182373 19
1698181587220 7.238999366760254 20
1698181587352 6.393256664276123 21
1698181587481 6.779670715332031 22
1698181587604 6.390240669250488 23
1698181587731 6.741914749145508 24
1698181587856 6.7765326499938965 25
1698181587981 8.257274627685547 26
1698181588134 8.745591163635254 27
1698181588273 6.472123146057129 28
1698181588403 6.862155437469482 29
1698181588532 7.495112895965576 30
1698181588646 7.147101879119873 31
1698181588775 6.680995941162109 32
1698181588903 7.726585865020752 33
1698181589028 6.919663429260254 34
1698181589171 6.575597763061523 35
1698181589316 7.535656929016113 36
1698181589485 8.101642608642578 37
1698181589668 8.124667167663574 38
1698181589823 8.938612937927246 39
1698181589964 8.595818519592285 40
1698181590098 9.246725082397461 41
1698181590258 6.853945732116699 42
1698181590416 5.786753177642822 43
1698181590574 6.571169376373291 44
1698181590729 7.021695613861084 45
1698181590873 5.814672946929932 46
1698181591015 5.9862236976623535 47
1698181591176 6.476494312286377 48
1698181591346 6.226150989532471 49
