1698180949422 0.02438421919941902 0
1698180949554 0.005646996200084686 1
1698180949680 0.003911606967449188 2
1698180949813 0.0037004384212195873 3
1698180949946 0.002932629780843854 4
1698180950085 0.003098679706454277 5
1698180950227 0.002893810160458088 6
1698180950376 0.0026523808483034372 7
1698180950509 0.0025642220862209797 8
1698180950641 0.0024522391613572836 9
1698180950773 0.0024289165157824755 10
1698180950913 0.002670282730832696 11
1698180951041 0.002631004201248288 12
1698180951169 0.002421736717224121 13
1698180951313 0.0027365342248231173 14
1698180951458 0.0025894029531627893 15
1698180951625 0.002282261149957776 16
1698180951752 0.002193094464018941 17
1698180951882 0.0023382939398288727 18
1698180952007 0.0021717429626733065 19
1698180952160 0.0026332056149840355 20
1698180952303 0.002151524182409048 21
1698180952445 0.002226811135187745 22
1698180952574 0.002141576027497649 23
1698180952702 0.00212605157867074 24
1698180952829 0.0020721040200442076 25
1698180952961 0.0018460162682458758 26
1698180953114 0.002347679575905204 27
1698180953286 0.001869114232249558 28
1698180953448 0.0022588877473026514 29
1698180953590 0.001959653338417411 30
1698180953729 0.0019872840493917465 31
1698180953877 0.001808076398447156 32
1698180954025 0.0021655207965523005 33
1698180954181 0.002012234181165695 34
1698180954356 0.002335325349122286 35
1698180954498 0.0017421543598175049 36
1698180954638 0.0020622387528419495 37
1698180954768 0.001973681850358844 38
1698180954906 0.001712243421934545 39
1698180955046 0.0017501800321042538 40
1698180955184 0.0019732771907001734 41
1698180955333 0.001935349777340889 42
1698180955474 0.0020351216662675142 43
1698180955609 0.0019871375989168882 44
1698180955738 0.0022355294786393642 45
1698180955875 0.0017627454362809658 46
1698180956011 0.0021250725258141756 47
1698180956147 0.0019910954870283604 48
1698180956292 0.0017840451328083873 49
