1698180949422 8891.8564453125 0
1698180949554 17184.111328125 1
1698180949680 4100.2744140625 2
1698180949813 18922.724609375 3
1698180949946 1252.818359375 4
1698180950085 14108.0439453125 5
1698180950227 9524.783203125 6
1698180950376 5331.62451171875 7
1698180950509 12589.5537109375 8
1698180950641 11080.66015625 9
1698180950773 10800.2666015625 10
1698180950913 7025.740234375 11
1698180951041 5512.9482421875 12
1698180951169 5818.80126953125 13
1698180951313 2408.32470703125 14
1698180951458 13251.603515625 15
1698180951625 16377.3115234375 16
1698180951752 1224.116943359375 17
1698180951882 1118.7061767578125 18
1698180952007 8697.8837890625 19
1698180952160 6672.38232421875 20
1698180952303 9430.7900390625 21
1698180952445 14382.5185546875 22
1698180952574 9461.1669921875 23
1698180952702 6981.92626953125 24
1698180952829 18563.033203125 25
1698180952961 8360.765625 26
1698180953114 1573.7032470703125 27
1698180953286 2062.683349609375 28
1698180953448 502.66571044921875 29
1698180953590 6407.6220703125 30
1698180953729 21196.556640625 31
1698180953877 23194.3046875 32
1698180954025 5858.95751953125 33
1698180954181 1939.2220458984375 34
1698180954356 7184.53515625 35
1698180954498 1971.037841796875 36
1698180954638 13358.30078125 37
1698180954768 2786.786376953125 38
1698180954906 15844.849609375 39
1698180955046 12885.3056640625 40
1698180955184 13229.337890625 41
1698180955333 6448.60888671875 42
1698180955474 10316.52734375 43
1698180955609 3205.046875 44
1698180955738 18500.01953125 45
1698180955875 3262.875732421875 46
1698180956011 3917.824462890625 47
1698180956147 9418.2861328125 48
1698180956292 3182.077392578125 49
