1698154360920 77.9751968383789 0
1698154362128 61.5509033203125 1
1698154363096 40.18743896484375 2
1698154364125 31.609621047973633 3
1698154365090 27.50444984436035 4
1698154366363 23.867490768432617 5
1698154367501 22.5329532623291 6
1698154368478 20.760555267333984 7
1698154369461 20.627328872680664 8
1698154370463 20.646451950073242 9
1698154371519 18.9340763092041 10
1698154372545 18.86080551147461 11
1698154373643 17.914127349853516 12
1698154374881 17.67952537536621 13
1698154375881 17.303922653198242 14
1698154376902 16.273591995239258 15
1698154378121 15.752711296081543 16
1698154379080 15.324586868286133 17
1698154380067 15.301156997680664 18
1698154381210 14.924842834472656 19
1698154382496 14.562753677368164 20
1698154383500 14.455995559692383 21
1698154384470 14.450837135314941 22
1698154385455 15.20393180847168 23
