1698186944336 0.24148553609848022 0
1698186944460 0.05245276167988777 1
1698186944568 0.0493290051817894 2
1698186944682 0.03468822315335274 3
1698186944802 0.0345311164855957 4
1698186944911 0.03380516916513443 5
1698186945030 0.031759366393089294 6
1698186945141 0.02804441750049591 7
1698186945283 0.028953855857253075 8
1698186945400 0.026463104411959648 9
1698186945513 0.027702929452061653 10
1698186945635 0.023261329159140587 11
1698186945745 0.02453305572271347 12
1698186945868 0.023382585495710373 13
1698186945975 0.02397124469280243 14
1698186946084 0.02289869822561741 15
1698186946219 0.020968802273273468 16
1698186946352 0.024338696151971817 17
1698186946464 0.022152170538902283 18
1698186946600 0.02096344530582428 19
1698186946708 0.022582678124308586 20
1698186946828 0.017812475562095642 21
1698186946936 0.020766600966453552 22
1698186947057 0.0183488130569458 23
1698186947167 0.019943080842494965 24
1698186947296 0.016878649592399597 25
1698186947426 0.01749620959162712 26
1698186947550 0.01702946238219738 27
1698186947662 0.018679402768611908 28
1698186947784 0.019136987626552582 29
1698186947897 0.01785591058433056 30
1698186948024 0.018540916964411736 31
1698186948141 0.020432226359844208 32
1698186948268 0.0174714382737875 33
1698186948396 0.01663609966635704 34
1698186948516 0.017035456374287605 35
1698186948638 0.01773403212428093 36
1698186948766 0.016646210104227066 37
1698186948883 0.018931766971945763 38
1698186949004 0.015103952027857304 39
1698186949128 0.014437294565141201 40
1698186949279 0.017516354098916054 41
1698186949423 0.01719990372657776 42
1698186949597 0.019231287762522697 43
1698186949749 0.01880476251244545 44
1698186949879 0.016390344128012657 45
1698186950000 0.018821105360984802 46
1698186950122 0.016198251396417618 47
1698186950257 0.017077714204788208 48
1698186950385 0.014684337191283703 49
