1698173545769 0.00028235313948243856 0
1698173546043 7.019797340035439e-05 1
1698173546349 5.225008862907998e-05 2
1698173546710 5.239667007117532e-05 3
1698173546990 5.282637357595377e-05 4
1698173547292 5.078883987152949e-05 5
1698173547577 4.844232171308249e-05 6
1698173547852 4.827380325878039e-05 7
1698173548133 5.463292109197937e-05 8
1698173548531 4.510218423092738e-05 9
1698173548857 4.102697494090535e-05 10
1698173549221 4.537365020951256e-05 11
1698173549536 4.261188951204531e-05 12
1698173549835 4.560098022921011e-05 13
1698173550132 4.372221155790612e-05 14
1698173550406 4.4641954445978627e-05 15
1698173550820 4.242381692165509e-05 16
1698173551171 3.988956450484693e-05 17
1698173551483 4.159526724833995e-05 18
1698173551776 4.2677693272707984e-05 19
1698173552153 4.4568805606104434e-05 20
1698173552415 4.179629831924103e-05 21
1698173552677 4.162142795394175e-05 22
1698173552927 3.7607838748954237e-05 23
1698173553182 3.755126817850396e-05 24
1698173553451 4.072700903634541e-05 25
1698173553687 3.9862101402832195e-05 26
1698173553944 3.752106204046868e-05 27
1698173554239 4.2258427129127085e-05 28
1698173554536 4.0480023017153144e-05 29
1698173554794 4.333577453508042e-05 30
1698173555040 4.0243765397462994e-05 31
1698173555294 3.827206091955304e-05 32
1698173555566 4.037949111079797e-05 33
1698173555809 3.8181704439921305e-05 34
1698173556057 3.9410424506058916e-05 35
1698173556312 4.27286431659013e-05 36
1698173556558 4.0059356251731515e-05 37
1698173556826 4.2742387449834496e-05 38
1698173557071 4.595071368385106e-05 39
1698173557321 3.701396053656936e-05 40
1698173557554 3.557649688445963e-05 41
1698173557827 3.9034879591781646e-05 42
1698173558079 4.045284731546417e-05 43
1698173558396 3.734848723979667e-05 44
1698173558660 3.9975333493202925e-05 45
1698173558939 3.795363227254711e-05 46
1698173559196 4.0739872929407284e-05 47
1698173559565 3.752617703867145e-05 48
1698173559834 3.573785943444818e-05 49
