1698173545769 63.80585479736328 0
1698173546043 30.497631072998047 1
1698173546349 16.170452117919922 2
1698173546710 19.573442459106445 3
1698173546990 22.007823944091797 4
1698173547292 17.8651180267334 5
1698173547577 15.463180541992188 6
1698173547852 22.739660263061523 7
1698173548133 21.81401252746582 8
1698173548531 19.161697387695312 9
1698173548857 14.047894477844238 10
1698173549221 15.434327125549316 11
1698173549536 17.287412643432617 12
1698173549835 15.447532653808594 13
1698173550132 16.165170669555664 14
1698173550406 17.914894104003906 15
1698173550820 15.256939888000488 16
1698173551171 14.293627738952637 17
1698173551483 17.075965881347656 18
1698173551776 16.395179748535156 19
1698173552153 16.78803825378418 20
1698173552415 16.94647789001465 21
1698173552677 20.533218383789062 22
1698173552927 14.07749080657959 23
1698173553182 17.204532623291016 24
1698173553451 16.345870971679688 25
1698173553687 13.544285774230957 26
1698173553944 16.8362979888916 27
1698173554239 14.700650215148926 28
1698173554536 18.425479888916016 29
1698173554794 14.849241256713867 30
1698173555040 16.490764617919922 31
1698173555294 16.228328704833984 32
1698173555566 16.013694763183594 33
1698173555809 17.676538467407227 34
1698173556057 13.86784553527832 35
1698173556312 20.787445068359375 36
1698173556558 16.433250427246094 37
1698173556826 18.25063133239746 38
1698173557071 20.059797286987305 39
1698173557321 13.080810546875 40
1698173557554 17.309833526611328 41
1698173557827 14.731953620910645 42
1698173558079 14.666565895080566 43
1698173558396 16.95102882385254 44
1698173558660 20.7835750579834 45
1698173558939 14.34417724609375 46
1698173559196 22.086912155151367 47
1698173559565 17.00567626953125 48
1698173559834 12.931192398071289 49
