1698159071572 0.8586666584014893 0
1698159071854 0.5556990504264832 1
1698159072136 0.33635807037353516 2
1698159072447 0.2688862085342407 3
1698159072728 0.223170667886734 4
1698159073019 0.19468218088150024 5
1698159073324 0.1725253015756607 6
1698159073621 0.15465423464775085 7
1698159073914 0.14301574230194092 8
1698159074192 0.12905040383338928 9
1698159074502 0.11836855113506317 10
1698159074847 0.11014337092638016 11
1698159075249 0.10373476892709732 12
1698159075536 0.10019203275442123 13
