1698184211771 1045.341796875 0
1698184211917 271.9522399902344 1
1698184212083 75.45928192138672 2
1698184212241 54.270721435546875 3
1698184212404 35.087974548339844 4
1698184212567 36.76605987548828 5
1698184212733 29.744619369506836 6
1698184212909 36.58259963989258 7
1698184213095 30.800504684448242 8
1698184213337 34.48573684692383 9
1698184213511 35.81670379638672 10
1698184213658 46.68790054321289 11
1698184213823 22.775522232055664 12
1698184213969 26.559650421142578 13
1698184214137 29.03118133544922 14
1698184214289 31.64674949645996 15
1698184214445 21.043928146362305 16
1698184214592 23.272794723510742 17
1698184214769 24.51412582397461 18
1698184215027 23.296405792236328 19
1698184215210 23.89944839477539 20
1698184215363 20.01541519165039 21
1698184215513 19.988279342651367 22
1698184215659 21.837629318237305 23
1698184215811 20.8077449798584 24
1698184215959 23.010379791259766 25
1698184216113 26.85948371887207 26
1698184216277 23.34404945373535 27
1698184216423 21.0111141204834 28
1698184216569 20.960599899291992 29
1698184216718 20.670433044433594 30
1698184216866 17.94557762145996 31
1698184217020 18.337236404418945 32
1698184217177 16.64577293395996 33
1698184217338 19.440635681152344 34
1698184217489 18.56134033203125 35
1698184217637 17.928327560424805 36
1698184217788 19.94630241394043 37
1698184217934 18.727115631103516 38
1698184218081 23.177474975585938 39
1698184218253 16.697589874267578 40
1698184218407 17.37462043762207 41
1698184218559 16.327863693237305 42
1698184218710 17.04984474182129 43
1698184218858 15.936253547668457 44
1698184219012 18.44800567626953 45
1698184219174 16.80670738220215 46
1698184219336 17.718425750732422 47
1698184219484 17.224672317504883 48
1698184219634 12.721307754516602 49
