1698184211771 103.61380767822266 0
1698184211917 56.01649856567383 1
1698184212083 19.67832374572754 2
1698184212241 15.574252128601074 3
1698184212404 13.850048065185547 4
1698184212567 12.974541664123535 5
1698184212733 12.44731616973877 6
1698184212909 12.277120590209961 7
1698184213095 12.06374740600586 8
1698184213337 11.881645202636719 9
1698184213511 12.0263090133667 10
1698184213658 12.361615180969238 11
1698184213823 10.980581283569336 12
1698184213969 10.731863021850586 13
1698184214137 11.59652328491211 14
1698184214289 11.309784889221191 15
1698184214445 10.23985767364502 16
1698184214592 10.213546752929688 17
1698184214769 10.42385482788086 18
1698184215027 10.395750999450684 19
1698184215210 9.980589866638184 20
1698184215363 10.11698055267334 21
1698184215513 9.189889907836914 22
1698184215659 9.751302719116211 23
1698184215811 9.243097305297852 24
1698184215959 9.502140045166016 25
1698184216113 9.356770515441895 26
1698184216277 9.674965858459473 27
1698184216423 8.82532024383545 28
1698184216569 8.984280586242676 29
1698184216718 9.283267974853516 30
1698184216866 8.851567268371582 31
1698184217020 8.813911437988281 32
1698184217177 9.19792366027832 33
1698184217338 8.907137870788574 34
1698184217489 9.48862361907959 35
1698184217637 8.982386589050293 36
1698184217788 8.546178817749023 37
1698184217934 9.685901641845703 38
1698184218081 9.208107948303223 39
1698184218253 8.53093147277832 40
1698184218407 9.056092262268066 41
1698184218559 9.053694725036621 42
1698184218710 8.880537986755371 43
1698184218858 8.858145713806152 44
1698184219012 8.684693336486816 45
1698184219174 8.326977729797363 46
1698184219336 8.720993995666504 47
1698184219484 8.833959579467773 48
1698184219634 8.501714706420898 49
