1698230466368 1.8393068313598633 0
1698230467614 0.49237897992134094 1
1698230468996 0.4071058928966522 2
1698230470546 0.3718768358230591 3
1698230471847 0.3153158724308014 4
1698230472301 0.30569377541542053 5
1698230472740 0.2625393569469452 6
1698230473181 0.25731024146080017 7
1698230474542 0.22998292744159698 8
1698230475824 0.2227252721786499 9
1698230477130 0.222477525472641 10
1698230478247 0.2187078893184662 11
1698230479681 0.21575018763542175 12
1698230481133 0.19043968617916107 13
1698230481572 0.2032095193862915 14
1698230481994 0.18468058109283447 15
1698230483472 0.176805779337883 16
1698230485112 0.17637966573238373 17
1698230486666 0.1503656953573227 18
1698230487720 0.14587324857711792 19
1698230488184 0.15038320422172546 20
1698230488605 0.16023258864879608 21
1698230489864 0.1546081304550171 22
1698230491179 0.15633367002010345 23
1698230492401 0.13597194850444794 24
1698230493384 0.14090007543563843 25
1698230494445 0.13242575526237488 26
1698230495895 0.1510392278432846 27
1698230496706 0.1335057020187378 28
1698230498119 0.14100977778434753 29
1698230499618 0.13403120636940002 30
1698230500867 0.12005920708179474 31
1698230502270 0.12994073331356049 32
1698230503435 0.13660882413387299 33
1698230504393 0.12182529270648956 34
1698230504841 0.11519014835357666 35
1698230506039 0.1331949681043625 36
1698230506755 0.12595464289188385 37
1698230507669 0.13490211963653564 38
1698230508729 0.12843704223632812 39
1698230509157 0.13299275934696198 40
1698230509603 0.10886336117982864 41
1698230510597 0.14124765992164612 42
1698230511044 0.11937464028596878 43
1698230512068 0.114064522087574 44
1698230512527 0.12580008804798126 45
1698230513360 0.11789111793041229 46
1698230513787 0.12687014043331146 47
1698230514674 0.10912296175956726 48
1698230515145 0.11893292516469955 49
