1698167235859 19.702205657958984 0
1698167236289 10.571553230285645 1
1698167236604 9.897782325744629 2
1698167237048 10.051789283752441 3
1698167237370 9.867225646972656 4
1698167237706 10.371427536010742 5
1698167238051 9.624966621398926 6
1698167238415 9.310404777526855 7
1698167238706 9.843544960021973 8
1698167239000 9.428818702697754 9
1698167239319 9.579009056091309 10
1698167239647 9.502684593200684 11
1698167239973 10.6788969039917 12
1698167240310 9.771170616149902 13
1698167240602 9.707793235778809 14
1698167240880 9.755183219909668 15
1698167241157 10.240425109863281 16
1698167241463 9.796438217163086 17
1698167241785 9.746610641479492 18
1698167242119 10.501778602600098 19
1698167242412 9.802922248840332 20
1698167242700 9.774540901184082 21
1698167242993 9.523356437683105 22
1698167243284 9.617772102355957 23
1698167243581 10.201390266418457 24
1698167243886 9.6050386428833 25
1698167244183 9.588150024414062 26
1698167244495 10.118049621582031 27
1698167244925 9.762075424194336 28
1698167245217 9.965116500854492 29
1698167245582 9.645796775817871 30
1698167246012 9.464344024658203 31
1698167246350 10.979459762573242 32
1698167246720 9.617671966552734 33
1698167247253 9.687156677246094 34
1698167247722 9.873486518859863 35
1698167248061 9.712860107421875 36
1698167248402 9.789668083190918 37
1698167248686 9.593125343322754 38
1698167249080 9.91117000579834 39
1698167249378 9.34636116027832 40
1698167249656 9.997186660766602 41
1698167249948 9.425780296325684 42
1698167250233 9.680410385131836 43
1698167250529 11.368809700012207 44
1698167250826 9.75956916809082 45
1698167251105 9.5308256149292 46
1698167251372 10.236259460449219 47
1698167251657 9.643420219421387 48
1698167251928 9.796609878540039 49
