1698184479124 324.1926574707031 0
1698184479243 73.20781707763672 1
1698184479365 59.399593353271484 2
1698184479479 56.3931884765625 3
1698184479596 49.35440444946289 4
1698184479754 43.228389739990234 5
1698184479923 44.52524185180664 6
1698184480031 50.94007873535156 7
1698184480167 41.6389045715332 8
1698184480284 41.00224304199219 9
1698184480402 39.90977096557617 10
1698184480518 40.848777770996094 11
1698184480636 33.51359939575195 12
1698184480752 40.19044494628906 13
1698184480863 40.76184844970703 14
1698184480972 41.38569641113281 15
1698184481097 36.984554290771484 16
1698184481232 37.35777282714844 17
1698184481342 39.18482971191406 18
1698184481461 33.6644287109375 19
1698184481573 35.25466537475586 20
1698184481693 36.77312088012695 21
1698184481807 29.92934799194336 22
1698184481916 31.0720272064209 23
1698184482034 32.63039016723633 24
1698184482175 29.809118270874023 25
1698184482297 34.57543182373047 26
1698184482420 30.225200653076172 27
1698184482529 28.956193923950195 28
1698184482652 28.92067527770996 29
1698184482761 28.6103572845459 30
1698184482874 35.804073333740234 31
1698184482982 33.975643157958984 32
1698184483131 25.591903686523438 33
1698184483255 31.65852165222168 34
1698184483389 27.617538452148438 35
1698184483498 27.201988220214844 36
1698184483617 38.760746002197266 37
1698184483729 28.578468322753906 38
1698184483863 23.97310447692871 39
1698184483992 25.614398956298828 40
1698184484120 28.51767349243164 41
1698184484254 33.30915832519531 42
1698184484377 29.946950912475586 43
1698184484502 26.526905059814453 44
1698184484638 31.050046920776367 45
1698184484749 28.98641586303711 46
1698184484861 32.46856689453125 47
1698184484972 26.803955078125 48
1698184485099 30.403181076049805 49
