1698181123043 0.037192147225141525 0
1698181123146 0.008798690512776375 1
1698181123251 0.006739960052073002 2
1698181123358 0.005723528563976288 3
1698181123478 0.005010067019611597 4
1698181123594 0.005331580992788076 5
1698181123719 0.004764226730912924 6
1698181123850 0.005135297775268555 7
1698181123970 0.0040549784898757935 8
1698181124080 0.0038040820509195328 9
1698181124199 0.003733835881575942 10
1698181124305 0.003315937239676714 11
1698181124415 0.0035346313379704952 12
1698181124534 0.0037415355909615755 13
1698181124643 0.002636698307469487 14
1698181124757 0.0023552505299448967 15
1698181124897 0.0028893183916807175 16
1698181125016 0.0025017433799803257 17
1698181125129 0.0032427639234811068 18
1698181125247 0.0028258359525352716 19
1698181125363 0.002965548075735569 20
1698181125486 0.00278431992046535 21
1698181125602 0.0025260373950004578 22
1698181125718 0.0025111341383308172 23
1698181125842 0.002356479875743389 24
1698181125963 0.0023287031799554825 25
1698181126084 0.002563843270763755 26
1698181126204 0.0025428365916013718 27
1698181126322 0.0024478405248373747 28
1698181126440 0.0022289641201496124 29
1698181126551 0.002518672728911042 30
1698181126662 0.0023414185270667076 31
1698181126770 0.0025145404506474733 32
1698181126924 0.0027233955916017294 33
1698181127056 0.0024089671205729246 34
1698181127184 0.003198923310264945 35
1698181127306 0.002254603197798133 36
1698181127428 0.002107649575918913 37
1698181127551 0.0020371812861412764 38
1698181127676 0.002221690258011222 39
1698181127805 0.002325931563973427 40
1698181127975 0.002083510858938098 41
1698181128113 0.001793327508494258 42
1698181128248 0.0019817769061774015 43
1698181128372 0.0021966404747217894 44
1698181128498 0.0022069462575018406 45
1698181128629 0.001773978234268725 46
1698181128764 0.002245318843051791 47
1698181128902 0.0018147106748074293 48
1698181129037 0.00209822622127831 49
