1698180957758 14062.7998046875 0
1698180957893 1678.4501953125 1
1698180958035 2470.77294921875 2
1698180958178 3064.3408203125 3
1698180958330 2345.769287109375 4
1698180958474 1287.7412109375 5
1698180958613 9142.064453125 6
1698180958751 7886.13720703125 7
1698180958889 7177.15576171875 8
1698180959028 741.6348876953125 9
1698180959182 4314.15673828125 10
1698180959319 5625.50048828125 11
1698180959465 6523.93798828125 12
1698180959613 5240.56591796875 13
1698180959764 7677.490234375 14
1698180959909 196.91664123535156 15
1698180960049 5045.1396484375 16
1698180960193 1114.289794921875 17
1698180960341 1757.2728271484375 18
1698180960503 9966.2822265625 19
1698180960646 3624.254638671875 20
1698180960789 534.3237915039062 21
1698180960937 2569.74755859375 22
1698180961076 739.9527587890625 23
1698180961214 2499.72705078125 24
1698180961361 2455.986572265625 25
1698180961510 12643.0908203125 26
1698180961652 6569.8349609375 27
1698180961809 3707.958984375 28
1698180961954 5423.41552734375 29
1698180962101 2505.68212890625 30
1698180962241 8530.08984375 31
1698180962398 1803.056396484375 32
1698180962563 12075.681640625 33
1698180962746 17211.97265625 34
1698180962916 4482.63916015625 35
1698180963073 4730.55029296875 36
1698180963223 3546.568603515625 37
1698180963383 6060.27197265625 38
1698180963562 6152.16552734375 39
1698180963728 2707.50341796875 40
1698180963892 1699.6640625 41
1698180964036 4191.32666015625 42
1698180964198 5873.7197265625 43
1698180964351 15676.607421875 44
1698180964499 7178.98291015625 45
1698180964656 6257.87060546875 46
1698180964803 2516.421142578125 47
1698180964949 7938.5244140625 48
1698180965084 2047.190673828125 49
