1698162884499 74.51406860351562 0
1698162886016 53.90711975097656 1
1698162887387 48.31923294067383 2
1698162888725 41.581520080566406 3
1698162892253 34.18177795410156 4
1698162895505 30.1273193359375 5
1698162898682 28.5474853515625 6
1698162902154 26.495018005371094 7
1698162906009 25.82276725769043 8
1698162909001 25.018587112426758 9
1698162911427 23.589292526245117 10
1698162914406 23.047203063964844 11
1698162917808 22.121185302734375 12
1698162920211 22.036230087280273 13
1698162921777 21.74018096923828 14
1698162924213 20.616926193237305 15
1698162926993 21.046178817749023 16
1698162929579 20.44786262512207 17
1698162931442 20.162525177001953 18
1698162933369 19.98558807373047 19
1698162935508 19.1829776763916 20
1698162937283 19.586618423461914 21
1698162938954 19.074495315551758 22
