1698148831382 0.0776798203587532 0
1698148832020 0.04463421180844307 1
1698148832677 0.034395817667245865 2
1698148833309 0.024736611172556877 3
1698148833999 0.018873557448387146 4
1698148834651 0.01633458212018013 5
1698148835309 0.014921882189810276 6
1698148836063 0.013406646437942982 7
1698148836735 0.012181375175714493 8
1698148837390 0.010900618508458138 9
1698148838044 0.010065454058349133 10
1698148838702 0.009094140492379665 11
1698148839418 0.008360587991774082 12
1698148840049 0.008107265457510948 13
1698148840750 0.007829383946955204 14
1698148841421 0.00718725984916091 15
1698148842131 0.007044731639325619 16
1698148842799 0.006766238249838352 17
1698148843472 0.006489479914307594 18
1698148844104 0.006334319710731506 19
1698148844817 0.0062155029736459255 20
1698148845444 0.0061045000329613686 21
1698148846109 0.005754223093390465 22
1698148846779 0.005830435547977686 23
1698148847427 0.005634983070194721 24
1698148848112 0.005728378891944885 25
1698148848905 0.005509776528924704 26
1698148849543 0.0054918332025408745 27
1698148850280 0.005450169090181589 28
1698148850993 0.005428255535662174 29
1698148851641 0.0053144944831728935 30
1698148852341 0.005192326381802559 31
1698148853004 0.00502201821655035 32
1698148853640 0.005080338567495346 33
1698148854371 0.005183150991797447 34
1698148855204 0.0050416369922459126 35
1698148855880 0.005000414326786995 36
1698148856524 0.00492187961935997 37
1698148857206 0.0049850535579025745 38
