1698149565990 0.15197208523750305 0
1698149567339 0.07321511954069138 1
1698149568684 0.04645266756415367 2
1698149570059 0.0370895154774189 3
1698149571596 0.03221597149968147 4
1698149572959 0.029287904500961304 5
1698149574319 0.026798786595463753 6
1698149575669 0.02457929030060768 7
1698149577111 0.022471414878964424 8
1698149578637 0.022085465490818024 9
1698149580018 0.020492902025580406 10
1698149581433 0.01948440819978714 11
1698149582825 0.018646128475666046 12
1698149584161 0.01815093867480755 13
1698149585707 0.01750408671796322 14
1698149587147 0.017258131876587868 15
1698149588519 0.01667832024395466 16
1698149589877 0.01636645384132862 17
1698149591563 0.016442494466900826 18
1698149593013 0.015819784253835678 19
1698149594336 0.015770141035318375 20
1698149595697 0.015440967865288258 21
1698149597091 0.015215817838907242 22
1698149598547 0.015088693238794804 23
1698149599920 0.015961308032274246 24
1698149601321 0.015162532217800617 25
1698149602723 0.014713204465806484 26
1698149604089 0.014867591671645641 27
1698149605498 0.015084616839885712 28
1698149606864 0.015168357640504837 29
1698149608287 0.0150881577283144 30
1698149609675 0.014764578081667423 31
1698149611301 0.01475275494158268 32
1698149612695 0.014503312297165394 33
