1698148725789 0.1377241611480713 0
1698148726684 0.05654992535710335 1
1698148727662 0.040800951421260834 2
1698148728583 0.03362668305635452 3
1698148729469 0.028752168640494347 4
1698148730380 0.02523510903120041 5
1698148731388 0.024420825764536858 6
1698148732308 0.022167595103383064 7
1698148733227 0.021015051752328873 8
1698148734273 0.020159771665930748 9
1698148735165 0.01932806707918644 10
1698148736034 0.018092002719640732 11
1698148736980 0.017687425017356873 12
1698148737877 0.017408203333616257 13
1698148738791 0.017196698114275932 14
1698148739730 0.017061207443475723 15
1698148740795 0.016370311379432678 16
1698148741795 0.0167215745896101 17
1698148742689 0.016469409689307213 18
1698148743590 0.016002217307686806 19
1698148744502 0.015831520780920982 20
1698148745446 0.015883449465036392 21
1698148746356 0.01582832634449005 22
1698148747358 0.01567491888999939 23
1698148748266 0.015362567268311977 24
1698148749172 0.015720268711447716 25
1698148750143 0.01529509387910366 26
1698148751243 0.01525528822094202 27
1698148752163 0.015015139244496822 28
1698148753107 0.015246769413352013 29
1698148754000 0.014854894950985909 30
1698148754933 0.014925921335816383 31
1698148755895 0.014747940935194492 32
1698148756805 0.014910183846950531 33
1698148757724 0.014780588448047638 34
1698148758619 0.014597970992326736 35
1698148759665 0.014683355577290058 36
1698148760669 0.014742819592356682 37
1698148761579 0.014522111043334007 38
1698148762466 0.014558641240000725 39
1698148763400 0.014309740625321865 40
1698148764309 0.01440176647156477 41
1698148765205 0.014567365869879723 42
1698148766224 0.014268014580011368 43
1698148767199 0.014098317362368107 44
1698148768135 0.01469841692596674 45
1698148769024 0.014802663587033749 46
1698148769925 0.01419290341436863 47
1698148770894 0.01419616024941206 48
1698148771803 0.013818296603858471 49
1698148772773 0.014127964153885841 50
1698148773682 0.014232492074370384 51
1698148774606 0.014096736907958984 52
1698148775500 0.013966933824121952 53
1698148776474 0.014145358465611935 54
1698148777348 0.013614644296467304 55
