1698150456920 0.17586779594421387 0
1698150458607 0.08778675645589828 1
1698150460275 0.05597331374883652 2
1698150462070 0.04490308463573456 3
1698150463739 0.03743134066462517 4
1698150465394 0.0320516899228096 5
1698150467105 0.028682975098490715 6
1698150469012 0.025144414976239204 7
1698150470814 0.02406715229153633 8
1698150472587 0.021254420280456543 9
1698150474236 0.020149480551481247 10
1698150476008 0.01875768043100834 11
1698150477703 0.01770130731165409 12
1698150479456 0.017348069697618484 13
1698150481171 0.016107289120554924 14
1698150483007 0.015503971837460995 15
1698150484835 0.015271910466253757 16
1698150486556 0.015543910674750805 17
1698150488253 0.014380209147930145 18
1698150490053 0.014797634445130825 19
1698150491826 0.014903745613992214 20
1698150493508 0.014669112861156464 21
1698150495195 0.014160692691802979 22
1698150496972 0.014437389560043812 23
1698150498670 0.014115918427705765 24
1698150500327 0.014132636599242687 25
1698150502041 0.014415445737540722 26
1698150504024 0.013674666173756123 27
1698150505695 0.014016442000865936 28
1698150507358 0.013988700695335865 29
1698150509088 0.013893884606659412 30
1698150511007 0.013826903887093067 31
1698150512686 0.013923547230660915 32
1698150514411 0.013706399127840996 33
