1698173824047 0.00022763459128327668 0
1698173824453 5.948326725047082e-05 1
1698173824843 5.542703365790658e-05 2
1698173825232 5.02719558426179e-05 3
1698173825637 5.615440750261769e-05 4
1698173826032 5.22211121278815e-05 5
1698173826443 4.9501792091177776e-05 6
1698173826856 5.3498159104492515e-05 7
1698173827354 5.7481014664517716e-05 8
1698173827844 5.890753891435452e-05 9
1698173828281 5.396832784754224e-05 10
1698173828683 4.6465480409096926e-05 11
1698173829117 4.5031047193333507e-05 12
1698173829504 6.19788552285172e-05 13
1698173829900 4.567913492792286e-05 14
1698173830283 5.2024999604327604e-05 15
1698173830687 4.2059695260832086e-05 16
1698173831068 4.4699922000290826e-05 17
1698173831447 4.729611464426853e-05 18
1698173831882 4.033289951621555e-05 19
1698173832284 4.01368597522378e-05 20
1698173832677 4.2487943574087694e-05 21
1698173833050 4.113197064725682e-05 22
1698173833431 4.750724110635929e-05 23
1698173833824 4.9788464821176603e-05 24
1698173834231 4.500199793255888e-05 25
1698173834639 3.573564754333347e-05 26
1698173835206 4.834417632082477e-05 27
1698173835659 4.5542616135207936e-05 28
1698173836196 3.891222513630055e-05 29
1698173836600 4.645044100470841e-05 30
1698173837191 4.874612204730511e-05 31
1698173837603 4.6385299356188625e-05 32
1698173838029 4.794001506525092e-05 33
1698173838532 5.023182893637568e-05 34
1698173838947 4.2148236389039084e-05 35
1698173839502 4.485537647269666e-05 36
1698173839926 6.067090362193994e-05 37
1698173840384 3.821810969384387e-05 38
1698173840785 4.40908370364923e-05 39
1698173841325 4.213432112010196e-05 40
1698173841766 5.261013939161785e-05 41
1698173842194 3.8584479625569656e-05 42
1698173842645 4.343671753304079e-05 43
1698173843067 4.113647446502e-05 44
1698173843629 3.962644041166641e-05 45
1698173844076 4.156852810410783e-05 46
1698173844518 4.1493774915579706e-05 47
1698173845030 4.55020708614029e-05 48
1698173845648 4.859922410105355e-05 49
