1698173824047 53.297019958496094 0
1698173824453 24.58307647705078 1
1698173824843 15.495146751403809 2
1698173825232 20.192745208740234 3
1698173825637 15.524749755859375 4
1698173826032 20.709871292114258 5
1698173826443 24.201885223388672 6
1698173826856 20.134687423706055 7
1698173827354 19.867416381835938 8
1698173827844 24.818153381347656 9
1698173828281 20.940513610839844 10
1698173828683 16.765161514282227 11
1698173829117 14.382681846618652 12
1698173829504 24.828105926513672 13
1698173829900 18.634113311767578 14
1698173830283 24.041706085205078 15
1698173830687 15.92522144317627 16
1698173831068 14.23808479309082 17
1698173831447 17.160917282104492 18
1698173831882 14.860763549804688 19
1698173832284 15.380232810974121 20
1698173832677 18.474227905273438 21
1698173833050 14.36976432800293 22
1698173833431 17.45993423461914 23
1698173833824 21.478397369384766 24
1698173834231 20.212467193603516 25
1698173834639 10.638724327087402 26
1698173835206 16.3502254486084 27
1698173835659 26.312171936035156 28
1698173836196 18.177030563354492 29
1698173836600 17.928348541259766 30
1698173837191 18.281517028808594 31
1698173837603 19.490713119506836 32
1698173838029 22.324098587036133 33
1698173838532 18.86289405822754 34
1698173838947 17.568086624145508 35
1698173839502 16.450164794921875 36
1698173839926 29.12995719909668 37
1698173840384 16.785078048706055 38
1698173840785 17.62552833557129 39
1698173841325 16.013986587524414 40
1698173841766 20.470481872558594 41
1698173842194 17.72720718383789 42
1698173842645 16.781274795532227 43
1698173843067 13.572952270507812 44
1698173843629 19.958717346191406 45
1698173844076 17.874229431152344 46
1698173844518 15.408973693847656 47
1698173845030 17.25571060180664 48
1698173845648 20.971349716186523 49
