1698154855758 86.24874114990234 0
1698154856518 59.636661529541016 1
1698154857264 57.33483123779297 2
1698154858110 49.95746994018555 3
1698154858936 39.79120635986328 4
1698154859920 35.026885986328125 5
1698154860996 31.606313705444336 6
1698154861889 31.62363624572754 7
1698154862733 29.464773178100586 8
1698154863523 28.41562271118164 9
1698154864336 27.98574447631836 10
1698154865195 26.708051681518555 11
1698154866035 25.976320266723633 12
1698154866914 24.997358322143555 13
1698154867752 24.415454864501953 14
1698154868859 23.813772201538086 15
1698154869806 22.745725631713867 16
1698154870608 22.273609161376953 17
1698154871452 21.626161575317383 18
1698154872250 21.480262756347656 19
1698154873066 20.95307159423828 20
1698154873885 20.1748046875 21
1698154874693 20.10316276550293 22
1698154875535 19.872026443481445 23
1698154876616 18.943805694580078 24
1698154877463 19.289127349853516 25
1698154878255 19.0411319732666 26
1698154879287 18.899797439575195 27
1698154880236 18.211898803710938 28
1698154881454 18.33112335205078 29
1698154882498 17.972578048706055 30
