1698229959826 1.3087598085403442 0
1698229960690 0.4130971133708954 1
1698229961407 0.3233748972415924 2
1698229962126 0.27662888169288635 3
1698229962793 0.25909489393234253 4
1698229963518 0.23611709475517273 5
1698229964128 0.240941122174263 6
1698229964999 0.23075425624847412 7
1698229966566 0.22973938286304474 8
1698229967645 0.2105673998594284 9
1698229968198 0.20869533717632294 10
1698229968760 0.22304126620292664 11
1698229970528 0.20323696732521057 12
1698229972128 0.20255371928215027 13
1698229973482 0.19292184710502625 14
1698229974025 0.21149185299873352 15
1698229975620 0.20158368349075317 16
1698229977447 0.17914257943630219 17
1698229979229 0.18210798501968384 18
1698229979750 0.18148024380207062 19
1698229981043 0.1798642873764038 20
1698229982543 0.15803126990795135 21
1698229984143 0.17351599037647247 22
1698229985123 0.1828170120716095 23
1698229985669 0.20570211112499237 24
1698229986670 0.15784619748592377 25
1698229987818 0.16766272485256195 26
1698229989401 0.19438233971595764 27
1698229991120 0.17486923933029175 28
1698229992942 0.17932195961475372 29
1698229993453 0.14902982115745544 30
1698229995111 0.14977866411209106 31
1698229995614 0.18375545740127563 32
1698229996808 0.17610783874988556 33
1698229997568 0.13556164503097534 34
1698229998110 0.18542605638504028 35
1698229999495 0.16165432333946228 36
1698230001242 0.17971087992191315 37
1698230002465 0.21550974249839783 38
1698230003451 0.15104296803474426 39
1698230004866 0.14206236600875854 40
1698230005906 0.17383290827274323 41
1698230007447 0.14059719443321228 42
1698230008608 0.1541484296321869 43
1698230009897 0.15443994104862213 44
1698230010426 0.14257079362869263 45
1698230011427 0.11592957377433777 46
1698230012512 0.15744511783123016 47
1698230013044 0.17920327186584473 48
1698230014129 0.14452722668647766 49
