1698183806353 0.006840823218226433 0
1698183806627 0.0009757023071870208 1
1698183806960 0.0009252098971046507 2
1698183807334 0.0008109275950118899 3
1698183807672 0.0007208510069176555 4
1698183807952 0.0006705592386424541 5
1698183808233 0.0006595496670342982 6
1698183808500 0.0005837806966155767 7
1698183808764 0.0006479232106357813 8
1698183809030 0.0006149501423351467 9
1698183809316 0.0005760188796557486 10
1698183809599 0.0006073939148336649 11
1698183809881 0.0006109038949944079 12
1698183810164 0.0005903600831516087 13
1698183810443 0.0005696637672372162 14
1698183810713 0.0005128209013491869 15
1698183810980 0.000551966077182442 16
1698183811260 0.0004689783090725541 17
1698183811521 0.0005518401158042252 18
1698183811783 0.0005143400630913675 19
1698183812056 0.0004880605556536466 20
1698183812343 0.00045522721484303474 21
1698183812611 0.0005037254886701703 22
1698183812879 0.0005189598887227476 23
1698183813136 0.00044965866254642606 24
1698183813427 0.0004813710693269968 25
1698183814306 0.00048148701898753643 26
1698183814597 0.0004998439108021557 27
1698183814873 0.0005410096491687 28
1698183815139 0.0005384618416428566 29
1698183815442 0.0004544172261375934 30
1698183815718 0.00047158950474113226 31
1698183815992 0.0004576478386297822 32
1698183816283 0.00047596119111403823 33
1698183816573 0.0004532746970653534 34
1698183816850 0.0004596205544658005 35
1698183817127 0.0005907551967538893 36
1698183817436 0.0004345723136793822 37
1698183817749 0.0005154276732355356 38
1698183818056 0.0004315964179113507 39
1698183818379 0.00048120689461939037 40
1698183818668 0.0004576559003908187 41
1698183818992 0.0005284430226311088 42
1698183819316 0.0004760801384691149 43
1698183819597 0.000442689866758883 44
1698183819872 0.00042417459189891815 45
1698183820143 0.00044348457595333457 46
1698183820431 0.0005347224068827927 47
1698183820700 0.0004787106590811163 48
1698183820968 0.0004701088764704764 49
