1698183806353 30.11966896057129 0
1698183806627 10.110209465026855 1
1698183806960 9.829988479614258 2
1698183807334 8.751479148864746 3
1698183807672 8.565091133117676 4
1698183807952 7.952220916748047 5
1698183808233 8.240967750549316 6
1698183808500 7.6515727043151855 7
1698183808764 8.488068580627441 8
1698183809030 8.941269874572754 9
1698183809316 8.306073188781738 10
1698183809599 7.644742012023926 11
1698183809881 8.35077953338623 12
1698183810164 7.733550548553467 13
1698183810443 7.066150665283203 14
1698183810713 6.899048805236816 15
1698183810980 8.143254280090332 16
1698183811260 6.940924644470215 17
1698183811521 6.924893856048584 18
1698183811783 7.251245021820068 19
1698183812056 7.187195777893066 20
1698183812343 6.8972673416137695 21
1698183812611 7.06619119644165 22
1698183812879 7.119223117828369 23
1698183813136 6.7595438957214355 24
1698183813427 6.62843656539917 25
1698183814306 6.746913909912109 26
1698183814597 7.06190299987793 27
1698183814873 7.227297306060791 28
1698183815139 7.537860870361328 29
1698183815442 7.665823936462402 30
1698183815718 6.762722492218018 31
1698183815992 6.833886623382568 32
1698183816283 7.58945894241333 33
1698183816573 6.79563570022583 34
1698183816850 7.003486156463623 35
1698183817127 8.210807800292969 36
1698183817436 7.387772083282471 37
1698183817749 7.190176010131836 38
1698183818056 6.571662425994873 39
1698183818379 7.234189033508301 40
1698183818668 6.435977458953857 41
1698183818992 8.388879776000977 42
1698183819316 7.26486873626709 43
1698183819597 6.345138072967529 44
1698183819872 7.092078685760498 45
1698183820143 7.019829750061035 46
1698183820431 7.092820644378662 47
1698183820700 7.249016761779785 48
1698183820968 7.294524669647217 49
