1698178598747 52120.6796875 0
1698178599280 51294.47265625 1
1698178599755 14528.6884765625 2
1698178600222 20361.9375 3
1698178600692 14855.2294921875 4
1698178601189 18991.8125 5
1698178601665 22333.94140625 6
1698178602143 17642.34765625 7
1698178602620 20245.98828125 8
1698178603097 3254.81689453125 9
1698178603608 15814.2998046875 10
1698178604096 14160.734375 11
1698178604575 21100.306640625 12
1698178605051 11608.109375 13
1698178605523 9454.3466796875 14
1698178605992 11625.14453125 15
1698178606491 20925.7265625 16
1698178606964 17927.091796875 17
1698178607461 14205.875 18
1698178607953 9408.7587890625 19
1698178608632 13777.791015625 20
1698178609243 18592.658203125 21
1698178609796 20058.064453125 22
1698178610283 16521.16015625 23
1698178610755 25624.001953125 24
1698178611245 11488.58984375 25
1698178611718 8556.037109375 26
