1698176365137 0.016260642558336258 0
1698176365290 0.0034816954284906387 1
1698176365429 0.0027222612407058477 2
1698176365620 0.002588773611932993 3
1698176365811 0.00244633830152452 4
1698176365970 0.0020435263868421316 5
1698176366114 0.002025856403633952 6
1698176366252 0.0019735614769160748 7
1698176366365 0.0020622974261641502 8
1698176366476 0.0017429280560463667 9
1698176366625 0.0020802358631044626 10
1698176366758 0.0020293202251195908 11
1698176366878 0.0019487215904518962 12
1698176367007 0.0018187728710472584 13
1698176367147 0.0018800442339852452 14
1698176367286 0.0016966386465355754 15
1698176367413 0.001722823129966855 16
1698176367551 0.0017021753592416644 17
1698176367685 0.0018703520763665438 18
1698176367904 0.001515087322331965 19
1698176368136 0.001400295295752585 20
1698176368273 0.0019076543394476175 21
1698176368385 0.0017379829660058022 22
1698176368513 0.0015655291499570012 23
1698176368621 0.001682744943536818 24
1698176368725 0.0015821437118574977 25
1698176368843 0.0015399534022435546 26
1698176368950 0.0015247778501361609 27
1698176369063 0.0019448668463155627 28
1698176369181 0.0013307842891663313 29
1698176369323 0.0019288432085886598 30
1698176369452 0.0019264343427494168 31
1698176369557 0.0015762909315526485 32
1698176369661 0.0015588715905323625 33
1698176369768 0.0014580945717170835 34
1698176369875 0.0014824187383055687 35
1698176369980 0.0016812231624498963 36
1698176370086 0.001328935381025076 37
1698176370192 0.0013851183466613293 38
1698176370316 0.0017308417009189725 39
1698176370423 0.0015809342730790377 40
1698176370532 0.0016037006862461567 41
1698176370659 0.001426996779628098 42
1698176370768 0.001547408988699317 43
1698176370872 0.0015709266299381852 44
1698176370989 0.0011816414771601558 45
1698176371096 0.0014236620627343655 46
1698176371204 0.001437200466170907 47
1698176371311 0.0012941736495122313 48
1698176371440 0.0015119095332920551 49
