1698168411920 28.34640121459961 0
1698168412369 17.26537322998047 1
1698168412784 16.496877670288086 2
1698168413195 16.145370483398438 3
1698168413596 15.82758617401123 4
1698168414004 16.140727996826172 5
1698168414414 15.671438217163086 6
1698168414818 15.52221965789795 7
1698168415234 15.333060264587402 8
1698168415636 15.054306030273438 9
1698168416029 15.284406661987305 10
1698168416467 15.477532386779785 11
1698168416865 16.129125595092773 12
1698168417273 15.090229034423828 13
1698168417702 15.696850776672363 14
1698168418107 16.081377029418945 15
1698168418527 15.359210968017578 16
1698168418947 15.206260681152344 17
1698168419454 15.247001647949219 18
1698168419937 15.11023235321045 19
1698168420605 15.860640525817871 20
1698168421038 15.5146484375 21
1698168421448 15.219930648803711 22
1698168421862 15.821653366088867 23
1698168422262 15.121106147766113 24
1698168422760 15.054747581481934 25
1698168423149 15.28219985961914 26
1698168423582 15.364255905151367 27
1698168424003 15.033407211303711 28
1698168424418 14.890360832214355 29
1698168424838 15.070622444152832 30
1698168425238 14.957437515258789 31
1698168425705 15.191629409790039 32
1698168426121 15.12430477142334 33
1698168426513 15.292387962341309 34
1698168426978 14.771340370178223 35
1698168427394 14.653541564941406 36
1698168427988 14.979490280151367 37
1698168428497 15.104019165039062 38
1698168428933 15.094839096069336 39
1698168429362 15.066262245178223 40
1698168429801 14.901338577270508 41
1698168430231 15.066967964172363 42
1698168430644 15.091348648071289 43
1698168431083 15.541715621948242 44
1698168431493 14.9545259475708 45
1698168431923 14.814046859741211 46
1698168432309 14.919983863830566 47
1698168432724 15.286773681640625 48
1698168433136 14.958178520202637 49
