1698169171628 47.384578704833984 0
1698169171890 25.910921096801758 1
1698169172160 21.299026489257812 2
1698169172437 19.22934341430664 3
1698169172672 18.487760543823242 4
1698169172896 17.991430282592773 5
1698169173162 17.340486526489258 6
1698169173396 16.686763763427734 7
1698169173704 16.25477409362793 8
1698169174157 16.272558212280273 9
1698169174489 16.023603439331055 10
1698169175040 15.677631378173828 11
1698169175504 15.665961265563965 12
1698169175805 15.547186851501465 13
1698169176126 15.098343849182129 14
1698169176399 15.161617279052734 15
1698169176687 14.775355339050293 16
1698169176945 14.73575210571289 17
1698169177216 14.51051139831543 18
1698169177476 14.478925704956055 19
1698169177728 14.788073539733887 20
1698169177982 14.601306915283203 21
1698169178238 14.3276948928833 22
1698169178487 14.040886878967285 23
1698169178701 14.025583267211914 24
1698169178972 14.209524154663086 25
1698169179224 13.867888450622559 26
1698169179466 13.710911750793457 27
1698169179718 13.697195053100586 28
1698169180004 13.757040023803711 29
1698169180261 13.872236251831055 30
1698169180520 13.56411361694336 31
1698169180767 13.421229362487793 32
1698169181000 13.742738723754883 33
1698169181277 13.62567138671875 34
1698169181517 13.43132495880127 35
1698169181751 13.230480194091797 36
1698169181987 13.361611366271973 37
1698169182271 13.10680103302002 38
1698169182542 13.133281707763672 39
1698169182796 13.065863609313965 40
1698169183182 12.912660598754883 41
1698169183478 13.083475112915039 42
1698169183830 13.008623123168945 43
1698169184111 12.715349197387695 44
1698169184412 12.74912166595459 45
1698169184657 12.531637191772461 46
1698169184884 12.898506164550781 47
1698169185094 12.831964492797852 48
1698169185334 12.703268051147461 49
