1698181115355 0.028535276651382446 0
1698181115501 0.006688068620860577 1
1698181115611 0.007364814169704914 2
1698181115733 0.005934698972851038 3
1698181115859 0.005244739353656769 4
1698181115982 0.0050494736060500145 5
1698181116097 0.0047853123396635056 6
1698181116231 0.004264113027602434 7
1698181116343 0.004915458615869284 8
1698181116465 0.004254389088600874 9
1698181116586 0.004410175606608391 10
1698181116702 0.003379934001713991 11
1698181116814 0.004015634767711163 12
1698181116935 0.003870567539706826 13
1698181117056 0.004385582637041807 14
1698181117187 0.0036572765093296766 15
1698181117330 0.0030872689094394445 16
1698181117459 0.0037935245782136917 17
1698181117584 0.003251229878515005 18
1698181117718 0.003558812430128455 19
1698181117847 0.0035876668989658356 20
1698181117955 0.0032417867332696915 21
1698181118074 0.0032141089905053377 22
1698181118197 0.0025232997722923756 23
1698181118350 0.003237693337723613 24
1698181118508 0.0026684373151510954 25
1698181118633 0.002789535792544484 26
1698181118754 0.0029178273398429155 27
1698181118890 0.0025724719744175673 28
1698181119017 0.002848065923899412 29
1698181119152 0.0029390137642621994 30
1698181119286 0.0026909552980214357 31
1698181119437 0.002573092468082905 32
1698181119597 0.0028042937628924847 33
1698181119727 0.0025663808919489384 34
1698181119855 0.0025187795981764793 35
1698181119979 0.0027314627077430487 36
1698181120094 0.002506446558982134 37
1698181120222 0.0023943439591675997 38
1698181120347 0.0024905505124479532 39
1698181120475 0.0026616777759045362 40
1698181120599 0.0023275159765034914 41
1698181120728 0.0026098403614014387 42
1698181120871 0.002542425412684679 43
1698181120997 0.0027584887575358152 44
1698181121132 0.0023960957769304514 45
1698181121265 0.0024894634261727333 46
1698181121392 0.0023505978751927614 47
1698181121518 0.002283544046804309 48
1698181121635 0.002382065635174513 49
