1698167212854 23.085853576660156 0
1698167213149 10.91833782196045 1
1698167213455 10.421171188354492 2
1698167213880 10.34895133972168 3
1698167214252 10.3270263671875 4
1698167214677 9.886456489562988 5
1698167214961 10.512530326843262 6
1698167215485 10.939637184143066 7
1698167215810 10.55825424194336 8
1698167216131 10.667207717895508 9
1698167216560 10.510917663574219 10
1698167216883 10.326399803161621 11
1698167217220 10.225905418395996 12
1698167217738 10.298606872558594 13
1698167218112 10.14936351776123 14
1698167218475 10.146883010864258 15
1698167218755 10.604140281677246 16
1698167219048 10.305233001708984 17
1698167219349 10.267498970031738 18
1698167219695 10.1754150390625 19
1698167219981 11.049223899841309 20
1698167220263 9.986225128173828 21
1698167220574 10.617465019226074 22
1698167220929 10.132554054260254 23
1698167221229 10.273702621459961 24
1698167221531 10.292014122009277 25
1698167221842 10.190857887268066 26
1698167222146 10.413594245910645 27
1698167222453 10.509137153625488 28
1698167222760 10.004115104675293 29
1698167223110 10.285553932189941 30
1698167223429 10.376850128173828 31
1698167223724 10.661874771118164 32
1698167224002 10.072773933410645 33
1698167224297 11.264693260192871 34
1698167224603 10.282441139221191 35
1698167224887 10.249123573303223 36
1698167225189 10.34102725982666 37
1698167225521 10.075348854064941 38
1698167225901 9.932530403137207 39
1698167226355 10.444775581359863 40
1698167226743 9.9493408203125 41
1698167227133 10.105430603027344 42
1698167227448 11.004348754882812 43
1698167227782 9.97541618347168 44
1698167228103 10.42587661743164 45
1698167228426 10.330893516540527 46
1698167228759 10.259698867797852 47
1698167229045 10.133509635925293 48
1698167229347 10.13796615600586 49
