1698158420161 0.077959805727005 0
1698158421342 0.04339362680912018 1
1698158422309 0.03203438222408295 2
1698158423293 0.024385657161474228 3
1698158424287 0.021369414404034615 4
1698158425241 0.018852243199944496 5
1698158426214 0.016875606030225754 6
1698158427228 0.015434657223522663 7
1698158428235 0.013875802047550678 8
1698158429378 0.012744317762553692 9
1698158430400 0.011790773831307888 10
1698158431386 0.010898003354668617 11
1698158432421 0.010431391187012196 12
1698158433389 0.009874158538877964 13
1698158434351 0.009326843544840813 14
1698158435311 0.008737979456782341 15
1698158436257 0.008466745726764202 16
