1698182019264 0.08280041813850403 0
1698182019464 0.017444247379899025 1
1698182019661 0.015348459593951702 2
1698182019870 0.0156558807939291 3
1698182020077 0.01412192452698946 4
1698182020305 0.013162786141037941 5
1698182020516 0.01406248938292265 6
1698182020733 0.013410493731498718 7
1698182020936 0.010757633484899998 8
1698182021147 0.011064295656979084 9
1698182021353 0.01485036313533783 10
1698182021566 0.012307760305702686 11
1698182021769 0.012075361795723438 12
1698182021978 0.013146504759788513 13
1698182022188 0.01262729987502098 14
1698182022423 0.012072574347257614 15
1698182022630 0.012580120004713535 16
1698182022838 0.009713008999824524 17
1698182023044 0.011275151744484901 18
1698182023246 0.010172798298299313 19
1698182023468 0.010441221296787262 20
1698182023684 0.011068371124565601 21
1698182023899 0.011011865921318531 22
1698182024102 0.00992065854370594 23
1698182024329 0.009658809751272202 24
1698182024545 0.008917325176298618 25
1698182024757 0.011244133114814758 26
1698182024965 0.010936236009001732 27
1698182025171 0.01385650597512722 28
1698182025414 0.008486546576023102 29
1698182025646 0.00864806491881609 30
1698182025928 0.013355339877307415 31
1698182026164 0.010556596331298351 32
1698182026423 0.009520428255200386 33
1698182026650 0.010224376805126667 34
1698182026899 0.011347074061632156 35
1698182027200 0.009146527387201786 36
1698182027514 0.009302700869739056 37
1698182027736 0.010498164221644402 38
1698182027952 0.012059712782502174 39
1698182028160 0.009002353064715862 40
1698182028382 0.010297656990587711 41
1698182028593 0.008649292401969433 42
1698182028810 0.007863794453442097 43
1698182029016 0.009108345955610275 44
1698182029222 0.009710176847875118 45
1698182029463 0.00892607681453228 46
1698182029673 0.008252621628344059 47
1698182029885 0.008573510684072971 48
1698182030094 0.008209878578782082 49
