1698179458482 31.42574691772461 0
1698179458793 12.472776412963867 1
1698179459082 11.337346076965332 2
1698179459354 10.279508590698242 3
1698179459653 9.561945915222168 4
1698179459946 10.132473945617676 5
1698179460208 9.02587604522705 6
1698179460504 9.354680061340332 7
1698179460778 8.784479141235352 8
1698179461036 8.9354829788208 9
1698179461293 9.116836547851562 10
1698179461577 8.518819808959961 11
1698179461832 8.936042785644531 12
1698179462091 8.391449928283691 13
1698179462352 8.149590492248535 14
1698179462636 9.205078125 15
1698179462893 8.198700904846191 16
1698179463154 8.330952644348145 17
1698179463451 7.936085224151611 18
1698179463728 7.803685665130615 19
1698179463989 8.017345428466797 20
1698179464257 7.8618597984313965 21
1698179464553 8.055512428283691 22
1698179464816 7.647057056427002 23
1698179465073 7.37672758102417 24
1698179465328 7.877066612243652 25
1698179465617 8.469395637512207 26
1698179465901 7.767540454864502 27
1698179466160 7.560086250305176 28
1698179466427 7.68895149230957 29
1698179466691 7.337687015533447 30
1698179466954 6.989560604095459 31
1698179467223 7.119197845458984 32
1698179467505 7.953492164611816 33
1698179467769 9.267352104187012 34
1698179468062 7.669808864593506 35
1698179468445 7.549705982208252 36
1698179468719 8.411829948425293 37
1698179468987 7.655557632446289 38
1698179469363 7.444544792175293 39
1698179469652 6.792623996734619 40
1698179469950 7.2406721115112305 41
1698179470245 7.111633777618408 42
1698179470523 6.708970546722412 43
1698179470782 7.096141338348389 44
1698179471043 7.106748580932617 45
1698179471302 7.129967212677002 46
1698179471588 6.8890767097473145 47
1698179471849 7.262421607971191 48
1698179472165 8.19084644317627 49
