1698179597796 31.28632926940918 0
1698179598065 10.613615036010742 1
1698179598318 7.803463459014893 2
1698179598562 8.131760597229004 3
1698179598814 7.207394123077393 4
1698179599084 6.994978427886963 5
1698179599310 6.666427135467529 6
1698179599554 6.633224964141846 7
1698179599775 6.910209655761719 8
1698179599995 6.631674766540527 9
1698179600213 6.072022438049316 10
1698179600452 7.448818683624268 11
1698179600675 6.148155689239502 12
1698179600888 6.006265163421631 13
1698179601118 6.18352746963501 14
1698179601340 6.1468987464904785 15
1698179601558 6.156116962432861 16
1698179601781 6.468952178955078 17
1698179602016 6.914173603057861 18
1698179602242 6.179194450378418 19
1698179602461 6.061907768249512 20
1698179602681 6.770781517028809 21
1698179602921 7.109750270843506 22
1698179603142 5.934497356414795 23
1698179603366 5.979418754577637 24
1698179603597 5.881886005401611 25
1698179603820 5.805549621582031 26
1698179604031 5.84746789932251 27
1698179604250 5.778563022613525 28
1698179604469 5.87109899520874 29
1698179604696 6.133017063140869 30
1698179604920 5.7429022789001465 31
1698179605144 6.05389404296875 32
1698179605373 6.467433929443359 33
1698179605598 5.942772388458252 34
1698179605817 5.950461387634277 35
1698179606038 5.831701278686523 36
1698179606271 5.627192974090576 37
1698179606488 5.278979301452637 38
1698179606700 5.407495498657227 39
1698179606931 5.71489953994751 40
1698179607156 6.324789047241211 41
1698179607382 5.6641693115234375 42
1698179607606 6.401742458343506 43
1698179607836 5.805666923522949 44
1698179608123 5.442910194396973 45
1698179608414 5.848274230957031 46
1698179608657 5.499549865722656 47
1698179608925 5.5500288009643555 48
1698179609270 5.644906044006348 49
