1698149698116 0.17644385993480682 0
1698149699170 0.07319687306880951 1
1698149700268 0.05401170626282692 2
1698149701380 0.045309361070394516 3
1698149702406 0.04043559357523918 4
1698149703563 0.036809489130973816 5
1698149704574 0.03392802178859711 6
1698149705664 0.031745728105306625 7
1698149706753 0.029981881380081177 8
1698149707891 0.028516078367829323 9
1698149709063 0.027179013937711716 10
1698149710142 0.02658909559249878 11
1698149711340 0.025563396513462067 12
1698149712403 0.02410520240664482 13
1698149713426 0.023384537547826767 14
1698149714582 0.02276366762816906 15
1698149715611 0.02160114422440529 16
1698149716656 0.021387001499533653 17
1698149717730 0.02079087123274803 18
1698149718774 0.02052660658955574 19
1698149720048 0.020057043060660362 20
1698149721145 0.019618067890405655 21
1698149722192 0.019023869186639786 22
1698149723242 0.019094988703727722 23
1698149724284 0.018532337620854378 24
