1698169782063 0.0013400448951870203 0
1698169782255 0.00034839086583815515 1
1698169782400 0.0002411866735201329 2
1698169782545 0.0002029236638918519 3
1698169782700 0.00017320658662356436 4
1698169782874 0.0001492838782723993 5
1698169783028 0.00014169406495057046 6
1698169783192 0.00012533864355646074 7
1698169783366 0.0001192059789900668 8
1698169783538 0.00011490959877846763 9
1698169783693 0.00010724101593950763 10
1698169783845 0.00010653950448613614 11
1698169783994 9.906353807309642e-05 12
1698169784153 0.00010143591498490423 13
1698169784298 9.78640018729493e-05 14
1698169784439 9.366573067381978e-05 15
1698169784613 9.521705942461267e-05 16
1698169784777 9.160315676126629e-05 17
1698169784943 9.214192687068135e-05 18
1698169785162 9.2224647232797e-05 19
1698169785316 8.505395089741796e-05 20
1698169785548 8.781007636571303e-05 21
1698169785693 8.631437231088057e-05 22
1698169785844 8.579732093494385e-05 23
1698169785993 8.312329737236723e-05 24
1698169786164 8.131959475576878e-05 25
1698169786354 8.76349804457277e-05 26
1698169786571 8.692818664712831e-05 27
1698169786789 8.500633703079075e-05 28
1698169786933 8.299048931803554e-05 29
1698169787124 8.304762741317973e-05 30
1698169787320 8.12717989902012e-05 31
1698169787472 8.010276360437274e-05 32
1698169787692 8.024588169064373e-05 33
1698169787902 8.086660818662494e-05 34
1698169788083 8.290943515021354e-05 35
1698169788279 8.155945397447795e-05 36
1698169788481 8.331500430358574e-05 37
1698169788669 7.64132128097117e-05 38
1698169788870 7.751108205411583e-05 39
1698169789076 7.797387661412358e-05 40
1698169789294 7.734476093901321e-05 41
1698169789478 7.838265446480364e-05 42
1698169789682 8.2557657151483e-05 43
1698169789880 7.507004193030298e-05 44
1698169790107 7.970975275384262e-05 45
1698169790298 7.951012958073989e-05 46
1698169790481 7.597569492645562e-05 47
1698169790696 7.5489268056117e-05 48
1698169791004 7.781972817610949e-05 49
1698169791196 7.720688154222444e-05 50
1698169791409 7.949939754325897e-05 51
1698169791606 7.482167711714283e-05 52
1698169791779 7.975524931680411e-05 53
1698169791987 7.984125113580376e-05 54
1698169792177 7.385146454907954e-05 55
1698169792389 7.571664173156023e-05 56
1698169792587 7.903506775619462e-05 57
1698169792794 7.957194611662999e-05 58
1698169792991 8.081288979155943e-05 59
1698169793190 7.443549839081243e-05 60
1698169793389 7.463049405487254e-05 61
1698169793595 7.407215889543295e-05 62
1698169793799 7.562128303106874e-05 63
1698169793987 7.932553126011044e-05 64
1698169794182 7.70941041992046e-05 65
1698169794384 7.434554572682828e-05 66
1698169794552 7.530678703915328e-05 67
1698169794753 7.425581134157255e-05 68
1698169794999 7.141401147237048e-05 69
1698169795339 7.311598892556503e-05 70
1698169795547 7.578066288260743e-05 71
1698169795788 7.478506449842826e-05 72
1698169795997 7.779730367474258e-05 73
1698169796207 7.376265421044081e-05 74
1698169796415 7.288459892151877e-05 75
1698169796615 7.602741243317723e-05 76
1698169796820 7.864041981520131e-05 77
1698169797084 7.641041884198785e-05 78
1698169797277 7.280275167431682e-05 79
1698169797481 7.467938121408224e-05 80
1698169797682 7.382452167803422e-05 81
1698169797877 7.480845670215786e-05 82
1698169798067 7.237661338876933e-05 83
1698169798270 7.112135062925518e-05 84
1698169798495 7.636102236574516e-05 85
1698169798693 7.542251114500687e-05 86
1698169798923 7.816806464688852e-05 87
1698169799123 7.09561281837523e-05 88
1698169799355 7.698388799326494e-05 89
1698169799544 7.605941209476441e-05 90
1698169799734 7.349253428401425e-05 91
1698169799953 7.880503835622221e-05 92
1698169800134 7.085032120812684e-05 93
1698169800326 7.345969788730145e-05 94
1698169800543 7.423968054354191e-05 95
1698169800739 7.507271220674738e-05 96
1698169800943 7.154019840527326e-05 97
1698169801136 7.428941898979247e-05 98
1698169801316 7.471376738976687e-05 99
