1698177929028 36.4185791015625 0
1698177929271 11.607970237731934 1
1698177929429 5.962550163269043 2
1698177929547 5.952672958374023 3
1698177929689 6.055242538452148 4
1698177929817 5.849484443664551 5
1698177929946 5.255596160888672 6
1698177930097 5.354311466217041 7
1698177930227 5.550692081451416 8
1698177930354 5.3363165855407715 9
1698177930478 5.5787553787231445 10
1698177930606 5.300868511199951 11
1698177930735 5.825566291809082 12
1698177930869 5.6451592445373535 13
1698177931030 5.475841522216797 14
1698177931201 5.386237144470215 15
1698177931336 5.411746501922607 16
1698177931478 5.6590895652771 17
1698177931634 5.5121941566467285 18
1698177931800 5.597687721252441 19
1698177931954 5.373168468475342 20
1698177932084 6.030995845794678 21
1698177932226 5.470650672912598 22
1698177932383 5.272222518920898 23
1698177932546 5.600826740264893 24
1698177932682 5.393007755279541 25
1698177932815 5.5558037757873535 26
1698177932943 5.495494365692139 27
1698177933071 5.426243305206299 28
1698177933232 5.2851786613464355 29
1698177933365 5.810117244720459 30
1698177933499 5.522885322570801 31
1698177933630 5.51786994934082 32
1698177933758 5.416520595550537 33
1698177933883 5.605813026428223 34
1698177934006 5.430116176605225 35
1698177934118 5.808319091796875 36
1698177934257 5.5076470375061035 37
1698177934386 5.398785591125488 38
1698177934502 5.414400577545166 39
1698177934619 5.4945855140686035 40
1698177934743 5.972973823547363 41
1698177934871 5.66918420791626 42
1698177934994 5.538410663604736 43
1698177935139 5.517763614654541 44
1698177935251 5.822798252105713 45
1698177935375 6.3462700843811035 46
1698177935503 5.882876873016357 47
1698177935625 5.508139133453369 48
1698177935737 5.285223484039307 49
