1698181425396 0.033257629722356796 0
1698181425617 0.0018070064252242446 1
1698181425826 0.0010614768834784627 2
1698181426034 0.0010341460583731532 3
1698181426250 0.0010171739850193262 4
1698181426460 0.0010400261962786317 5
1698181426665 0.0009906487539410591 6
1698181426871 0.0009779249085113406 7
1698181427066 0.0010140393860638142 8
1698181427262 0.0010173881892114878 9
1698181427465 0.0010231329360976815 10
1698181427675 0.0009499150910414755 11
1698181427897 0.0009035070543177426 12
1698181428102 0.0009467564523220062 13
1698181428314 0.0009727975120767951 14
1698181428519 0.0010785359190776944 15
1698181428752 0.0010642465204000473 16
1698181428963 0.000910238188225776 17
1698181429164 0.0010123852407559752 18
1698181429387 0.000892775016836822 19
1698181429600 0.0009875539690256119 20
1698181429815 0.0009495026315562427 21
1698181430024 0.0008228130755014718 22
1698181430231 0.0008733224240131676 23
1698181430433 0.0008077389793470502 24
1698181430662 0.0008692199480719864 25
1698181430875 0.0008230778621509671 26
1698181431084 0.0008501192205585539 27
1698181431301 0.0008261405164375901 28
1698181431519 0.0008263039635494351 29
1698181431733 0.0007619779207743704 30
1698181431955 0.0008147521875798702 31
1698181432163 0.000799182802438736 32
1698181432367 0.0007785191992297769 33
1698181432580 0.0007952280575409532 34
1698181432840 0.0008113104267977178 35
1698181433053 0.000731374544557184 36
1698181433258 0.000743355427403003 37
1698181433463 0.0006969032110646367 38
1698181433684 0.0007309054490178823 39
1698181433966 0.0007324486505240202 40
1698181434203 0.0007752348901703954 41
1698181434416 0.0007117475033737719 42
1698181434631 0.0006381983985193074 43
1698181434889 0.0006348403403535485 44
1698181435117 0.0006587699754163623 45
1698181435322 0.0006737440708093345 46
1698181435533 0.0007648504106327891 47
1698181435756 0.0006952009862288833 48
1698181435968 0.0007951438892632723 49
