1698183993724 0.033464591950178146 0
1698183993877 0.013988915830850601 1
1698183994049 0.0074773612432181835 2
1698183994308 0.006143704988062382 3
1698183994586 0.005306231789290905 4
1698183994778 0.004683978855609894 5
1698183994962 0.004489110317081213 6
1698183995137 0.004663464147597551 7
1698183995309 0.004961404018104076 8
1698183995505 0.003549449145793915 9
1698183995698 0.0044438596814870834 10
1698183995989 0.0037599988281726837 11
1698183996210 0.003302311757579446 12
1698183996379 0.004009143449366093 13
1698183996549 0.003663560375571251 14
1698183996712 0.003122083842754364 15
1698183996876 0.003948330879211426 16
1698183997033 0.003049933584406972 17
1698183997196 0.003298996016383171 18
1698183997360 0.00319775752723217 19
1698183997513 0.0033859636168926954 20
1698183997698 0.003695065388455987 21
1698183997854 0.0033551377709954977 22
1698183998050 0.0032250878866761923 23
1698183998216 0.002997063333168626 24
1698183998379 0.003569202031940222 25
1698183998545 0.00329721556045115 26
1698183998709 0.002873342949897051 27
1698183998874 0.0029199165292084217 28
1698183999039 0.0028449727687984705 29
1698183999202 0.0032746524084359407 30
1698183999376 0.0032064872793853283 31
1698183999540 0.0025703369174152613 32
1698183999708 0.002735708374530077 33
1698183999887 0.003101301845163107 34
1698184000048 0.002968248911201954 35
1698184000219 0.0027453508228063583 36
1698184000396 0.0028448922093957663 37
1698184000558 0.0030777205247431993 38
1698184000714 0.002680647186934948 39
1698184000877 0.0028099289629608393 40
1698184001059 0.0029779428150504827 41
1698184001224 0.0025374232791364193 42
1698184001387 0.0028164172545075417 43
1698184001553 0.002963139908388257 44
1698184001714 0.0027769131120294333 45
1698184001878 0.0025510971900075674 46
1698184002037 0.0026179219130426645 47
1698184002203 0.002624071668833494 48
1698184002374 0.002599633065983653 49
