1698183993724 65.95807647705078 0
1698183993877 35.50894546508789 1
1698183994049 39.86208724975586 2
1698183994308 32.84977722167969 3
1698183994586 29.6180362701416 4
1698183994778 26.62729263305664 5
1698183994962 24.868305206298828 6
1698183995137 22.979106903076172 7
1698183995309 22.939027786254883 8
1698183995505 21.222612380981445 9
1698183995698 21.42748260498047 10
1698183995989 21.474607467651367 11
1698183996210 20.01460838317871 12
1698183996379 20.52960968017578 13
1698183996549 19.931989669799805 14
1698183996712 18.990293502807617 15
1698183996876 20.074848175048828 16
1698183997033 19.173919677734375 17
1698183997196 18.542434692382812 18
1698183997360 18.659128189086914 19
1698183997513 19.08224868774414 20
1698183997698 19.25356674194336 21
1698183997854 19.049779891967773 22
1698183998050 17.99736976623535 23
1698183998216 18.338682174682617 24
1698183998379 18.39545440673828 25
1698183998545 17.70966911315918 26
1698183998709 17.317790985107422 27
1698183998874 17.245399475097656 28
1698183999039 16.897432327270508 29
1698183999202 17.565082550048828 30
1698183999376 18.06427001953125 31
1698183999540 16.51311683654785 32
1698183999708 16.594480514526367 33
1698183999887 17.158226013183594 34
1698184000048 16.996850967407227 35
1698184000219 16.242523193359375 36
1698184000396 16.262130737304688 37
1698184000558 16.739809036254883 38
1698184000714 15.767876625061035 39
1698184000877 16.64895248413086 40
1698184001059 16.663637161254883 41
1698184001224 15.670665740966797 42
1698184001387 15.507859230041504 43
1698184001553 15.482046127319336 44
1698184001714 15.839522361755371 45
1698184001878 15.334020614624023 46
1698184002037 15.550970077514648 47
1698184002203 15.821023941040039 48
1698184002374 15.492563247680664 49
