1698161518792 0.4491932690143585 0
1698161519022 0.35633769631385803 1
1698161519259 0.2761589586734772 2
1698161519498 0.20094938576221466 3
1698161519736 0.12649324536323547 4
1698161519964 0.09892331063747406 5
1698161520285 0.0896785780787468 6
1698161520597 0.08163654059171677 7
1698161520913 0.07438605278730392 8
1698161521484 0.07036062330007553 9
1698161521761 0.06729821860790253 10
1698161522003 0.06469268351793289 11
1698161522229 0.062013547867536545 12
1698161522488 0.059341587126255035 13
1698161522785 0.05701126158237457 14
1698161523013 0.05548425763845444 15
1698161523239 0.05349243804812431 16
1698161523458 0.051986392587423325 17
1698161523745 0.05073999986052513 18
1698161523968 0.04880823940038681 19
1698161524193 0.0469406358897686 20
1698161524424 0.04628805071115494 21
1698161524654 0.04517450928688049 22
1698161524881 0.043837402015924454 23
1698161525106 0.04284714534878731 24
1698161525327 0.041894543915987015 25
1698161525553 0.04089859873056412 26
1698161525790 0.04062258079648018 27
1698161526033 0.03990522399544716 28
1698161526254 0.03883553668856621 29
1698161526488 0.03818986937403679 30
1698161526749 0.0366968996822834 31
1698161527004 0.03643714636564255 32
1698161527284 0.036353327333927155 33
1698161527540 0.03518492355942726 34
1698161527858 0.03456190973520279 35
1698161528102 0.03485932946205139 36
1698161528367 0.03414735570549965 37
1698161528583 0.033287182450294495 38
1698161528811 0.032922107726335526 39
1698161529075 0.03242843598127365 40
1698161529342 0.03201926127076149 41
1698161529596 0.03136177361011505 42
1698161529940 0.031007247045636177 43
1698161530162 0.030750371515750885 44
1698161530386 0.03062649630010128 45
1698161530628 0.03017977811396122 46
1698161530858 0.02958623133599758 47
1698161531168 0.029155321419239044 48
1698161531404 0.029627526178956032 49
1698161531633 0.02954583428800106 50
