1698161518792 109.54000091552734 0
1698161519022 92.92849731445312 1
1698161519259 76.43073272705078 2
1698161519498 58.26669692993164 3
1698161519736 39.76121520996094 4
1698161519964 35.77339172363281 5
1698161520285 33.93118667602539 6
1698161520597 31.177854537963867 7
1698161520913 30.048511505126953 8
1698161521484 29.95332908630371 9
1698161521761 29.517314910888672 10
1698161522003 28.905241012573242 11
1698161522229 28.343963623046875 12
1698161522488 27.911592483520508 13
1698161522785 27.41539192199707 14
1698161523013 27.215206146240234 15
1698161523239 26.62217903137207 16
1698161523458 26.233211517333984 17
1698161523745 25.799854278564453 18
1698161523968 25.636940002441406 19
1698161524193 24.930612564086914 20
1698161524424 24.924907684326172 21
1698161524654 24.79129981994629 22
1698161524881 24.472936630249023 23
1698161525106 23.959314346313477 24
1698161525327 23.911788940429688 25
1698161525553 23.51139259338379 26
1698161525790 23.72024917602539 27
1698161526033 23.22283363342285 28
1698161526254 23.085359573364258 29
1698161526488 22.870967864990234 30
1698161526749 22.54770851135254 31
1698161527004 22.273921966552734 32
1698161527284 22.44375991821289 33
1698161527540 22.00409507751465 34
1698161527858 21.74173355102539 35
1698161528102 21.767290115356445 36
1698161528367 21.520946502685547 37
1698161528583 21.48324203491211 38
1698161528811 21.230745315551758 39
1698161529075 21.02155303955078 40
1698161529342 20.93801498413086 41
1698161529596 20.718547821044922 42
1698161529940 20.620040893554688 43
1698161530162 20.53909683227539 44
1698161530386 20.26296615600586 45
1698161530628 20.165246963500977 46
1698161530858 20.00275230407715 47
1698161531168 19.889379501342773 48
1698161531404 20.030488967895508 49
1698161531633 19.933807373046875 50
