1698228010800 0.026122774928808212 0
1698228011155 0.004021601285785437 1
1698228011480 0.00300075626000762 2
1698228012292 0.0025608621072024107 3
1698228012650 0.002447624458000064 4
1698228013725 0.0020375254098325968 5
1698228014523 0.0018893214873969555 6
1698228014887 0.0017994515364989638 7
1698228015276 0.001823239610530436 8
1698228016238 0.0015605308581143618 9
1698228016611 0.0016347913770005107 10
1698228018278 0.0014951889170333743 11
1698228019813 0.0015436720568686724 12
1698228021085 0.0014332180144265294 13
1698228022537 0.0013298657722771168 14
1698228022918 0.001365835894830525 15
1698228023311 0.0014077805681154132 16
1698228023693 0.0013771485537290573 17
1698228025136 0.001205582171678543 18
1698228026375 0.0013157704379409552 19
1698228026746 0.0012482652673497796 20
1698228027109 0.0012167210225015879 21
1698228028234 0.0013268863549456 22
1698228029449 0.0012634940212592483 23
1698228030838 0.0012831074418500066 24
1698228032598 0.0011254568817093968 25
1698228033896 0.0010319335851818323 26
1698228034264 0.0011456721695140004 27
1698228034634 0.001214945805259049 28
1698228036011 0.001064215088263154 29
1698228037186 0.0010721997823566198 30
1698228037539 0.001061982591636479 31
1698228039167 0.0011388928396627307 32
1698228040351 0.0010361670283600688 33
1698228040693 0.001054349122568965 34
1698228041065 0.0009315481293015182 35
1698228042396 0.0010531642474234104 36
1698228043685 0.0010922077344730496 37
1698228044007 0.0009668245911598206 38
1698228045381 0.0009323696722276509 39
1698228045729 0.0009034842369146645 40
1698228046082 0.0009420037386007607 41
1698228046609 0.0009604914230294526 42
1698228047498 0.0009084786288440228 43
1698228047839 0.0009170061093755066 44
1698228048211 0.0008842312381602824 45
1698228049184 0.0009937669383361936 46
1698228049808 0.0008728782995603979 47
1698228050144 0.0009117517038248479 48
1698228050873 0.0009361248230561614 49
