1698156941645 0.33113589882850647 0
1698156943947 0.1702425628900528 1
1698156946302 0.10693387687206268 2
1698156949025 0.08217089623212814 3
1698156951335 0.06705828011035919 4
1698156953882 0.058090079575777054 5
1698156956157 0.05187149718403816 6
1698156958688 0.0469953827559948 7
1698156960752 0.04596929997205734 8
1698156962745 0.039875585585832596 9
1698156964853 0.03737381100654602 10
1698156967096 0.03711533918976784 11
1698156969287 0.03548361361026764 12
1698156971666 0.0372982919216156 13
1698156973779 0.03578091040253639 14
1698156976395 0.034907955676317215 15
1698156978619 0.03452346846461296 16
1698156981191 0.03479333594441414 17
1698156983420 0.034161217510700226 18
1698156985848 0.03574457764625549 19
1698156987952 0.03481333702802658 20
1698156990055 0.03492359817028046 21
1698156992567 0.03480064123868942 22
