1698178681224 15945.9169921875 0
1698178681344 3407.641845703125 1
1698178681467 4952.91748046875 2
1698178681578 1925.1533203125 3
1698178681700 7300.16943359375 4
1698178681859 3214.0986328125 5
1698178682012 2063.214599609375 6
1698178682143 4497.74267578125 7
1698178682263 15532.064453125 8
1698178682408 1450.8997802734375 9
1698178682546 6299.8095703125 10
1698178682675 17899.1484375 11
1698178682844 6914.4296875 12
1698178683015 12579.5751953125 13
1698178683152 16578.40625 14
1698178683278 9744.6083984375 15
1698178683407 6238.30126953125 16
1698178683535 7455.28076171875 17
1698178683660 10586.587890625 18
1698178683787 10500.19921875 19
1698178683915 2127.239501953125 20
1698178684041 5818.75146484375 21
1698178684166 8641.6875 22
1698178684303 21932.59765625 23
1698178684455 1422.6610107421875 24
1698178684587 2662.489013671875 25
1698178684704 8310.0498046875 26
1698178684835 11513.759765625 27
1698178684964 594.2803955078125 28
1698178685104 9297.4111328125 29
1698178685232 1330.4931640625 30
1698178685360 2514.559814453125 31
1698178685497 12876.46875 32
1698178685622 6356.28076171875 33
1698178685746 13018.951171875 34
1698178685874 20682.728515625 35
1698178686000 8401.59375 36
1698178686127 14721.873046875 37
1698178686253 15243.759765625 38
1698178686377 4520.42138671875 39
1698178686503 6000.869140625 40
1698178686619 11725.591796875 41
1698178686735 14877.271484375 42
1698178686873 4857.4892578125 43
1698178687001 21813.65625 44
1698178687122 9799.580078125 45
1698178687236 23480.30078125 46
1698178687345 7019.83837890625 47
1698178687472 5765.21484375 48
1698178687594 5305.3310546875 49
