1698182918230 537.3427734375 0
1698182919116 45.522247314453125 1
1698182919908 27.79912757873535 2
1698182920699 27.06386947631836 3
1698182921458 29.218795776367188 4
1698182922177 25.479585647583008 5
1698182922892 22.794208526611328 6
1698182923628 22.814804077148438 7
1698182924379 34.16630172729492 8
1698182925115 17.377418518066406 9
1698182925820 18.528146743774414 10
1698182926575 23.496784210205078 11
1698182927319 19.545209884643555 12
1698182928032 16.538558959960938 13
1698182928768 17.84918785095215 14
1698182929526 16.036474227905273 15
1698182930281 14.971116065979004 16
1698182931113 14.362435340881348 17
1698182931928 11.27635669708252 18
1698182932732 14.705883026123047 19
1698182933534 12.560526847839355 20
1698182934271 24.32952880859375 21
1698182935001 15.39442253112793 22
1698182935738 15.902691841125488 23
1698182936474 15.928091049194336 24
1698182937202 16.34141731262207 25
1698182937920 14.592670440673828 26
1698182938662 16.893875122070312 27
1698182939415 16.994964599609375 28
1698182940135 15.004191398620605 29
1698182940870 15.168381690979004 30
1698182941608 15.777440071105957 31
1698182942359 10.593160629272461 32
1698182943121 11.766914367675781 33
1698182943869 24.433265686035156 34
1698182944700 17.4398250579834 35
1698182945599 12.498941421508789 36
1698182946408 15.262831687927246 37
1698182947123 13.9260835647583 38
1698182947860 15.594338417053223 39
1698182948614 21.270462036132812 40
1698182949349 13.386114120483398 41
1698182950072 12.735359191894531 42
1698182950825 12.811868667602539 43
1698182951650 15.482084274291992 44
1698182952371 17.695768356323242 45
1698182953103 13.913193702697754 46
1698182953840 14.44846248626709 47
1698182954583 14.7487154006958 48
1698182955445 12.93750286102295 49
