1698148810109 0.049945782870054245 0
1698148810845 0.02117222361266613 1
1698148811626 0.012350800447165966 2
1698148812404 0.009170846082270145 3
1698148813273 0.00727482745423913 4
1698148814156 0.005707306321710348 5
1698148814993 0.00509666558355093 6
1698148815838 0.004571076948195696 7
1698148816664 0.004493187181651592 8
1698148817593 0.004183156415820122 9
1698148818479 0.004333069082349539 10
1698148819311 0.00431830994784832 11
1698148820155 0.004129860084503889 12
1698148821019 0.0041722883470356464 13
1698148821904 0.004206110257655382 14
1698148822732 0.004510196391493082 15
1698148823629 0.004151669796556234 16
1698148824518 0.004265264607965946 17
1698148825332 0.00406991969794035 18
1698148826259 0.004007162060588598 19
