1698148810109 149776.265625 0
1698148810845 121724.5625 1
1698148811626 139514.140625 2
1698148812404 110003.8359375 3
1698148813273 104738.15625 4
1698148814156 85014.2890625 5
1698148814993 104372.1328125 6
1698148815838 82433.5625 7
1698148816664 77533.734375 8
1698148817593 79371.40625 9
1698148818479 73739.9609375 10
1698148819311 78337.75 11
1698148820155 68703.2734375 12
1698148821019 74193.734375 13
1698148821904 73528.859375 14
1698148822732 77970.984375 15
1698148823629 84285.640625 16
1698148824518 81729.9375 17
1698148825332 78497.7734375 18
1698148826259 77862.4765625 19
