1698186061263 16.599193572998047 0
1698186061373 0.7943759560585022 1
1698186061480 0.5727624893188477 2
1698186061588 0.6198051571846008 3
1698186061714 0.48000815510749817 4
1698186061822 0.5223296880722046 5
1698186061958 0.5493384599685669 6
1698186062086 0.562588632106781 7
1698186062215 0.5138773918151855 8
1698186062365 0.5592848062515259 9
1698186062467 0.5414463877677917 10
1698186062572 0.5015500783920288 11
1698186062677 0.43195676803588867 12
1698186062780 0.5201225876808167 13
1698186062892 0.5087931156158447 14
1698186062997 0.5026342868804932 15
1698186063094 0.5816263556480408 16
1698186063191 0.5433109402656555 17
1698186063288 0.5603578686714172 18
1698186063425 0.5255424976348877 19
1698186063523 0.5079278945922852 20
1698186063620 0.55577152967453 21
1698186063718 0.44748637080192566 22
1698186063815 0.4752785861492157 23
1698186063910 0.5851168036460876 24
1698186064007 0.5059522986412048 25
1698186064099 0.5122536420822144 26
1698186064192 0.5399179458618164 27
1698186064284 0.5224744081497192 28
1698186064381 0.5297607183456421 29
1698186064487 0.5278106927871704 30
1698186064580 0.5257882475852966 31
1698186064677 0.5498078465461731 32
1698186064787 0.4645826518535614 33
1698186064879 0.5004931688308716 34
1698186064969 0.5338350534439087 35
1698186065058 0.5241079330444336 36
1698186065149 0.46473246812820435 37
1698186065241 0.531436562538147 38
1698186065331 0.5385728478431702 39
1698186065422 0.5029374361038208 40
1698186065524 0.4333532750606537 41
1698186065613 0.49809685349464417 42
1698186065702 0.4554944634437561 43
1698186065791 0.5056295394897461 44
1698186065907 0.5565366744995117 45
1698186066007 0.4753841459751129 46
1698186066098 0.5083789229393005 47
1698186066189 0.4966822564601898 48
1698186066280 0.48929649591445923 49
