1698186061263 51.54327392578125 0
1698186061373 12.790735244750977 1
1698186061480 10.648056983947754 2
1698186061588 10.15683364868164 3
1698186061714 8.705628395080566 4
1698186061822 8.197892189025879 5
1698186061958 7.978874206542969 6
1698186062086 7.3126935958862305 7
1698186062215 6.810420036315918 8
1698186062365 7.233173370361328 9
1698186062467 7.013130187988281 10
1698186062572 6.248748779296875 11
1698186062677 6.194575786590576 12
1698186062780 6.328632354736328 13
1698186062892 6.1649651527404785 14
1698186062997 6.552006721496582 15
1698186063094 6.660051345825195 16
1698186063191 6.443273067474365 17
1698186063288 6.424863338470459 18
1698186063425 6.287158966064453 19
1698186063523 6.212669372558594 20
1698186063620 6.242830753326416 21
1698186063718 6.008262634277344 22
1698186063815 6.158743381500244 23
1698186063910 6.410713195800781 24
1698186064007 5.974409580230713 25
1698186064099 6.076583385467529 26
1698186064192 6.34812593460083 27
1698186064284 6.3734636306762695 28
1698186064381 5.9647111892700195 29
1698186064487 6.066776752471924 30
1698186064580 6.117031097412109 31
1698186064677 6.378237724304199 32
1698186064787 6.036628723144531 33
1698186064879 5.991857528686523 34
1698186064969 6.1082563400268555 35
1698186065058 6.225086688995361 36
1698186065149 6.2271904945373535 37
1698186065241 5.821292877197266 38
1698186065331 6.293668270111084 39
1698186065422 6.650464057922363 40
1698186065524 6.178508281707764 41
1698186065613 5.900932788848877 42
1698186065702 5.983823776245117 43
1698186065791 6.060359954833984 44
1698186065907 5.93885612487793 45
1698186066007 5.967260360717773 46
1698186066098 5.816869735717773 47
1698186066189 6.038116455078125 48
1698186066280 5.7858476638793945 49
