1698162162144 0.07751917093992233 0
1698162162666 0.06518176943063736 1
1698162163047 0.05111049860715866 2
1698162163434 0.03893737867474556 3
1698162163825 0.03234953433275223 4
1698162164232 0.028613420203328133 5
1698162164703 0.025789007544517517 6
1698162165176 0.0236476119607687 7
1698162165726 0.021693304181098938 8
1698162166156 0.01981966570019722 9
1698162166570 0.018346687778830528 10
1698162166993 0.01729857549071312 11
1698162167413 0.01656450144946575 12
1698162167890 0.01610189490020275 13
1698162168294 0.015523924492299557 14
1698162168753 0.015093638561666012 15
