1698180594564 32.982582092285156 0
1698180594773 13.146270751953125 1
1698180595005 11.031831741333008 2
1698180595276 10.020907402038574 3
1698180595514 10.019904136657715 4
1698180595766 9.328773498535156 5
1698180596028 9.827291488647461 6
1698180596295 8.610302925109863 7
1698180596512 9.32652473449707 8
1698180596718 8.109110832214355 9
1698180596931 8.780985832214355 10
1698180597155 8.447309494018555 11
1698180597376 8.367756843566895 12
1698180597590 8.48213005065918 13
1698180597796 8.061710357666016 14
1698180598026 7.925595283508301 15
1698180598239 8.107599258422852 16
1698180598446 8.05523681640625 17
1698180598684 7.731773376464844 18
1698180598928 8.407451629638672 19
1698180599139 8.091498374938965 20
1698180599349 7.956252574920654 21
1698180599560 7.380047798156738 22
1698180599780 7.144909381866455 23
1698180600014 7.547868251800537 24
1698180600226 8.705321311950684 25
1698180600449 7.428946018218994 26
1698180600681 8.191300392150879 27
1698180600906 7.528397560119629 28
1698180601149 8.16373062133789 29
1698180601364 7.412520408630371 30
1698180601575 7.740114212036133 31
1698180601786 7.747442722320557 32
1698180602012 6.980439186096191 33
1698180602257 7.464145183563232 34
1698180602479 7.426110744476318 35
1698180602687 7.257448673248291 36
1698180602908 7.415667533874512 37
1698180603123 7.084316730499268 38
1698180603336 7.441806793212891 39
1698180603563 7.289208889007568 40
1698180603785 7.728658676147461 41
1698180604001 7.473201274871826 42
1698180604234 6.9317851066589355 43
1698180604452 6.792768955230713 44
1698180604700 7.3757829666137695 45
1698180604918 6.652008056640625 46
1698180605133 6.6056132316589355 47
1698180605363 6.86315393447876 48
1698180605627 6.833703517913818 49
