1698172398913 0.07788878679275513 0
1698172399720 0.014181642793118954 1
1698172400606 0.011005929671227932 2
1698172401381 0.011869617737829685 3
1698172402104 0.009268378838896751 4
1698172402810 0.009401896968483925 5
1698172403554 0.008670919574797153 6
1698172404310 0.008755247108638287 7
1698172405026 0.007553109899163246 8
1698172405915 0.007131825666874647 9
1698172406692 0.006280126515775919 10
1698172407398 0.006567422300577164 11
1698172408077 0.0067431568168103695 12
1698172408851 0.006961355451494455 13
1698172409727 0.006220272276550531 14
1698172410723 0.006167687010020018 15
1698172411584 0.006074851844459772 16
1698172412393 0.00594928627833724 17
1698172413084 0.00589863071218133 18
1698172413764 0.005616143811494112 19
