1698149085725 84.4508285522461 0
1698149087029 51.905357360839844 1
1698149088315 45.333316802978516 2
1698149089690 37.611412048339844 3
1698149091204 32.09667205810547 4
1698149092525 30.011184692382812 5
1698149093837 28.05339813232422 6
1698149095255 26.635862350463867 7
1698149096693 24.922603607177734 8
1698149097973 23.939966201782227 9
1698149099307 22.926950454711914 10
1698149100632 22.03821563720703 11
1698149102042 21.426332473754883 12
1698149103390 20.54508399963379 13
1698149104777 20.54364585876465 14
1698149106139 19.845849990844727 15
1698149107529 19.37557601928711 16
1698149108833 19.151044845581055 17
1698149110360 18.820615768432617 18
1698149111853 18.351686477661133 19
1698149113168 18.266237258911133 20
1698149114455 17.918621063232422 21
1698149115870 17.766332626342773 22
1698149117279 17.326345443725586 23
1698149118624 17.031538009643555 24
1698149119922 17.27240753173828 25
1698149121255 16.958255767822266 26
1698149122637 16.91517448425293 27
1698149123998 17.02781867980957 28
1698149125329 16.777536392211914 29
1698149126654 16.163644790649414 30
1698149128020 16.455730438232422 31
1698149129368 16.257949829101562 32
1698149130740 16.117433547973633 33
1698149132095 16.17803192138672 34
1698149133477 16.079296112060547 35
1698149134761 16.037187576293945 36
1698149136124 15.949849128723145 37
1698149137522 15.867504119873047 38
1698149138846 15.577411651611328 39
1698149140165 15.646449089050293 40
1698149141481 15.464378356933594 41
1698149142901 15.484341621398926 42
1698149144266 15.457225799560547 43
1698149145560 15.581321716308594 44
1698149146894 15.494925498962402 45
1698149148274 15.46374225616455 46
1698149149710 15.382879257202148 47
1698149151178 15.331683158874512 48
1698149152535 15.168601036071777 49
1698149153886 15.128353118896484 50
1698149155269 15.213789939880371 51
1698149156655 15.101042747497559 52
1698149157981 15.461209297180176 53
1698149159328 14.820147514343262 54
1698149160675 15.694442749023438 55
1698149161966 15.220697402954102 56
1698149163392 15.087529182434082 57
1698149164802 15.099530220031738 58
1698149166106 14.948286056518555 59
1698149167403 15.446450233459473 60
1698149168780 15.258976936340332 61
1698149170167 14.914701461791992 62
