1698229623314 0.012198543176054955 0
1698229623611 0.002305541653186083 1
1698229623911 0.0015882516745477915 2
1698229624201 0.0012805269798263907 3
1698229624493 0.0012746119173243642 4
1698229624800 0.0010907185496762395 5
1698229625091 0.0010531581938266754 6
1698229625401 0.001023452845402062 7
1698229625714 0.001008218270726502 8
1698229626043 0.0009777481900528073 9
1698229626396 0.0011139833368360996 10
1698229626707 0.0008488063467666507 11
1698229626994 0.0008503912249580026 12
1698229627293 0.0007813839474692941 13
1698229627608 0.0009072279208339751 14
1698229627932 0.0008691818220540881 15
1698229628221 0.0009007012122310698 16
1698229628496 0.0009255554177798331 17
1698229628781 0.0008111395873129368 18
1698229629105 0.0007900470518507063 19
1698229630424 0.0008421408128924668 20
1698229630718 0.0007500032079406083 21
1698229631000 0.0007572312606498599 22
1698229631307 0.0008053716737776995 23
1698229631604 0.0007339835865423083 24
1698229631910 0.0007831627153791487 25
1698229632211 0.0007384740165434778 26
1698229632532 0.0007676611421629786 27
1698229632815 0.0007638062816113234 28
1698229633090 0.0007042454672046006 29
1698229633400 0.0006994655122980475 30
1698229633715 0.000696041970513761 31
1698229634024 0.0007887273677624762 32
1698229634314 0.0007205303409136832 33
1698229634612 0.0007335692062042654 34
1698229634903 0.0006995531730353832 35
1698229635220 0.0006923056789673865 36
1698229635545 0.0006779141258448362 37
1698229635833 0.0008310992270708084 38
1698229636138 0.0006719204830005765 39
1698229636415 0.000666589941829443 40
1698229636691 0.0006687324494123459 41
1698229636972 0.0006659821956418455 42
1698229637262 0.0006621122010983527 43
1698229637554 0.0006381941493600607 44
1698229637847 0.0006495084962807596 45
1698229638185 0.000631542585324496 46
1698229638502 0.0006931995740160346 47
1698229638837 0.0006567194359377027 48
1698229639119 0.0006480732117779553 49
