1698178324252 20101.130859375 0
1698178324660 10341.6201171875 1
1698178325055 8586.6123046875 2
1698178325470 10124.1845703125 3
1698178325873 9115.53515625 4
1698178326295 7520.1201171875 5
1698178326697 9645.755859375 6
1698178327095 10623.08984375 7
1698178327518 9721.8173828125 8
1698178327923 7283.07470703125 9
1698178328344 6981.1767578125 10
1698178328750 6733.0126953125 11
1698178329166 5961.49951171875 12
1698178329636 1776.640625 13
1698178330086 10516.8447265625 14
1698178330577 5180.78955078125 15
1698178331021 6241.033203125 16
1698178331456 4245.83740234375 17
1698178331862 9439.3291015625 18
1698178332277 5372.87060546875 19
1698178332678 14165.97265625 20
1698178333097 6304.197265625 21
1698178333506 4522.3232421875 22
1698178333908 8932.494140625 23
1698178334324 12371.9306640625 24
1698178334847 1525.0413818359375 25
1698178335392 9181.291015625 26
1698178335790 11441.96875 27
1698178336190 6293.54296875 28
1698178336605 12357.4560546875 29
1698178337001 717.556884765625 30
1698178337425 4206.99462890625 31
1698178337836 14212.5703125 32
1698178338235 2271.28955078125 33
1698178338660 10208.6337890625 34
1698178339073 1151.5640869140625 35
1698178339516 2000.0697021484375 36
1698178339928 3457.802001953125 37
1698178340438 7446.4033203125 38
1698178340871 12906.3681640625 39
1698178341467 8976.306640625 40
1698178341887 1512.31005859375 41
1698178342287 5888.3603515625 42
1698178342703 912.1761474609375 43
1698178343104 4876.41650390625 44
1698178343535 1953.535888671875 45
1698178343929 998.5001220703125 46
1698178344331 6755.9375 47
1698178344738 10031.400390625 48
1698178345155 11071.1943359375 49
