1698186846176 0.6069557666778564 0
1698186846719 0.071597158908844 1
1698186847390 0.041549451649188995 2
1698186847937 0.04152442514896393 3
1698186848563 0.031353019177913666 4
1698186849141 0.029513578861951828 5
1698186849748 0.02694590575993061 6
1698186850356 0.02708977274596691 7
1698186850879 0.022296546027064323 8
1698186851424 0.024393755942583084 9
1698186851936 0.02036217600107193 10
1698186852481 0.021923840045928955 11
1698186852986 0.021084453910589218 12
1698186853519 0.022108592092990875 13
1698186854035 0.020941292867064476 14
1698186854572 0.023643575608730316 15
1698186855204 0.021062441170215607 16
1698186855732 0.023175757378339767 17
1698186856263 0.02189784310758114 18
1698186856786 0.021962063387036324 19
1698186857320 0.022327886894345284 20
1698186857838 0.020928001031279564 21
1698186858376 0.021663950756192207 22
1698186858895 0.020777927711606026 23
1698186859426 0.021117758005857468 24
1698186859943 0.021480301395058632 25
1698186860491 0.019819067791104317 26
1698186861002 0.021179161965847015 27
1698186861578 0.024133142083883286 28
1698186862230 0.019595442339777946 29
1698186862756 0.020832505077123642 30
1698186863359 0.01887468434870243 31
1698186863957 0.017932161688804626 32
1698186864538 0.019673563539981842 33
1698186865140 0.019903961569070816 34
1698186865690 0.019571751356124878 35
1698186866207 0.020541734993457794 36
1698186866759 0.019919326528906822 37
1698186867277 0.01941201090812683 38
1698186867808 0.018295934423804283 39
1698186868318 0.017072878777980804 40
1698186868865 0.021689988672733307 41
1698186869385 0.018243392929434776 42
1698186869920 0.017451755702495575 43
1698186870428 0.01952774077653885 44
1698186870963 0.01764693297445774 45
1698186871482 0.018408967182040215 46
1698186872006 0.020867692306637764 47
1698186872552 0.01830049231648445 48
1698186873062 0.017380425706505775 49
