1698187396589 23.865201950073242 0
1698187397046 8.113765716552734 1
1698187397460 7.836432456970215 2
1698187397851 7.773300647735596 3
1698187398287 7.273234844207764 4
1698187398730 7.974813461303711 5
1698187399115 7.504550933837891 6
1698187399492 7.639376163482666 7
1698187399867 7.024051189422607 8
1698187400242 6.749135971069336 9
1698187400612 6.287750244140625 10
1698187400985 6.868525981903076 11
1698187401379 7.002026557922363 12
1698187401761 7.562656879425049 13
1698187402149 6.715303897857666 14
1698187402526 6.448894500732422 15
1698187402892 6.446653366088867 16
1698187403281 6.724024295806885 17
1698187403669 6.300206184387207 18
1698187404041 6.151927947998047 19
1698187404444 6.534952640533447 20
1698187404824 6.539156436920166 21
1698187405216 6.480652332305908 22
1698187405600 6.584334373474121 23
1698187405974 6.227956771850586 24
1698187406378 6.165447235107422 25
1698187406750 6.428423881530762 26
1698187407121 7.122185707092285 27
1698187407499 6.526697158813477 28
1698187407871 5.918570518493652 29
1698187408258 6.032088756561279 30
1698187408627 6.808247089385986 31
1698187408999 6.99519157409668 32
1698187409390 6.59691858291626 33
1698187409813 6.845470905303955 34
1698187410290 6.118917465209961 35
1698187410673 6.574085235595703 36
1698187411050 6.107642650604248 37
1698187411547 6.600490093231201 38
1698187411940 6.766871452331543 39
1698187412360 6.386693954467773 40
1698187412810 5.689732551574707 41
1698187413222 5.699082374572754 42
1698187413610 5.958617687225342 43
1698187413977 6.024231433868408 44
1698187414361 6.885278224945068 45
1698187414735 7.1813507080078125 46
1698187415123 6.1460280418396 47
1698187415521 5.715668678283691 48
1698187415893 6.193812370300293 49
