1698175821269 0.10136787593364716 0
1698175821468 0.017329158261418343 1
1698175821746 0.017042890191078186 2
1698175821986 0.017360392957925797 3
1698175822197 0.013435587286949158 4
1698175822416 0.011727316305041313 5
1698175822684 0.013730237260460854 6
1698175822891 0.014006057754158974 7
1698175823092 0.012402570806443691 8
1698175823436 0.011650622822344303 9
1698175823657 0.012581299990415573 10
1698175823869 0.012800934724509716 11
1698175824118 0.011293602176010609 12
1698175824335 0.01200045458972454 13
1698175824558 0.011536707170307636 14
1698175824755 0.011656166054308414 15
1698175824953 0.010752242989838123 16
1698175825158 0.01129189133644104 17
1698175825406 0.01149930153042078 18
1698175825714 0.010613072663545609 19
1698175825931 0.009526197798550129 20
1698175826134 0.009496920742094517 21
1698175826332 0.009235347621142864 22
1698175826555 0.010924099944531918 23
1698175826794 0.011122608557343483 24
1698175827001 0.00885529164224863 25
1698175827207 0.008798230439424515 26
1698175827433 0.010566367767751217 27
1698175827800 0.009871451184153557 28
1698175828079 0.009453030303120613 29
1698175828355 0.010764348320662975 30
1698175828590 0.008664064109325409 31
1698175828823 0.009267626330256462 32
1698175829030 0.010458521544933319 33
1698175829271 0.008933254517614841 34
1698175829492 0.008753584697842598 35
1698175829704 0.010380750522017479 36
1698175830010 0.009532994590699673 37
1698175830225 0.010262778028845787 38
1698175830443 0.010779459029436111 39
1698175830658 0.009350975975394249 40
1698175830919 0.009307069703936577 41
1698175831178 0.008787993341684341 42
1698175831410 0.008768646977841854 43
1698175831645 0.008828778751194477 44
1698175831908 0.008930845186114311 45
1698175832343 0.009136340580880642 46
1698175832629 0.009096087887883186 47
1698175832885 0.009194588288664818 48
1698175833128 0.007637740578502417 49
