1698174941170 0.3532427251338959 0
1698174941552 0.03647537901997566 1
1698174942018 0.039659786969423294 2
1698174942408 0.03457967936992645 3
1698174942764 0.02973940409719944 4
1698174943127 0.02643456496298313 5
1698174943606 0.025155363604426384 6
1698174944170 0.02519654482603073 7
1698174944551 0.02530096285045147 8
1698174944891 0.02513427659869194 9
1698174945266 0.023207390680909157 10
1698174945621 0.02094234712421894 11
1698174946056 0.02235262654721737 12
1698174946443 0.023706983774900436 13
1698174946754 0.020457224920392036 14
1698174947061 0.020771944895386696 15
1698174947410 0.0207537692040205 16
1698174947726 0.020062103867530823 17
1698174948044 0.017999252304434776 18
1698174948377 0.018833814188838005 19
1698174948695 0.01909690350294113 20
1698174949007 0.02165156416594982 21
1698174949350 0.018079886212944984 22
1698174949669 0.01600346527993679 23
1698174949991 0.015329614281654358 24
1698174950317 0.018300242722034454 25
1698174950631 0.01539570651948452 26
1698174950954 0.0172756165266037 27
1698174951324 0.01754586771130562 28
1698174951711 0.017666904255747795 29
1698174952086 0.01660906709730625 30
1698174952498 0.016852786764502525 31
1698174952844 0.014919426292181015 32
1698174953229 0.014295126311480999 33
1698174953595 0.013930228538811207 34
1698174953948 0.0158001109957695 35
1698174954281 0.015626082196831703 36
1698174954656 0.015656739473342896 37
1698174955054 0.015141153708100319 38
1698174955527 0.018310338258743286 39
1698174955870 0.014556876383721828 40
1698174956220 0.014125855639576912 41
1698174956607 0.015656007453799248 42
1698174956963 0.013472829945385456 43
1698174957438 0.012310820631682873 44
1698174957764 0.014404910616576672 45
1698174958091 0.01567450910806656 46
1698174958427 0.015108251012861729 47
1698174958750 0.013777053914964199 48
1698174959068 0.015176531858742237 49
