1698174941170 66.90719604492188 0
1698174941552 22.139516830444336 1
1698174942018 19.48564338684082 2
1698174942408 16.918516159057617 3
1698174942764 15.338218688964844 4
1698174943127 15.395605087280273 5
1698174943606 15.514647483825684 6
1698174944170 14.223326683044434 7
1698174944551 14.519392013549805 8
1698174944891 14.814043998718262 9
1698174945266 14.448385238647461 10
1698174945621 13.740928649902344 11
1698174946056 13.667126655578613 12
1698174946443 14.520512580871582 13
1698174946754 12.937325477600098 14
1698174947061 12.849055290222168 15
1698174947410 13.102025032043457 16
1698174947726 13.442724227905273 17
1698174948044 12.690143585205078 18
1698174948377 12.540837287902832 19
1698174948695 13.081716537475586 20
1698174949007 13.19023609161377 21
1698174949350 12.108294486999512 22
1698174949669 11.106678009033203 23
1698174949991 11.268104553222656 24
1698174950317 11.968825340270996 25
1698174950631 11.059308052062988 26
1698174950954 11.167998313903809 27
1698174951324 11.708740234375 28
1698174951711 11.885923385620117 29
1698174952086 11.554394721984863 30
1698174952498 11.756824493408203 31
1698174952844 11.338347434997559 32
1698174953229 10.666112899780273 33
1698174953595 10.176170349121094 34
1698174953948 11.09754753112793 35
1698174954281 10.778817176818848 36
1698174954656 10.392620086669922 37
1698174955054 10.723024368286133 38
1698174955527 12.977395057678223 39
1698174955870 10.089408874511719 40
1698174956220 10.054070472717285 41
1698174956607 10.453553199768066 42
1698174956963 10.212968826293945 43
1698174957438 9.849396705627441 44
1698174957764 9.237975120544434 45
1698174958091 9.82308292388916 46
1698174958427 10.065633773803711 47
1698174958750 9.570079803466797 48
1698174959068 10.577571868896484 49
