1698184641695 985.5096435546875 0
1698184641816 416.3061828613281 1
1698184641926 168.35752868652344 2
1698184642047 130.867431640625 3
1698184642152 108.31917572021484 4
1698184642295 102.92440032958984 5
1698184642421 102.98522186279297 6
1698184642529 91.53492736816406 7
1698184642638 75.93255615234375 8
1698184642745 94.90779876708984 9
1698184642859 75.87492370605469 10
1698184642970 66.39515686035156 11
1698184643089 87.21883392333984 12
1698184643198 64.17523956298828 13
1698184643305 69.60126495361328 14
1698184643429 65.5045394897461 15
1698184643552 57.113800048828125 16
1698184643663 55.8969841003418 17
1698184643789 61.82304382324219 18
1698184643916 67.05450439453125 19
1698184644028 60.82468032836914 20
1698184644162 62.72346878051758 21
1698184644273 49.23842239379883 22
1698184644393 58.91928482055664 23
1698184644504 46.080718994140625 24
1698184644617 59.246192932128906 25
1698184644727 46.876094818115234 26
1698184644850 49.5848388671875 27
1698184644973 54.706661224365234 28
1698184645080 55.78010559082031 29
1698184645204 48.23912811279297 30
1698184645326 45.72300720214844 31
1698184645436 47.28586959838867 32
1698184645554 46.03761672973633 33
1698184645679 43.72346115112305 34
1698184645789 44.39815902709961 35
1698184645924 49.25483703613281 36
1698184646048 49.00931930541992 37
1698184646157 47.14158248901367 38
1698184646298 44.983802795410156 39
1698184646417 50.840030670166016 40
1698184646529 42.862388610839844 41
1698184646649 46.07198715209961 42
1698184646758 39.313838958740234 43
1698184646869 47.40471267700195 44
1698184646994 42.89271926879883 45
1698184647100 46.72074508666992 46
1698184647216 45.6378173828125 47
1698184647342 51.30953598022461 48
1698184647452 42.84591293334961 49
