1698184641695 108.35697937011719 0
1698184641816 67.28825378417969 1
1698184641926 33.18024826049805 2
1698184642047 29.18295669555664 3
1698184642152 27.441972732543945 4
1698184642295 25.242263793945312 5
1698184642421 25.568721771240234 6
1698184642529 22.95429039001465 7
1698184642638 22.3494930267334 8
1698184642745 23.793869018554688 9
1698184642859 21.642005920410156 10
1698184642970 21.594995498657227 11
1698184643089 20.58473777770996 12
1698184643198 20.38123321533203 13
1698184643305 21.172937393188477 14
1698184643429 21.63749885559082 15
1698184643552 18.791900634765625 16
1698184643663 19.452781677246094 17
1698184643789 19.12150764465332 18
1698184643916 20.156137466430664 19
1698184644028 19.275510787963867 20
1698184644162 19.534420013427734 21
1698184644273 18.281408309936523 22
1698184644393 18.1270751953125 23
1698184644504 17.806903839111328 24
1698184644617 18.359649658203125 25
1698184644727 18.119905471801758 26
1698184644850 17.34552574157715 27
1698184644973 17.662704467773438 28
1698184645080 18.046367645263672 29
1698184645204 17.087871551513672 30
1698184645326 17.516645431518555 31
1698184645436 16.533618927001953 32
1698184645554 16.598602294921875 33
1698184645679 16.750389099121094 34
1698184645789 16.800111770629883 35
1698184645924 16.908884048461914 36
1698184646048 18.38357162475586 37
1698184646157 16.68727684020996 38
1698184646298 16.10832405090332 39
1698184646417 17.15721893310547 40
1698184646529 15.800739288330078 41
1698184646649 17.681964874267578 42
1698184646758 15.599684715270996 43
1698184646869 16.708650588989258 44
1698184646994 15.980303764343262 45
1698184647100 15.730229377746582 46
1698184647216 16.284805297851562 47
1698184647342 16.635286331176758 48
1698184647452 15.980749130249023 49
