1698176923637 0.1458495706319809 0
1698176923871 0.01650150492787361 1
1698176924064 0.004962041508406401 2
1698176924293 0.0044936612248420715 3
1698176924588 0.004565564449876547 4
1698176924881 0.004293485078960657 5
1698176925094 0.004102190490812063 6
1698176925304 0.0038273679092526436 7
1698176925520 0.0038038354832679033 8
1698176925839 0.0037922211922705173 9
1698176926040 0.003706862684339285 10
1698176926249 0.0036593100521713495 11
1698176926476 0.0033330204896628857 12
1698176926682 0.0034491599071770906 13
1698176926883 0.003346723038703203 14
1698176927079 0.003458792809396982 15
1698176927284 0.003283049911260605 16
1698176927508 0.003419637680053711 17
1698176927765 0.003624637145549059 18
1698176928042 0.0035237770061939955 19
1698176928236 0.0031781168654561043 20
1698176928465 0.0032747394870966673 21
1698176928691 0.003104580333456397 22
1698176928905 0.0035018720664083958 23
1698176929092 0.0033672500867396593 24
1698176929300 0.0033728822600096464 25
1698176929515 0.0030517196282744408 26
1698176929738 0.0030558959115296602 27
1698176930058 0.003083712887018919 28
1698176930250 0.002990292850881815 29
1698176930457 0.00308941095136106 30
1698176930628 0.0030077476985752583 31
1698176930831 0.003044487675651908 32
1698176931032 0.003046825062483549 33
1698176931253 0.0030756047926843166 34
1698176931509 0.002770110499113798 35
1698176931786 0.0030309497378766537 36
1698176931971 0.0030466264579445124 37
1698176932183 0.0029126352164894342 38
1698176932391 0.003030292224138975 39
1698176932590 0.003056255402043462 40
1698176932772 0.0029148170724511147 41
1698176932959 0.002959874924272299 42
1698176933189 0.0028842526953667402 43
1698176933418 0.0027641465421766043 44
1698176933623 0.002901465632021427 45
1698176933824 0.0030304058454930782 46
1698176934099 0.0028834498953074217 47
1698176934356 0.002893292810767889 48
1698176934548 0.0028684227727353573 49
