1698178869296 78.78082275390625 0
1698178869568 81.07086181640625 1
1698178869844 57.3248176574707 2
1698178870131 33.15243911743164 3
1698178870405 31.05309295654297 4
1698178870702 27.828786849975586 5
1698178870976 21.581069946289062 6
1698178871246 20.553375244140625 7
1698178871513 16.943452835083008 8
1698178871807 17.19692611694336 9
1698178872081 13.948742866516113 10
1698178872392 14.617406845092773 11
1698178872698 13.240257263183594 12
1698178872975 12.579316139221191 13
1698178873267 12.439929962158203 14
1698178873540 12.470352172851562 15
1698178873834 12.046829223632812 16
1698178874154 12.390151977539062 17
1698178874433 12.008197784423828 18
1698178874730 11.7415771484375 19
1698178875071 12.143153190612793 20
1698178875342 11.482151985168457 21
1698178875633 12.281822204589844 22
1698178875909 11.211383819580078 23
1698178876187 11.886136054992676 24
1698178876462 11.048223495483398 25
1698178876752 11.72085189819336 26
1698178877049 10.998076438903809 27
1698178877346 10.55038833618164 28
1698178877673 10.443598747253418 29
1698178878037 10.710505485534668 30
1698178878334 11.489561080932617 31
1698178878626 10.1795015335083 32
1698178878978 10.672249794006348 33
1698178879275 10.6628999710083 34
1698178879592 10.302428245544434 35
1698178879910 11.014328002929688 36
1698178880181 10.56423282623291 37
1698178880456 10.338976860046387 38
1698178880746 10.914605140686035 39
1698178881014 10.566588401794434 40
1698178881279 10.807872772216797 41
1698178881557 11.423945426940918 42
1698178881837 10.547816276550293 43
1698178882116 10.175033569335938 44
1698178882388 9.91667652130127 45
1698178882675 9.832399368286133 46
1698178882976 10.325032234191895 47
1698178883262 10.02195930480957 48
1698178883549 10.968613624572754 49
