1698186706643 53.10210418701172 0
1698186706951 25.190418243408203 1
1698186707262 20.673513412475586 2
1698186707571 15.719183921813965 3
1698186707890 13.779579162597656 4
1698186708207 11.257730484008789 5
1698186708527 10.44457721710205 6
1698186708850 11.014220237731934 7
1698186709161 10.777342796325684 8
1698186709463 10.572888374328613 9
1698186709787 9.84135627746582 10
1698186710106 10.034097671508789 11
1698186710430 10.375094413757324 12
1698186710743 9.874805450439453 13
1698186711047 9.873306274414062 14
1698186711372 9.983291625976562 15
1698186711686 9.954413414001465 16
1698186712004 9.70500373840332 17
1698186712313 10.184357643127441 18
1698186712631 9.69849681854248 19
1698186712959 10.326025009155273 20
1698186713264 9.69233512878418 21
1698186713581 9.462112426757812 22
1698186713892 9.477730751037598 23
1698186714202 9.514883041381836 24
1698186714584 9.287707328796387 25
1698186714904 9.7667818069458 26
1698186715212 9.21458911895752 27
1698186715562 8.958220481872559 28
1698186715932 9.5497407913208 29
1698186716300 8.83066177368164 30
1698186716625 9.647529602050781 31
1698186716937 8.836639404296875 32
1698186717296 9.447904586791992 33
1698186717635 9.948150634765625 34
1698186717980 9.297240257263184 35
1698186718305 8.766618728637695 36
1698186718687 8.432737350463867 37
1698186719019 8.791097640991211 38
1698186719337 8.45884895324707 39
1698186719654 8.73190689086914 40
1698186719960 8.656105041503906 41
1698186720276 8.138829231262207 42
1698186720600 8.351519584655762 43
1698186720920 8.25886058807373 44
1698186721232 8.733381271362305 45
1698186721562 9.01270866394043 46
1698186721868 8.71561336517334 47
1698186722178 8.266945838928223 48
1698186722490 8.714179992675781 49
