1698188423579 103.23908233642578 0
1698188423701 25.382667541503906 1
1698188423837 7.055057048797607 2
1698188423957 5.9414753913879395 3
1698188424065 5.193140506744385 4
1698188424195 5.326720714569092 5
1698188424312 5.73769998550415 6
1698188424451 5.101992130279541 7
1698188424580 5.137083530426025 8
1698188424702 5.576368808746338 9
1698188424824 5.010801315307617 10
1698188424933 4.9699883460998535 11
1698188425058 5.512211799621582 12
1698188425172 5.799497127532959 13
1698188425293 5.019031047821045 14
1698188425400 4.8292951583862305 15
1698188425507 5.044057369232178 16
1698188425626 4.5830559730529785 17
1698188425735 4.855931282043457 18
1698188425877 4.894129276275635 19
1698188425999 4.7919230461120605 20
1698188426133 5.098531246185303 21
1698188426261 5.205754280090332 22
1698188426401 5.057404518127441 23
1698188426557 4.793296813964844 24
1698188426733 5.484723091125488 25
1698188426867 5.364136219024658 26
1698188426982 5.140854835510254 27
1698188427096 4.69218635559082 28
1698188427221 4.492985725402832 29
1698188427345 4.662123203277588 30
1698188427472 4.779265880584717 31
1698188427617 4.5682692527771 32
1698188427772 5.349900245666504 33
1698188427957 4.85210657119751 34
1698188428104 4.423192024230957 35
1698188428236 4.59648323059082 36
1698188428355 4.615812301635742 37
1698188428487 4.739340305328369 38
1698188428608 4.74229097366333 39
1698188428749 4.68242883682251 40
1698188428883 5.029057502746582 41
1698188429009 4.940115928649902 42
1698188429147 4.624114036560059 43
1698188429297 4.50787878036499 44
1698188429447 4.79425573348999 45
1698188429597 4.641122341156006 46
1698188429730 5.109740734100342 47
1698188429860 4.638521194458008 48
1698188429984 4.434946060180664 49
