1698173152053 0.005294248927384615 0
1698173152564 0.0025718500837683678 1
1698173153281 0.001850334694609046 2
1698173153980 0.0021605363581329584 3
1698173154714 0.001550879329442978 4
1698173155297 0.0015865260502323508 5
1698173155834 0.001476373989135027 6
1698173156286 0.0017604924505576491 7
1698173156755 0.001343384152278304 8
1698173157258 0.001406248426064849 9
1698173157723 0.0010419593891128898 10
1698173158189 0.0013889280380681157 11
1698173158644 0.0012436031829565763 12
1698173159115 0.0011330402921885252 13
1698173159654 0.001376552740111947 14
1698173160219 0.0014373143203556538 15
1698173160704 0.00154652982018888 16
1698173161194 0.001279498334042728 17
1698173161674 0.001223640632815659 18
1698173162294 0.0010976433986797929 19
1698173162871 0.001311388099566102 20
1698173163407 0.0012353488709777594 21
1698173164101 0.0009856605902314186 22
1698173164637 0.00091847701696679 23
1698173165210 0.001321256160736084 24
1698173165819 0.0010687618050724268 25
1698173166429 0.0012069905642420053 26
1698173167032 0.0012404813896864653 27
1698173167572 0.0013700209092348814 28
1698173168274 0.0009082156466320157 29
1698173168796 0.0010513992747291923 30
1698173169374 0.0011134074302390218 31
1698173170129 0.0012839557603001595 32
1698173170989 0.0014268042286857963 33
1698173172031 0.0010653695790097117 34
1698173172949 0.0009701397502794862 35
1698173173572 0.001232834649272263 36
1698173174078 0.0012588724493980408 37
1698173174607 0.001158880884759128 38
1698173175157 0.0011651722015812993 39
1698173175655 0.0011341682402417064 40
1698173176121 0.0010844458593055606 41
1698173176612 0.0011785245733335614 42
1698173177098 0.0009769931202754378 43
1698173177581 0.0011398517526686192 44
1698173178035 0.000917696044780314 45
1698173178512 0.001331439707428217 46
1698173178983 0.0012709597358480096 47
1698173179471 0.001098330831155181 48
1698173179986 0.0009978287853300571 49
