1698173152053 14853.1865234375 0
1698173152564 6177.36865234375 1
1698173153281 4524.8125 2
1698173153980 12264.529296875 3
1698173154714 13960.181640625 4
1698173155297 10910.2646484375 5
1698173155834 7413.72900390625 6
1698173156286 4794.61767578125 7
1698173156755 4882.91796875 8
1698173157258 272.726806640625 9
1698173157723 10879.0537109375 10
1698173158189 7001.6162109375 11
1698173158644 9066.986328125 12
1698173159115 8112.76611328125 13
1698173159654 9922.7548828125 14
1698173160219 5936.33740234375 15
1698173160704 7884.83642578125 16
1698173161194 1239.424560546875 17
1698173161674 8352.2001953125 18
1698173162294 1406.907470703125 19
1698173162871 4362.794921875 20
1698173163407 1472.6220703125 21
1698173164101 15835.5791015625 22
1698173164637 12626.5712890625 23
1698173165210 14114.71875 24
1698173165819 2646.208984375 25
1698173166429 3689.287109375 26
1698173167032 4256.80859375 27
1698173167572 18150.791015625 28
1698173168274 14098.6298828125 29
1698173168796 8767.74609375 30
1698173169374 4584.32470703125 31
1698173170129 12084.732421875 32
1698173170989 10755.998046875 33
1698173172031 637.0809936523438 34
1698173172949 913.628662109375 35
1698173173572 7251.34228515625 36
1698173174078 7893.64697265625 37
1698173174607 562.2169189453125 38
1698173175157 8596.66015625 39
1698173175655 729.2708740234375 40
1698173176121 8939.615234375 41
1698173176612 8981.740234375 42
1698173177098 1638.7955322265625 43
1698173177581 1571.87353515625 44
1698173178035 9115.8525390625 45
1698173178512 8088.39892578125 46
1698173178983 9588.9111328125 47
1698173179471 15088.005859375 48
1698173179986 6846.54443359375 49
