1698150845038 0.05717062950134277 0
1698150846554 0.02862371876835823 1
1698150848122 0.017481524497270584 2
1698150849609 0.013627643696963787 3
1698150851068 0.011070392094552517 4
1698150852532 0.008767805993556976 5
1698150854049 0.007670398335903883 6
1698150855526 0.006831399165093899 7
1698150856942 0.006552942097187042 8
1698150858437 0.006377102341502905 9
1698150859869 0.005539772100746632 10
1698150861380 0.00565716065466404 11
1698150862897 0.0055498783476650715 12
1698150864334 0.005437927320599556 13
1698150865788 0.005519472993910313 14
1698150867245 0.005395920015871525 15
1698150868882 0.005224314983934164 16
1698150870306 0.005296184215694666 17
1698150871964 0.005304399412125349 18
