1698150845038 152007.28125 0
1698150846554 149283.421875 1
1698150848122 120243.8359375 2
1698150849609 118236.4921875 3
1698150851068 111149.84375 4
1698150852532 100876.9765625 5
1698150854049 94311.5390625 6
1698150855526 94735.984375 7
1698150856942 97013.9765625 8
1698150858437 94660.171875 9
1698150859869 82110.171875 10
1698150861380 85656.7734375 11
1698150862897 83093.5546875 12
1698150864334 89448.6484375 13
1698150865788 86662.2265625 14
1698150867245 78794.1640625 15
1698150868882 89700.46875 16
1698150870306 92691.125 17
1698150871964 101651.8359375 18
