1698175546061 36.57399368286133 0
1698175546282 13.361126899719238 1
1698175546497 13.19198226928711 2
1698175546722 11.849325180053711 3
1698175546936 12.211603164672852 4
1698175547170 13.48587417602539 5
1698175547431 11.092168807983398 6
1698175547668 10.132083892822266 7
1698175547910 10.408592224121094 8
1698175548166 9.919398307800293 9
1698175548398 9.789880752563477 10
1698175548610 11.516205787658691 11
1698175548824 8.993474006652832 12
1698175549029 8.527846336364746 13
1698175549264 10.174528121948242 14
1698175549559 9.010244369506836 15
1698175549787 13.200736999511719 16
1698175549995 10.421269416809082 17
1698175550232 9.244050025939941 18
1698175550447 8.68986701965332 19
1698175550666 9.551858901977539 20
1698175550876 9.300070762634277 21
1698175551084 8.290800094604492 22
1698175551309 10.730695724487305 23
1698175551528 8.26671028137207 24
1698175551737 8.672891616821289 25
1698175551952 7.89238977432251 26
1698175552191 8.81867504119873 27
1698175552411 8.339616775512695 28
1698175552632 9.060559272766113 29
1698175552845 7.916552543640137 30
1698175553050 7.810538291931152 31
1698175553281 8.053268432617188 32
1698175553499 7.274677753448486 33
1698175553714 9.973658561706543 34
1698175553926 8.675196647644043 35
1698175554140 8.073182106018066 36
1698175554368 7.738283157348633 37
1698175554593 7.6987080574035645 38
1698175554808 7.684174060821533 39
1698175555059 7.545028209686279 40
1698175555325 8.563928604125977 41
1698175555541 7.904091835021973 42
1698175555793 9.381329536437988 43
1698175556021 8.687965393066406 44
1698175556264 7.951221942901611 45
1698175556488 7.945233345031738 46
1698175556804 9.02916431427002 47
1698175557031 7.980090141296387 48
1698175557297 7.742733478546143 49
