1698180794739 3084686.5 0
1698180795300 2906736.5 1
1698180795819 2205786.5 2
1698180796329 621153.4375 3
1698180796854 307185.65625 4
1698180797395 194778.890625 5
1698180798010 196584.90625 6
1698180798533 154532.265625 7
1698180799176 183913.203125 8
1698180799753 128406.9140625 9
1698180800328 118967.1953125 10
1698180800825 122592.375 11
1698180801312 126102.59375 12
1698180801833 122152.7421875 13
1698180802354 133713.5625 14
1698180802856 130998.7578125 15
1698180803356 117075.3828125 16
1698180803885 107441.734375 17
1698180804392 104537.953125 18
1698180804910 117620.046875 19
1698180805441 119249.796875 20
1698180805949 93915.5859375 21
1698180806453 118264.0625 22
1698180806983 106745.3203125 23
1698180807502 112116.890625 24
1698180808013 89036.9609375 25
1698180808540 102981.734375 26
1698180809066 96428.0234375 27
1698180809582 105145.203125 28
1698180810160 97068.6953125 29
1698180810747 82618.4375 30
1698180811343 95613.4921875 31
1698180811884 94555.2734375 32
1698180812420 85665.71875 33
1698180812915 90041.203125 34
1698180813420 75529.1640625 35
1698180813942 91158.71875 36
1698180814447 86492.640625 37
1698180814955 93965.4375 38
1698180815476 87532.5546875 39
1698180816010 80958.375 40
1698180816518 98911.9453125 41
1698180817056 81952.3828125 42
1698180817594 78287.6328125 43
1698180818101 82917.046875 44
1698180818628 81099.359375 45
1698180819129 75648.9296875 46
1698180819649 89725.7890625 47
1698180820169 73359.7890625 48
1698180820692 75708.0703125 49
