1698176835114 0.046378493309020996 0
1698176835309 0.004411707166582346 1
1698176835529 0.0035162826534360647 2
1698176835796 0.003292919136583805 3
1698176836019 0.003138110740110278 4
1698176836241 0.003167593153193593 5
1698176836507 0.002960979240015149 6
1698176836725 0.0030629588291049004 7
1698176836938 0.0031969938427209854 8
1698176837156 0.0028542911168187857 9
1698176837367 0.002786848461255431 10
1698176837677 0.0027695095632225275 11
1698176837970 0.002795224776491523 12
1698176838199 0.003071568440645933 13
1698176838422 0.0031350289937108755 14
1698176838700 0.0027432325296103954 15
1698176838945 0.0025494457222521305 16
1698176839161 0.00290630292147398 17
1698176839535 0.0025356558617204428 18
1698176839839 0.002527069067582488 19
1698176840082 0.0024972574319690466 20
1698176840348 0.002553013153374195 21
1698176840627 0.0024300573859363794 22
1698176840977 0.0025357038248330355 23
1698176841351 0.00250431289896369 24
1698176841673 0.002529373625293374 25
1698176842021 0.0025570448487997055 26
1698176842534 0.002358076861128211 27
1698176842827 0.0022846756037324667 28
1698176843129 0.002584340749308467 29
1698176843381 0.002551014767959714 30
1698176843606 0.0024849718902260065 31
1698176843849 0.0025485646910965443 32
1698176844104 0.0024252005387097597 33
1698176844342 0.0022802993189543486 34
1698176844598 0.0021725206170231104 35
1698176844975 0.0022185228299349546 36
1698176845209 0.0022316640242934227 37
1698176845453 0.002218464855104685 38
1698176845648 0.0022624789271503687 39
1698176845929 0.0022737032268196344 40
1698176846175 0.0022288942709565163 41
1698176846406 0.00230256631039083 42
1698176846610 0.002143296878784895 43
1698176846822 0.0022016307339072227 44
1698176847148 0.002234115032479167 45
1698176847416 0.0021969962399452925 46
1698176847623 0.002371071372181177 47
1698176847844 0.0022056850139051676 48
1698176848107 0.0021360598038882017 49
