1698163164660 0.30186647176742554 0
1698163166548 0.15646834671497345 1
1698163168364 0.1318902224302292 2
1698163170392 0.11658663302659988 3
1698163172511 0.09755899757146835 4
1698163174753 0.08030189573764801 5
1698163176854 0.07006864249706268 6
1698163178827 0.06382443010807037 7
1698163180968 0.05897391587495804 8
1698163183134 0.05513947829604149 9
1698163185305 0.05151257663965225 10
1698163187484 0.048775799572467804 11
1698163190084 0.045100294053554535 12
1698163192002 0.04320763051509857 13
1698163194256 0.04213356226682663 14
1698163196559 0.04067179933190346 15
1698163198662 0.038293492048978806 16
1698163200515 0.03698736056685448 17
1698163202647 0.036311447620391846 18
1698163205022 0.034650031477212906 19
1698163207298 0.03378712758421898 20
1698163209276 0.03258989378809929 21
1698163211319 0.03228247910737991 22
1698163213425 0.030739344656467438 23
1698163215774 0.03033485636115074 24
1698163218152 0.029824795201420784 25
1698163220079 0.029460756108164787 26
1698163221890 0.028455017134547234 27
1698163223362 0.027748996391892433 28
1698163225211 0.027206379920244217 29
1698163227483 0.027675172314047813 30
1698163229646 0.02674229070544243 31
1698163231687 0.025565704330801964 32
1698163233835 0.02576415240764618 33
1698163236303 0.02498634159564972 34
1698163238623 0.024721257388591766 35
1698163240792 0.02411479875445366 36
1698163243027 0.0241586621850729 37
1698163245683 0.024400554597377777 38
1698163248219 0.02388281747698784 39
1698163250905 0.02293272316455841 40
1698163253766 0.02250867336988449 41
1698163256167 0.02254527620971203 42
1698163258603 0.022757956758141518 43
1698163261503 0.02197393588721752 44
1698163264321 0.02239910513162613 45
1698163266937 0.021904896944761276 46
1698163269124 0.021695390343666077 47
1698163271174 0.021555140614509583 48
1698163273500 0.021292418241500854 49
1698163275828 0.021118534728884697 50
1698163278128 0.02157786674797535 51
1698163280728 0.021361825987696648 52
1698163282963 0.020609842613339424 53
1698163285294 0.02076432667672634 54
1698163287523 0.02039961889386177 55
