1698187761835 1.7818230390548706 0
1698187762240 0.32070302963256836 1
1698187762636 0.24997848272323608 2
1698187763016 0.24024564027786255 3
1698187763426 0.2348424643278122 4
1698187763811 0.19196107983589172 5
1698187764215 0.19390907883644104 6
1698187765260 0.2034865766763687 7
1698187765660 0.2582469880580902 8
1698187766082 0.2072894275188446 9
1698187766579 0.20082880556583405 10
1698187766992 0.19560100138187408 11
1698187767422 0.1982990801334381 12
1698187767901 0.17297528684139252 13
1698187768363 0.1938004046678543 14
1698187768799 0.15070833265781403 15
1698187769277 0.20063740015029907 16
1698187769691 0.15354840457439423 17
1698187770089 0.16147354245185852 18
1698187770513 0.16286949813365936 19
1698187770923 0.17914076149463654 20
1698187771356 0.17159688472747803 21
1698187771754 0.16714969277381897 22
1698187772148 0.18820880353450775 23
1698187772561 0.16882991790771484 24
1698187772961 0.22700317203998566 25
1698187773372 0.17278239130973816 26
1698187773773 0.15852463245391846 27
1698187774173 0.2237691879272461 28
1698187774594 0.1944745033979416 29
1698187774993 0.1480867862701416 30
1698187775419 0.14615240693092346 31
1698187775814 0.14621789753437042 32
1698187776220 0.16642944514751434 33
1698187776644 0.17672207951545715 34
1698187777039 0.16400046646595 35
1698187777462 0.1721043437719345 36
1698187777857 0.15615125000476837 37
1698187778253 0.15293321013450623 38
1698187778669 0.15326432883739471 39
1698187779073 0.1649433970451355 40
1698187779502 0.15096817910671234 41
1698187779898 0.15220604836940765 42
1698187780326 0.16210705041885376 43
1698187780864 0.17012596130371094 44
1698187781279 0.18577098846435547 45
1698187781705 0.14394405484199524 46
1698187782189 0.15367931127548218 47
1698187782642 0.14970484375953674 48
1698187783075 0.15909412503242493 49
