1698187761835 21.614978790283203 0
1698187762240 8.944134712219238 1
1698187762636 8.150991439819336 2
1698187763016 7.920350551605225 3
1698187763426 7.787777900695801 4
1698187763811 7.39523458480835 5
1698187764215 7.4823527336120605 6
1698187765260 7.201707363128662 7
1698187765660 8.70591926574707 8
1698187766082 7.523885726928711 9
1698187766579 7.016951084136963 10
1698187766992 6.9492692947387695 11
1698187767422 6.668650150299072 12
1698187767901 6.539012908935547 13
1698187768363 6.942894458770752 14
1698187768799 6.038729190826416 15
1698187769277 7.394615173339844 16
1698187769691 6.287764072418213 17
1698187770089 6.117958068847656 18
1698187770513 6.197071552276611 19
1698187770923 6.7272138595581055 20
1698187771356 6.670310020446777 21
1698187771754 6.317322254180908 22
1698187772148 7.104705333709717 23
1698187772561 6.4317169189453125 24
1698187772961 7.798455238342285 25
1698187773372 6.1178297996521 26
1698187773773 6.1269049644470215 27
1698187774173 7.829288959503174 28
1698187774594 7.138600826263428 29
1698187774993 6.281509876251221 30
1698187775419 5.688858509063721 31
1698187775814 5.794874668121338 32
1698187776220 6.216824531555176 33
1698187776644 6.395298957824707 34
1698187777039 6.18435525894165 35
1698187777462 6.795399188995361 36
1698187777857 6.188948631286621 37
1698187778253 5.781620502471924 38
1698187778669 6.012617588043213 39
1698187779073 6.441296577453613 40
1698187779502 5.8830156326293945 41
1698187779898 5.991173267364502 42
1698187780326 5.82781457901001 43
1698187780864 6.40395975112915 44
1698187781279 7.21432638168335 45
1698187781705 5.697932720184326 46
1698187782189 6.18719482421875 47
1698187782642 5.840842247009277 48
1698187783075 6.339583873748779 49
