1698229417737 60141.01953125 0
1698229418032 41017.203125 1
1698229418276 32581.154296875 2
1698229418516 29601.08203125 3
1698229418765 30375.697265625 4
1698229419041 28497.93359375 5
1698229419282 25873.138671875 6
1698229419538 27913.71875 7
1698229419780 23355.763671875 8
1698229420036 25260.54296875 9
1698229420287 25088.447265625 10
1698229420535 20747.095703125 11
1698229420783 25331.7578125 12
1698229421057 23431.09765625 13
1698229421300 22603.904296875 14
1698229421551 25053.12890625 15
1698229421833 23013.431640625 16
1698229422131 23276.958984375 17
1698229422388 23656.431640625 18
1698229422630 22381.365234375 19
1698229422888 21896.4765625 20
1698229423139 22081.46484375 21
1698229423418 21273.294921875 22
1698229423685 20760.390625 23
1698229423948 22260.041015625 24
1698229424536 22278.615234375 25
1698229424807 22349.142578125 26
1698229425066 22451.72265625 27
1698229425324 20847.365234375 28
1698229425586 22625.87109375 29
1698229425856 21655.46875 30
1698229426132 22147.876953125 31
1698229426407 20443.10546875 32
1698229426672 20903.095703125 33
1698229426945 21734.0390625 34
1698229427206 19977.359375 35
1698229427473 19750.46875 36
1698229427732 20713.220703125 37
1698229428003 20983.734375 38
1698229428244 19411.90625 39
1698229428486 21483.837890625 40
1698229428725 20891.568359375 41
1698229428967 20319.37890625 42
1698229429306 20758.638671875 43
1698229429576 19068.447265625 44
1698229429955 18314.27734375 45
1698229430297 20948.583984375 46
1698229430548 21506.763671875 47
1698229430815 20255.318359375 48
1698229431079 19032.12890625 49
