1698181725358 26.12596893310547 0
1698181725557 7.716702461242676 1
1698181725756 8.862030982971191 2
1698181725975 8.884230613708496 3
1698181726178 9.063196182250977 4
1698181726391 7.535562515258789 5
1698181726598 6.321059226989746 6
1698181726797 8.3987398147583 7
1698181727005 6.023113250732422 8
1698181727233 5.7443976402282715 9
1698181727445 7.1160783767700195 10
1698181727651 6.887985706329346 11
1698181727849 6.447086811065674 12
1698181728051 7.842065811157227 13
1698181728255 6.397599220275879 14
1698181728481 6.241369247436523 15
1698181728685 6.933391571044922 16
1698181728889 7.170253753662109 17
1698181729105 7.094170570373535 18
1698181729318 6.825992107391357 19
1698181729526 7.069077968597412 20
1698181729736 6.153337478637695 21
1698181729949 5.243056774139404 22
1698181730152 7.591627597808838 23
1698181730360 6.03858757019043 24
1698181730594 5.822166442871094 25
1698181730813 7.635135173797607 26
1698181731010 8.168152809143066 27
1698181731215 5.189990997314453 28
1698181731432 7.387789726257324 29
1698181731663 5.712160587310791 30
1698181731908 6.3117218017578125 31
1698181732149 6.69139289855957 32
1698181732368 7.490579605102539 33
1698181732592 6.24396276473999 34
1698181732821 5.61199426651001 35
1698181733078 5.419159889221191 36
1698181733291 5.5893635749816895 37
1698181733521 6.995981216430664 38
1698181733720 7.243882656097412 39
1698181733928 6.4872589111328125 40
1698181734164 5.816473960876465 41
1698181734374 4.866513252258301 42
1698181734583 5.562814235687256 43
1698181734783 7.962100028991699 44
1698181734987 6.447192668914795 45
1698181735188 5.676877975463867 46
1698181735395 5.592999458312988 47
1698181735628 6.3759765625 48
1698181735840 5.819977283477783 49
