1698186978406 0.2964654862880707 0
1698186978536 0.03484232351183891 1
1698186978654 0.030176948755979538 2
1698186978774 0.02259148843586445 3
1698186978893 0.023256825283169746 4
1698186979019 0.02141157165169716 5
1698186979141 0.023233428597450256 6
1698186979258 0.022010594606399536 7
1698186979378 0.02153625339269638 8
1698186979502 0.018740665167570114 9
1698186979624 0.014839112758636475 10
1698186979752 0.017549317330121994 11
1698186979864 0.016816573217511177 12
1698186979984 0.01648591086268425 13
1698186980096 0.016085868701338768 14
1698186980217 0.01710023544728756 15
1698186980327 0.016895174980163574 16
1698186980449 0.013578807935118675 17
1698186980587 0.01451956294476986 18
1698186980713 0.013785067945718765 19
1698186980824 0.01399904489517212 20
1698186980950 0.013672111555933952 21
1698186981072 0.015215612016618252 22
1698186981181 0.015514922328293324 23
1698186981311 0.014468678273260593 24
1698186981439 0.015756284818053246 25
1698186981572 0.016316071152687073 26
1698186981700 0.012632431462407112 27
1698186981825 0.014272376894950867 28
1698186981940 0.015875792130827904 29
1698186982064 0.01570599339902401 30
1698186982172 0.014898920431733131 31
1698186982291 0.01450062170624733 32
1698186982402 0.015110748820006847 33
1698186982532 0.013387664221227169 34
1698186982659 0.01174799632281065 35
1698186982777 0.011922571808099747 36
1698186982912 0.013326307758688927 37
1698186983035 0.013819324783980846 38
1698186983771 0.011115847155451775 39
1698186983890 0.013037807308137417 40
1698186984013 0.013846272602677345 41
1698186984161 0.01283937692642212 42
1698186984290 0.013194077648222446 43
1698186984421 0.013118945993483067 44
1698186984551 0.013933424837887287 45
1698186984680 0.012079888954758644 46
1698186984808 0.013037323020398617 47
1698186984932 0.014043796807527542 48
1698186985061 0.01455368846654892 49
