1698159097673 0.059680648148059845 0
1698159098281 0.023212451487779617 1
1698159098727 0.016211939975619316 2
1698159099167 0.01223901379853487 3
1698159099566 0.009748716838657856 4
1698159099928 0.007601174525916576 5
1698159100275 0.006306113675236702 6
1698159100671 0.005349561106413603 7
1698159101121 0.004304027184844017 8
1698159101703 0.0037420857697725296 9
1698159102285 0.003145392518490553 10
1698159102825 0.0026438143104314804 11
1698159103563 0.0024301381781697273 12
1698159104047 0.0021028330083936453 13
1698159104528 0.0020294920541346073 14
1698159105113 0.001904211356304586 15
1698159105530 0.0019852754194289446 16
1698159105906 0.0019584246911108494 17
1698159106298 0.0018698341445997357 18
1698159106644 0.0018073186511173844 19
1698159107004 0.0017165079480037093 20
1698159107405 0.0017752181738615036 21
1698159107762 0.0017844222020357847 22
