1698173530540 0.00037417092244140804 0
1698173530792 4.8379173676948994e-05 1
1698173531147 5.005460843676701e-05 2
1698173531383 4.4609871110878885e-05 3
1698173531605 4.216431261738762e-05 4
1698173531820 4.548258220893331e-05 5
1698173532045 4.461645585251972e-05 6
1698173532355 3.930181992473081e-05 7
1698173532625 4.777400681632571e-05 8
1698173532865 3.7487705412786454e-05 9
1698173533177 4.294018799555488e-05 10
1698173533548 3.600413037929684e-05 11
1698173533792 3.970549369114451e-05 12
1698173534038 3.5517696233000606e-05 13
1698173534269 3.5036977351410314e-05 14
1698173534513 3.821364589384757e-05 15
1698173534804 3.547926462488249e-05 16
1698173535203 3.594610097934492e-05 17
1698173535522 3.4894062991952524e-05 18
1698173535758 3.2896485208766535e-05 19
1698173536001 3.542018021107651e-05 20
1698173536235 3.637749978224747e-05 21
1698173536500 3.498768273857422e-05 22
1698173536735 3.308744999230839e-05 23
1698173536974 3.277309951954521e-05 24
1698173537385 3.258017386542633e-05 25
1698173537644 4.028481635032222e-05 26
1698173537900 3.423718226258643e-05 27
1698173538150 3.0707007681485265e-05 28
1698173538431 3.6303787055658177e-05 29
1698173538726 4.1440849599894136e-05 30
1698173539005 3.329625178594142e-05 31
1698173539331 3.6788889701711014e-05 32
1698173539664 4.115638876101002e-05 33
1698173539882 2.964441227959469e-05 34
1698173540127 3.102976916125044e-05 35
1698173540382 3.5128428862662986e-05 36
1698173540645 3.290242239017971e-05 37
1698173540890 3.271821697126143e-05 38
1698173541134 3.112359991064295e-05 39
1698173541476 3.4774639061652124e-05 40
1698173541741 3.461386586423032e-05 41
1698173541973 3.0978830181993544e-05 42
1698173542197 3.129609831376001e-05 43
1698173542476 3.279931843280792e-05 44
1698173542768 3.379728150321171e-05 45
1698173542999 3.316794754937291e-05 46
1698173543245 3.384634692338295e-05 47
1698173543496 3.109221870545298e-05 48
1698173543737 3.340411785757169e-05 49
