1698180822306 1269.4617919921875 0
1698180822441 20280.26953125 1
1698180822543 2857.75341796875 2
1698180822667 3974.47314453125 3
1698180822767 9867.3544921875 4
1698180822876 1890.9544677734375 5
1698180822994 7732.07763671875 6
1698180823094 14032.7353515625 7
1698180823198 13169.99609375 8
1698180823297 2988.107421875 9
1698180823394 16313.181640625 10
1698180823495 6879.5830078125 11
1698180823633 2078.916015625 12
1698180823736 1719.4156494140625 13
1698180823835 11177.5654296875 14
1698180823934 11452.341796875 15
1698180824033 2123.534423828125 16
1698180824131 13662.873046875 17
1698180824229 10767.6943359375 18
1698180824328 6010.27783203125 19
1698180824429 7365.16845703125 20
1698180824531 4107.39501953125 21
1698180824634 3890.33203125 22
1698180824735 2438.443115234375 23
1698180824836 15304.96875 24
1698180824936 17690.9609375 25
1698180825057 923.7540893554688 26
1698180825160 10423.0302734375 27
1698180825260 7808.47607421875 28
1698180825359 12891.998046875 29
1698180825459 1936.6116943359375 30
1698180825560 17990.87109375 31
1698180825659 12444.296875 32
1698180825759 5967.6689453125 33
1698180825858 2628.084228515625 34
1698180825958 1030.917724609375 35
1698180826086 8019.22705078125 36
1698180826218 3564.705322265625 37
1698180826337 12370.666015625 38
1698180826437 8061.24658203125 39
1698180826538 13815.63671875 40
1698180826638 9816.583984375 41
1698180826740 10895.0068359375 42
1698180826842 11078.4580078125 43
1698180826947 5966.6083984375 44
1698180827046 2620.7734375 45
1698180827146 16264.1572265625 46
1698180827269 9656.1708984375 47
1698180827372 7207.91796875 48
1698180827472 13212.7119140625 49
