1698160824595 65.20219421386719 0
1698160825676 39.75978469848633 1
1698160826698 29.156373977661133 2
1698160827753 25.21906280517578 3
1698160828759 22.146671295166016 4
1698160829691 19.73047637939453 5
1698160830676 18.97032356262207 6
1698160831704 18.296716690063477 7
1698160832625 17.478811264038086 8
1698160833559 16.201465606689453 9
1698160834716 15.665731430053711 10
1698160835698 15.0811185836792 11
1698160836683 15.518501281738281 12
1698160837818 15.17112922668457 13
1698160839349 14.73349380493164 14
