1698175479343 0.08047493547201157 0
1698175479781 0.01367553323507309 1
1698175480229 0.011281559243798256 2
1698175480667 0.013386095874011517 3
1698175481102 0.01129000261425972 4
1698175481546 0.010662834160029888 5
1698175481994 0.009875372052192688 6
1698175482482 0.009605481289327145 7
1698175482980 0.010412726551294327 8
1698175483440 0.01016825158149004 9
1698175483925 0.010138477198779583 10
1698175484423 0.009176385588943958 11
1698175484887 0.008793286047875881 12
1698175485344 0.009130056947469711 13
1698175485780 0.009009432047605515 14
1698175486235 0.008089210838079453 15
1698175486683 0.008953428827226162 16
1698175487140 0.010097351856529713 17
1698175487565 0.007851481437683105 18
1698175488004 0.008149572648108006 19
1698175488456 0.00748153030872345 20
1698175488886 0.008101456798613071 21
1698175489341 0.009663598611950874 22
1698175489783 0.009311903268098831 23
1698175490229 0.008868863806128502 24
1698175490657 0.006798559799790382 25
1698175491090 0.0067746322602033615 26
1698175491552 0.008379443548619747 27
1698175491998 0.00838908925652504 28
1698175492457 0.0073267132975161076 29
1698175493032 0.008513828739523888 30
1698175493513 0.007912658154964447 31
1698175494033 0.010402418673038483 32
1698175494638 0.009238220751285553 33
1698175495117 0.011032376438379288 34
1698175495597 0.006673730444163084 35
1698175496062 0.009250049479305744 36
1698175496674 0.009469649754464626 37
1698175497173 0.008693106472492218 38
1698175497653 0.009068099781870842 39
1698175498346 0.006891210563480854 40
1698175498959 0.009513049386441708 41
1698175499441 0.007487306371331215 42
1698175499887 0.011606845073401928 43
1698175500356 0.008410654030740261 44
1698175500794 0.007513269316405058 45
1698175501226 0.006331913638859987 46
1698175501736 0.007842500694096088 47
1698175502235 0.006678435951471329 48
1698175502746 0.008093460462987423 49
