1698175479343 35.43039321899414 0
1698175479781 11.115800857543945 1
1698175480229 10.301194190979004 2
1698175480667 11.196972846984863 3
1698175481102 10.841670989990234 4
1698175481546 11.629161834716797 5
1698175481994 10.923141479492188 6
1698175482482 10.88684368133545 7
1698175482980 11.229242324829102 8
1698175483440 11.044829368591309 9
1698175483925 11.630102157592773 10
1698175484423 10.181136131286621 11
1698175484887 9.512636184692383 12
1698175485344 10.047956466674805 13
1698175485780 10.036266326904297 14
1698175486235 10.452903747558594 15
1698175486683 10.830607414245605 16
1698175487140 9.825811386108398 17
1698175487565 9.305375099182129 18
1698175488004 9.367892265319824 19
1698175488456 10.128320693969727 20
1698175488886 10.130733489990234 21
1698175489341 10.062142372131348 22
1698175489783 12.371028900146484 23
1698175490229 11.023283958435059 24
1698175490657 9.161799430847168 25
1698175491090 8.3758544921875 26
1698175491552 11.24030590057373 27
1698175491998 9.778813362121582 28
1698175492457 8.866960525512695 29
1698175493032 10.121358871459961 30
1698175493513 10.391595840454102 31
1698175494033 10.308232307434082 32
1698175494638 12.698341369628906 33
1698175495117 11.529939651489258 34
1698175495597 8.971473693847656 35
1698175496062 10.034811019897461 36
1698175496674 12.121271133422852 37
1698175497173 9.796032905578613 38
1698175497653 10.44437313079834 39
1698175498346 9.252052307128906 40
1698175498959 10.5709810256958 41
1698175499441 9.160087585449219 42
1698175499887 14.000507354736328 43
1698175500356 9.215712547302246 44
1698175500794 9.19120979309082 45
1698175501226 9.798368453979492 46
1698175501736 11.083088874816895 47
1698175502235 9.939701080322266 48
1698175502746 9.963445663452148 49
