1698172262798 0.047373831272125244 0
1698172263234 0.010004506446421146 1
1698172263589 0.007725521456450224 2
1698172263931 0.007704996969550848 3
1698172264297 0.007312451489269733 4
1698172264648 0.007389470934867859 5
1698172265013 0.006340233143419027 6
1698172265377 0.005920033436268568 7
1698172265733 0.00626453896984458 8
1698172266109 0.005632780026644468 9
1698172266474 0.004975845105946064 10
1698172266834 0.00449365796521306 11
1698172267181 0.004935205914080143 12
1698172267598 0.004872126970440149 13
1698172267985 0.005428915377706289 14
1698172268492 0.004763299599289894 15
1698172268884 0.004842622671276331 16
1698172269267 0.00402482133358717 17
1698172269678 0.004317393992096186 18
1698172270121 0.0038570386823266745 19
1698172270552 0.0041109779849648476 20
1698172270954 0.00404783571138978 21
1698172271358 0.004929498303681612 22
1698172271761 0.0035353857092559338 23
1698172272117 0.0034239899832755327 24
1698172272503 0.0037172348238527775 25
1698172272854 0.003724493319168687 26
1698172273204 0.0038582931738346815 27
1698172273585 0.0033300919458270073 28
1698172273962 0.003346202662214637 29
1698172274327 0.0035084409173578024 30
1698172274715 0.003983571194112301 31
1698172275246 0.003967407625168562 32
1698172275647 0.0030941879376769066 33
1698172276005 0.004133054055273533 34
1698172276485 0.004703213460743427 35
1698172276911 0.0031665361020714045 36
1698172277541 0.003841278376057744 37
1698172277966 0.0039459941908717155 38
1698172278359 0.0034001143649220467 39
1698172278819 0.0035556359216570854 40
1698172279185 0.0034571492578834295 41
1698172279580 0.003654198721051216 42
1698172279958 0.004023788962513208 43
1698172280316 0.003644318552687764 44
1698172280670 0.0031037016306072474 45
1698172281022 0.0030743975657969713 46
1698172281353 0.0038573520723730326 47
1698172281736 0.003521338105201721 48
1698172282089 0.003679842920973897 49
