1698178419402 0.059064529836177826 0
1698178419537 0.042840953916311264 1
1698178419686 0.033737070858478546 2
1698178419877 0.019988248124718666 3
1698178420064 0.0036267931573092937 4
1698178420230 0.0011044138809666038 5
1698178420374 0.0009310796740464866 6
1698178420536 0.0008246140205301344 7
1698178420708 0.0007122569368220866 8
1698178420857 0.0007072074222378433 9
1698178421005 0.0006126241059973836 10
1698178421180 0.0005936328088864684 11
1698178421362 0.0005785874673165381 12
1698178421518 0.0005669874371960759 13
1698178421666 0.0005641439347527921 14
1698178421811 0.000531301717273891 15
1698178421954 0.0006286636344157159 16
1698178422103 0.0005534195224754512 17
1698178422261 0.0005359647911973298 18
1698178422407 0.0005436073406599462 19
1698178422551 0.0005763629451394081 20
1698178422707 0.000526731600984931 21
1698178422882 0.0005389584111981094 22
1698178423031 0.0005239407764747739 23
1698178423189 0.0005361698567867279 24
1698178423332 0.0005244585918262601 25
1698178423472 0.0005247538210824132 26
1698178423615 0.0005253449780866504 27
1698178423760 0.0005491068004630506 28
1698178423905 0.0005406904965639114 29
1698178424057 0.0005502400454133749 30
1698178424217 0.0005179782165214419 31
1698178424362 0.0005648438236676157 32
1698178424512 0.0005214003031142056 33
1698178424653 0.0005355874309316278 34
1698178424795 0.0005236219731159508 35
1698178424937 0.0005241258768364787 36
1698178425078 0.0005338993505574763 37
1698178425235 0.0005336626782082021 38
1698178425380 0.0005456201615743339 39
1698178425520 0.0005431951722130179 40
1698178425662 0.0005200572777539492 41
1698178425798 0.0005321670323610306 42
1698178425937 0.0005086740711703897 43
1698178426073 0.0005482581327669322 44
1698178426237 0.0005071579362265766 45
1698178426378 0.0005399121437221766 46
1698178426512 0.0005463662673719227 47
1698178426665 0.0005264787469059229 48
1698178426806 0.0005305613740347326 49
