1698178419402 194.281005859375 0
1698178419537 79430.8359375 1
1698178419686 150525.78125 2
1698178419877 114887.953125 3
1698178420064 67796.4140625 4
1698178420230 12212.0712890625 5
1698178420374 16635.224609375 6
1698178420536 20393.453125 7
1698178420708 6616.42724609375 8
1698178420857 9715.1484375 9
1698178421005 4996.66015625 10
1698178421180 786.5331420898438 11
1698178421362 982.855712890625 12
1698178421518 2709.35302734375 13
1698178421666 1354.1549072265625 14
1698178421811 3229.960693359375 15
1698178421954 291.93878173828125 16
1698178422103 6770.64453125 17
1698178422261 5885.69140625 18
1698178422407 468.674560546875 19
1698178422551 3414.676513671875 20
1698178422707 3510.0224609375 21
1698178422882 2919.999755859375 22
1698178423031 105.03604125976562 23
1698178423189 2733.04296875 24
1698178423332 970.3533325195312 25
1698178423472 4020.845458984375 26
1698178423615 280.4415588378906 27
1698178423760 6839.46533203125 28
1698178423905 2564.65576171875 29
1698178424057 7351.7841796875 30
1698178424217 6037.16748046875 31
1698178424362 2995.9326171875 32
1698178424512 1262.9759521484375 33
1698178424653 1536.97265625 34
1698178424795 4083.492431640625 35
1698178424937 2148.922119140625 36
1698178425078 1254.6326904296875 37
1698178425235 149.72996520996094 38
1698178425380 9220.2978515625 39
1698178425520 6939.96630859375 40
1698178425662 51.21666717529297 41
1698178425798 293.6633605957031 42
1698178425937 2988.3623046875 43
1698178426073 6143.8759765625 44
1698178426237 3038.8974609375 45
1698178426378 613.1813354492188 46
1698178426512 3868.606689453125 47
1698178426665 2604.60009765625 48
1698178426806 971.2789916992188 49
