1698180437217 0.06083320826292038 0
1698180437527 0.019951947033405304 1
1698180437820 0.01589573174715042 2
1698180438115 0.01486941147595644 3
1698180438432 0.013362450525164604 4
1698180438729 0.01051012147217989 5
1698180439011 0.01145799458026886 6
1698180439314 0.010389202274382114 7
1698180439628 0.01057269237935543 8
1698180439919 0.00795653834939003 9
1698180440235 0.0089167645201087 10
1698180440556 0.009432690218091011 11
1698180440895 0.009928721934556961 12
1698180441212 0.008225679397583008 13
1698180441571 0.007250414229929447 14
1698180441907 0.008625400252640247 15
1698180442197 0.007036232389509678 16
1698180442512 0.008169418200850487 17
1698180442796 0.008281252346932888 18
1698180443081 0.008629731833934784 19
1698180443376 0.008100948296487331 20
1698180443663 0.007365163415670395 21
1698180443953 0.007656540255993605 22
1698180444238 0.007137598469853401 23
1698180444551 0.007446889765560627 24
1698180444835 0.006804539822041988 25
1698180445134 0.007711187470704317 26
1698180445429 0.007228822913020849 27
1698180445714 0.006819162517786026 28
1698180445999 0.005831263493746519 29
1698180446312 0.00635045301169157 30
1698180446596 0.006737950257956982 31
1698180446883 0.007950736209750175 32
1698180447182 0.008470673114061356 33
1698180447503 0.00704112509265542 34
1698180447790 0.00610129302367568 35
1698180448081 0.006533121224492788 36
1698180448368 0.006619510240852833 37
1698180448676 0.0077826231718063354 38
1698180448963 0.00635145790874958 39
1698180449263 0.006937341298907995 40
1698180449575 0.0063152555376291275 41
1698180449886 0.0062853447161614895 42
1698180450209 0.0052998242899775505 43
1698180450515 0.005515224765986204 44
1698180450812 0.006037414073944092 45
1698180451139 0.005751201882958412 46
1698180451503 0.006434274837374687 47
1698180451824 0.005819360259920359 48
1698180452151 0.005984826013445854 49
