1698180437217 33.160560607910156 0
1698180437527 17.438480377197266 1
1698180437820 16.622417449951172 2
1698180438115 15.406698226928711 3
1698180438432 13.668328285217285 4
1698180438729 12.237016677856445 5
1698180439011 13.083067893981934 6
1698180439314 12.581838607788086 7
1698180439628 12.963960647583008 8
1698180439919 11.405183792114258 9
1698180440235 11.12119197845459 10
1698180440556 11.177982330322266 11
1698180440895 12.435567855834961 12
1698180441212 11.367049217224121 13
1698180441571 11.033220291137695 14
1698180441907 11.137297630310059 15
1698180442197 10.060689926147461 16
1698180442512 11.063316345214844 17
1698180442796 10.921059608459473 18
1698180443081 12.05212688446045 19
1698180443376 10.650083541870117 20
1698180443663 10.329586029052734 21
1698180443953 10.245429992675781 22
1698180444238 9.335826873779297 23
1698180444551 9.877408027648926 24
1698180444835 9.497004508972168 25
1698180445134 10.192008018493652 26
1698180445429 9.502117156982422 27
1698180445714 10.146864891052246 28
1698180445999 8.703253746032715 29
1698180446312 8.445428848266602 30
1698180446596 10.077285766601562 31
1698180446883 10.050553321838379 32
1698180447182 11.205216407775879 33
1698180447503 10.822521209716797 34
1698180447790 9.357316970825195 35
1698180448081 9.112318992614746 36
1698180448368 9.187332153320312 37
1698180448676 9.5418701171875 38
1698180448963 9.279038429260254 39
1698180449263 9.752900123596191 40
1698180449575 8.52934741973877 41
1698180449886 8.498047828674316 42
1698180450209 8.029443740844727 43
1698180450515 7.959506034851074 44
1698180450812 8.274251937866211 45
1698180451139 8.278825759887695 46
1698180451503 8.393646240234375 47
1698180451824 8.113038063049316 48
1698180452151 8.305981636047363 49
