1698183077448 301.7186584472656 0
1698183077779 51.22159957885742 1
1698183078088 37.889251708984375 2
1698183078394 34.20786666870117 3
1698183078710 44.74153137207031 4
1698183079020 35.510955810546875 5
1698183079322 38.74750518798828 6
1698183079637 26.5567626953125 7
1698183079968 30.053529739379883 8
1698183080287 28.88062286376953 9
1698183080592 32.08493423461914 10
1698183080915 28.266759872436523 11
1698183081229 30.08341407775879 12
1698183081557 26.129348754882812 13
1698183081900 26.13341522216797 14
1698183082207 26.416147232055664 15
1698183082566 29.516401290893555 16
1698183082935 24.260000228881836 17
1698183083260 29.150663375854492 18
1698183083664 23.182270050048828 19
1698183084104 28.05136489868164 20
1698183084455 21.98812484741211 21
1698183084794 22.323400497436523 22
1698183085091 29.29220962524414 23
1698183085395 18.947383880615234 24
1698183085692 19.41246795654297 25
1698183086023 22.00041389465332 26
1698183086346 20.577526092529297 27
1698183086653 19.226573944091797 28
1698183086951 23.845766067504883 29
1698183087257 20.335878372192383 30
1698183087562 28.411548614501953 31
1698183087883 21.871803283691406 32
1698183088177 22.320770263671875 33
1698183088502 21.52246856689453 34
1698183088816 19.74325942993164 35
1698183089138 20.7149600982666 36
1698183089470 19.74504280090332 37
1698183089777 18.972963333129883 38
1698183090087 21.07769012451172 39
1698183090389 19.24752426147461 40
1698183090697 19.511993408203125 41
1698183091036 20.60002326965332 42
1698183091368 19.662532806396484 43
1698183091675 24.03978729248047 44
1698183091983 28.449665069580078 45
1698183092285 30.75832748413086 46
1698183092595 17.367027282714844 47
1698183092920 19.55080223083496 48
1698183093246 21.832477569580078 49
