1698183077448 37.09352493286133 0
1698183077779 16.549945831298828 1
1698183078088 15.67557430267334 2
1698183078394 13.957674980163574 3
1698183078710 15.3897705078125 4
1698183079020 14.282517433166504 5
1698183079322 13.429947853088379 6
1698183079637 13.602434158325195 7
1698183079968 13.572113037109375 8
1698183080287 13.697802543640137 9
1698183080592 14.102984428405762 10
1698183080915 12.857468605041504 11
1698183081229 12.561013221740723 12
1698183081557 12.356954574584961 13
1698183081900 11.895644187927246 14
1698183082207 12.240181922912598 15
1698183082566 12.422175407409668 16
1698183082935 12.118694305419922 17
1698183083260 12.037985801696777 18
1698183083664 12.018685340881348 19
1698183084104 11.461853981018066 20
1698183084455 11.9710693359375 21
1698183084794 10.996196746826172 22
1698183085091 12.659418106079102 23
1698183085395 10.73608112335205 24
1698183085692 10.81816291809082 25
1698183086023 11.144330978393555 26
1698183086346 10.674560546875 27
1698183086653 11.035309791564941 28
1698183086951 11.487655639648438 29
1698183087257 11.18178653717041 30
1698183087562 12.036375999450684 31
1698183087883 11.2947998046875 32
1698183088177 10.946459770202637 33
1698183088502 10.521987915039062 34
1698183088816 10.386446952819824 35
1698183089138 10.895796775817871 36
1698183089470 10.60738754272461 37
1698183089777 11.00332260131836 38
1698183090087 11.304974555969238 39
1698183090389 10.690827369689941 40
1698183090697 10.85998249053955 41
1698183091036 11.265007972717285 42
1698183091368 10.776561737060547 43
1698183091675 12.19512939453125 44
1698183091983 12.680150032043457 45
1698183092285 12.486319541931152 46
1698183092595 10.316847801208496 47
1698183092920 10.814013481140137 48
1698183093246 10.103020668029785 49
