1698184670340 352.31719970703125 0
1698184670500 74.54804229736328 1
1698184670649 66.47422790527344 2
1698184670796 59.81070327758789 3
1698184670948 53.581748962402344 4
1698184671100 48.54611587524414 5
1698184671268 41.251800537109375 6
1698184671416 46.05184555053711 7
1698184671565 42.45609664916992 8
1698184671714 43.300865173339844 9
1698184671860 40.90734100341797 10
1698184672002 32.10926818847656 11
1698184672167 33.79862976074219 12
1698184672314 32.70439529418945 13
1698184672454 29.93946075439453 14
1698184672601 32.76094436645508 15
1698184672751 32.24904251098633 16
1698184672909 33.79441452026367 17
1698184673066 25.443424224853516 18
1698184673246 31.11181640625 19
1698184673398 25.232364654541016 20
1698184673541 31.331592559814453 21
1698184673689 24.947996139526367 22
1698184673843 25.58561134338379 23
1698184674005 27.077306747436523 24
1698184674297 25.35544776916504 25
1698184674532 29.946609497070312 26
1698184674697 21.776025772094727 27
1698184674862 24.034082412719727 28
1698184675022 23.707340240478516 29
1698184675192 28.005598068237305 30
1698184675354 23.82781219482422 31
1698184675524 25.78082275390625 32
1698184675702 28.919357299804688 33
1698184675881 27.603172302246094 34
1698184676024 27.14494514465332 35
1698184676182 32.893836975097656 36
1698184676340 27.323156356811523 37
1698184676493 26.639158248901367 38
1698184676649 25.667034149169922 39
1698184676800 26.797264099121094 40
1698184676953 25.78754997253418 41
1698184677101 28.9866943359375 42
1698184677268 26.988920211791992 43
1698184677418 25.411136627197266 44
1698184677567 27.234039306640625 45
1698184677716 22.09433364868164 46
1698184677864 21.750499725341797 47
1698184678002 27.72051429748535 48
1698184678157 24.11952018737793 49
