1698187529776 1.6242351531982422 0
1698187530236 0.4132988154888153 1
1698187530733 0.3170839846134186 2
1698187531192 0.3356369435787201 3
1698187531661 0.37388113141059875 4
1698187532115 0.33616331219673157 5
1698187532586 0.2877419590950012 6
1698187533044 0.26455286145210266 7
1698187533508 0.306882381439209 8
1698187533991 0.25720319151878357 9
1698187534549 0.33326777815818787 10
1698187535067 0.24867193400859833 11
1698187535554 0.25518998503685 12
1698187536090 0.2398815006017685 13
1698187536615 0.1975206881761551 14
1698187537087 0.21277150511741638 15
1698187537653 0.24670979380607605 16
1698187538109 0.24147634208202362 17
1698187538566 0.24652041494846344 18
1698187539030 0.2199438512325287 19
1698187539503 0.2448040097951889 20
1698187539959 0.22971470654010773 21
1698187540439 0.25692322850227356 22
1698187540892 0.21343031525611877 23
1698187541373 0.20210832357406616 24
1698187541832 0.21978527307510376 25
1698187542285 0.22997073829174042 26
1698187542767 0.19177064299583435 27
1698187543228 0.22873462736606598 28
1698187543702 0.22966459393501282 29
1698187544163 0.245552659034729 30
1698187544619 0.19725869596004486 31
1698187545077 0.2073330581188202 32
1698187545553 0.20223088562488556 33
1698187546012 0.2166885882616043 34
1698187546492 0.1938331574201584 35
1698187546939 0.20544956624507904 36
1698187547399 0.2117861658334732 37
1698187547869 0.18134911358356476 38
1698187548322 0.2021019011735916 39
1698187548832 0.235661119222641 40
1698187549402 0.1946749985218048 41
1698187549879 0.1757679432630539 42
1698187550357 0.22930903732776642 43
1698187550930 0.20779626071453094 44
1698187551467 0.20859874784946442 45
1698187551964 0.1784355342388153 46
1698187552508 0.183060884475708 47
1698187552962 0.17866438627243042 48
1698187553445 0.21526098251342773 49
