1698186609928 31.040998458862305 0
1698186610129 14.268202781677246 1
1698186610330 12.193658828735352 2
1698186610577 10.890876770019531 3
1698186610808 11.177000999450684 4
1698186611040 11.64848804473877 5
1698186611243 10.810861587524414 6
1698186611427 11.173337936401367 7
1698186611622 11.876215934753418 8
1698186611829 10.221015930175781 9
1698186612022 12.072799682617188 10
1698186612212 12.326735496520996 11
1698186612405 10.641079902648926 12
1698186612600 10.332676887512207 13
1698186612815 11.152145385742188 14
1698186613011 10.266275405883789 15
1698186613203 10.063544273376465 16
1698186613387 10.541656494140625 17
1698186613577 11.820263862609863 18
1698186613789 12.962109565734863 19
1698186613988 10.302509307861328 20
1698186614182 12.197639465332031 21
1698186614373 10.744732856750488 22
1698186614565 10.395849227905273 23
1698186614849 10.066313743591309 24
1698186615100 10.050117492675781 25
1698186615310 10.551104545593262 26
1698186615504 10.83571720123291 27
1698186615718 12.005635261535645 28
1698186615910 10.672818183898926 29
1698186616112 10.120576858520508 30
1698186616321 9.676182746887207 31
1698186616513 10.437132835388184 32
1698186616702 10.512252807617188 33
1698186616882 10.475245475769043 34
1698186617073 9.484243392944336 35
1698186617263 10.711601257324219 36
1698186617446 9.870468139648438 37
1698186617626 9.84505558013916 38
1698186617842 10.063944816589355 39
1698186618038 10.39527416229248 40
1698186618230 10.630179405212402 41
1698186618427 10.043827056884766 42
1698186618625 10.726729393005371 43
1698186618847 9.8661470413208 44
1698186619036 9.430088996887207 45
1698186619228 9.784937858581543 46
1698186619413 9.544193267822266 47
1698186619602 11.093207359313965 48
1698186619820 9.986067771911621 49
