1698226099712 216740144.0 0
1698226101599 199733888.0 1
1698226104097 98872544.0 2
1698226105821 27727576.0 3
1698226106753 16007236.0 4
1698226107724 14227716.0 5
1698226109740 15548161.0 6
1698226111316 12596695.0 7
1698226112333 12979060.0 8
1698226113335 12559603.0 9
1698226114353 11326544.0 10
1698226115766 10977809.0 11
1698226116720 9953373.0 12
1698226118187 8857058.0 13
1698226119125 9599463.0 14
1698226120666 8545683.0 15
1698226121716 8566881.0 16
1698226122727 8496630.0 17
1698226123778 7408609.5 18
1698226125597 8474243.0 19
1698226127033 7743467.0 20
1698226128632 8393740.0 21
1698226130195 7573398.0 22
1698226131338 7386047.5 23
1698226132547 7298216.0 24
1698226134132 6752918.0 25
1698226135707 7712303.5 26
1698226137284 7532303.0 27
1698226139407 6794099.5 28
1698226141026 7257054.5 29
1698226141921 7454654.0 30
1698226143214 7499036.0 31
1698226144381 7223699.0 32
1698226145801 6826385.5 33
1698226147451 7151292.0 34
1698226148749 7086917.0 35
1698226150124 5837336.0 36
1698226152167 6105568.5 37
1698226153847 5723879.5 38
1698226154852 6152903.5 39
1698226156134 6024434.0 40
1698226157013 5775688.5 41
1698226158259 5778549.0 42
1698226159533 6158612.5 43
1698226161416 5389543.5 44
1698226162582 5833950.0 45
1698226164406 6125655.0 46
1698226165648 5231288.0 47
1698226167312 5673796.0 48
1698226168211 4942692.0 49
