1698226099712 22329.26953125 0
1698226101599 46799.875 1
1698226104097 246905.5 2
1698226105821 501171.1875 3
1698226106753 500073.03125 4
1698226107724 475160.21875 5
1698226109740 469561.375 6
1698226111316 485057.59375 7
1698226112333 455967.53125 8
1698226113335 468178.125 9
1698226114353 442921.9375 10
1698226115766 433884.21875 11
1698226116720 439566.5 12
1698226118187 416595.25 13
1698226119125 406413.03125 14
1698226120666 415191.4375 15
1698226121716 373179.0625 16
1698226122727 396227.90625 17
1698226123778 363908.09375 18
1698226125597 367110.75 19
1698226127033 366418.9375 20
1698226128632 351613.78125 21
1698226130195 369539.375 22
1698226131338 337031.40625 23
1698226132547 328563.125 24
1698226134132 322141.34375 25
1698226135707 309601.6875 26
1698226137284 308445.125 27
1698226139407 292430.125 28
1698226141026 306827.28125 29
1698226141921 304262.8125 30
1698226143214 297090.5625 31
1698226144381 292594.875 32
1698226145801 273205.03125 33
1698226147451 293520.84375 34
1698226148749 275039.375 35
1698226150124 278384.28125 36
1698226152167 258882.953125 37
1698226153847 254288.484375 38
1698226154852 253383.5625 39
1698226156134 232232.515625 40
1698226157013 249366.546875 41
1698226158259 237342.546875 42
1698226159533 243346.640625 43
1698226161416 231085.9375 44
1698226162582 225818.65625 45
1698226164406 228125.1875 46
1698226165648 223405.6875 47
1698226167312 234254.390625 48
1698226168211 230706.03125 49
