1698185458808 1519.8466796875 0
1698185458953 170.36961364746094 1
1698185459098 152.966064453125 2
1698185459240 157.35873413085938 3
1698185459388 117.24061584472656 4
1698185459556 129.437255859375 5
1698185459707 122.2874755859375 6
1698185459862 111.5726318359375 7
1698185460008 135.52113342285156 8
1698185460152 118.61370086669922 9
1698185460294 126.14657592773438 10
1698185460442 116.83285522460938 11
1698185460598 112.05191040039062 12
1698185460734 121.01565551757812 13
1698185460892 102.58607482910156 14
1698185461047 104.66056823730469 15
1698185461270 158.31834411621094 16
1698185461466 110.41268920898438 17
1698185461625 132.17465209960938 18
1698185461757 122.52509307861328 19
1698185461894 129.84825134277344 20
1698185462041 96.02364349365234 21
1698185462193 108.15887451171875 22
1698185462388 117.11178588867188 23
1698185462558 109.99237060546875 24
1698185462714 153.9825897216797 25
1698185462858 100.35071563720703 26
1698185463004 134.45091247558594 27
1698185463164 139.4663543701172 28
1698185463314 112.5912094116211 29
1698185463483 99.16921997070312 30
1698185463691 105.92350006103516 31
1698185463862 111.11769104003906 32
1698185464004 116.58596801757812 33
1698185464149 123.08076477050781 34
1698185464291 151.87762451171875 35
1698185464437 166.4058074951172 36
1698185464593 140.46351623535156 37
1698185464730 115.28816223144531 38
1698185464877 101.5532455444336 39
1698185465020 148.84275817871094 40
1698185465165 99.30982971191406 41
1698185465306 108.47496032714844 42
1698185465448 116.23306274414062 43
1698185465603 132.49490356445312 44
1698185465747 130.19476318359375 45
1698185465890 175.0024871826172 46
1698185466030 226.32794189453125 47
1698185466195 119.61786651611328 48
1698185466341 124.81766510009766 49
