1698185458808 19.838571548461914 0
1698185458953 7.485811710357666 1
1698185459098 7.361916542053223 2
1698185459240 6.844703197479248 3
1698185459388 6.1692047119140625 4
1698185459556 6.2050371170043945 5
1698185459707 6.1004414558410645 6
1698185459862 6.119390487670898 7
1698185460008 6.639567852020264 8
1698185460152 6.063767433166504 9
1698185460294 6.564852714538574 10
1698185460442 6.1616082191467285 11
1698185460598 6.116970539093018 12
1698185460734 6.003484725952148 13
1698185460892 5.843679428100586 14
1698185461047 5.687970161437988 15
1698185461270 7.985523700714111 16
1698185461466 5.770880222320557 17
1698185461625 6.695046424865723 18
1698185461757 6.295734405517578 19
1698185461894 6.941330432891846 20
1698185462041 5.341836929321289 21
1698185462193 6.088560104370117 22
1698185462388 6.111327648162842 23
1698185462558 5.605815887451172 24
1698185462714 7.277867317199707 25
1698185462858 5.5016679763793945 26
1698185463004 6.556053161621094 27
1698185463164 7.0609965324401855 28
1698185463314 5.941775798797607 29
1698185463483 5.495788097381592 30
1698185463691 5.9418416023254395 31
1698185463862 5.983553409576416 32
1698185464004 5.973326683044434 33
1698185464149 5.809739589691162 34
1698185464291 7.304257869720459 35
1698185464437 8.167459487915039 36
1698185464593 7.217190265655518 37
1698185464730 5.7970428466796875 38
1698185464877 5.9127197265625 39
1698185465020 7.139292240142822 40
1698185465165 5.571802139282227 41
1698185465306 5.843605995178223 42
1698185465448 6.434292316436768 43
1698185465603 6.532883167266846 44
1698185465747 6.455953121185303 45
1698185465890 8.042675971984863 46
1698185466030 9.17737102508545 47
1698185466195 6.288591384887695 48
1698185466341 6.666595935821533 49
