1698151377038 78.9937973022461 0
1698151377819 54.112998962402344 1
1698151378665 45.246707916259766 2
1698151379509 33.7412109375 3
1698151380274 27.35971450805664 4
1698151381073 23.643600463867188 5
1698151381934 21.660125732421875 6
1698151382837 19.775930404663086 7
1698151383719 18.348764419555664 8
1698151384500 17.311044692993164 9
1698151385281 16.42477798461914 10
1698151386077 15.562353134155273 11
1698151386872 15.32272720336914 12
1698151387711 14.77093505859375 13
1698151388570 14.241243362426758 14
1698151389374 14.161638259887695 15
1698151390234 13.736052513122559 16
1698151391196 13.600464820861816 17
1698151391978 12.957231521606445 18
1698151392785 13.044772148132324 19
1698151393534 12.916274070739746 20
1698151394390 12.593945503234863 21
1698151395182 12.402355194091797 22
1698151395954 12.348909378051758 23
1698151396728 12.528853416442871 24
1698151397564 12.506341934204102 25
1698151398429 12.051736831665039 26
1698151399251 12.034419059753418 27
1698151400102 11.959088325500488 28
1698151400892 11.906346321105957 29
1698151401677 11.903538703918457 30
1698151402441 11.731172561645508 31
1698151403265 11.91427993774414 32
1698151404190 11.670783996582031 33
1698151405081 11.666479110717773 34
1698151405865 11.965413093566895 35
1698151406644 12.19225025177002 36
1698151407415 11.745129585266113 37
1698151408191 11.820340156555176 38
1698151409033 11.663505554199219 39
1698151409828 11.443573951721191 40
1698151410635 12.231197357177734 41
1698151411573 11.72960376739502 42
1698151412376 11.413792610168457 43
1698151413118 11.454521179199219 44
1698151413944 11.4840726852417 45
1698151414708 11.545524597167969 46
1698151415542 11.510479927062988 47
1698151416340 11.43299388885498 48
1698151417128 11.453664779663086 49
1698151417871 11.510492324829102 50
1698151418796 11.34980297088623 51
1698151419787 11.239007949829102 52
1698151420636 11.618192672729492 53
1698151421415 11.876211166381836 54
