1698183677716 27.998014450073242 0
1698183678029 13.379406929016113 1
1698183678351 12.069464683532715 2
1698183678649 14.385784149169922 3
1698183678951 11.397016525268555 4
1698183679300 11.269681930541992 5
1698183679627 12.653687477111816 6
1698183679930 12.354290962219238 7
1698183680237 10.22777271270752 8
1698183680540 9.496672630310059 9
1698183680862 10.990942001342773 10
1698183681179 10.314353942871094 11
1698183681584 11.358983993530273 12
1698183681905 9.333489418029785 13
1698183682222 11.006327629089355 14
1698183682573 11.341679573059082 15
1698183682899 13.0590238571167 16
1698183683197 9.418947219848633 17
1698183683519 9.3253173828125 18
1698183683817 11.68114185333252 19
1698183684129 12.719893455505371 20
1698183684427 10.80422592163086 21
1698183684722 9.553342819213867 22
1698183685038 9.45641803741455 23
1698183685330 9.738387107849121 24
1698183685626 9.171545028686523 25
1698183685937 9.63599681854248 26
1698183686246 10.0064115524292 27
1698183686559 10.445700645446777 28
1698183686864 9.261967658996582 29
1698183687167 9.00330638885498 30
1698183687461 14.52055549621582 31
1698183687755 11.098549842834473 32
1698183688067 9.880378723144531 33
1698183688374 9.502401351928711 34
1698183688670 10.097731590270996 35
1698183688990 8.199653625488281 36
1698183689288 9.92054557800293 37
1698183689586 8.006932258605957 38
1698183689880 8.750011444091797 39
1698183690201 9.097067832946777 40
1698183690498 8.419291496276855 41
1698183690787 8.761519432067871 42
1698183691096 7.966168403625488 43
1698183691398 8.37346076965332 44
1698183691775 8.807334899902344 45
1698183692090 8.348536491394043 46
1698183692403 8.559146881103516 47
1698183692725 9.432867050170898 48
1698183693025 10.555863380432129 49
