1698176850332 0.021566253155469894 0
1698176850704 0.0016506817191839218 1
1698176850979 0.0011777582112699747 2
1698176851275 0.0011229518568143249 3
1698176851481 0.0010181940160691738 4
1698176851709 0.001118422718718648 5
1698176851931 0.000994403613731265 6
1698176852178 0.0009274219046346843 7
1698176852511 0.0009910932276397943 8
1698176852750 0.0010462880600243807 9
1698176852964 0.0009272650349885225 10
1698176853205 0.0009075292036868632 11
1698176853415 0.0009446563781239092 12
1698176853651 0.0008759123156778514 13
1698176853926 0.000881582556758076 14
1698176854132 0.0009013665257953107 15
