1698152082678 321.3111267089844 0
1698152085123 217.67919921875 1
1698152087966 149.3175811767578 2
1698152090423 131.58253479003906 3
1698152093009 113.48397064208984 4
1698152095609 101.639892578125 5
1698152098213 94.16309356689453 6
1698152100696 94.48442077636719 7
1698152103439 88.09525299072266 8
1698152105890 79.0146255493164 9
1698152108531 80.59032440185547 10
1698152111284 77.37825775146484 11
1698152113806 87.34101104736328 12
1698152116368 65.64334869384766 13
1698152118924 76.7857437133789 14
1698152121461 61.262451171875 15
1698152124037 57.57318115234375 16
1698152126594 56.4708366394043 17
1698152129061 62.28927993774414 18
1698152131770 61.58870315551758 19
1698152134204 54.8834228515625 20
1698152136771 53.95552062988281 21
1698152139487 55.738365173339844 22
