1698174678007 0.10171408206224442 0
1698174678367 0.02930356375873089 1
1698174678704 0.02303449437022209 2
1698174679049 0.017741849645972252 3
1698174679407 0.01820731908082962 4
1698174679778 0.020379504188895226 5
1698174680158 0.02253009006381035 6
1698174680593 0.020125238224864006 7
1698174680986 0.016084764152765274 8
1698174681366 0.016434721648693085 9
1698174681703 0.015656813979148865 10
1698174682045 0.01502977404743433 11
1698174682388 0.016441937536001205 12
1698174682742 0.01676531694829464 13
1698174683090 0.01412964053452015 14
1698174683429 0.01269011851400137 15
1698174683763 0.012140791863203049 16
1698174684100 0.012504923157393932 17
1698174684455 0.010986264795064926 18
1698174684793 0.010870109312236309 19
1698174685131 0.011752469465136528 20
1698174685489 0.015514030121266842 21
1698174685835 0.012801004573702812 22
1698174686192 0.011243212968111038 23
1698174686533 0.01190920453518629 24
1698174686865 0.014917191118001938 25
1698174687212 0.013365897350013256 26
1698174687554 0.012523812241852283 27
1698174687904 0.011407891288399696 28
1698174688265 0.0127580426633358 29
1698174688684 0.010364525951445103 30
1698174689068 0.01157817617058754 31
1698174689601 0.011694768443703651 32
1698174690112 0.012861708179116249 33
1698174690596 0.01224643737077713 34
1698174690963 0.011067893356084824 35
1698174691464 0.009971392340958118 36
1698174691836 0.010047338902950287 37
1698174692213 0.010786459781229496 38
1698174692716 0.010084792971611023 39
1698174693112 0.01088250707834959 40
1698174693500 0.010037485510110855 41
1698174693889 0.00939721055328846 42
1698174694305 0.009389007464051247 43
1698174694780 0.00887882336974144 44
1698174695142 0.009438781067728996 45
1698174695479 0.009651684202253819 46
1698174695807 0.012467860244214535 47
1698174696178 0.010291626676917076 48
1698174696522 0.009371336549520493 49
