1698187648581 17.46799659729004 0
1698187648918 10.380472183227539 1
1698187649245 9.202601432800293 2
1698187649561 8.877287864685059 3
1698187649888 8.715802192687988 4
1698187650226 8.80894947052002 5
1698187650550 8.313980102539062 6
1698187650884 8.37903118133545 7
1698187651200 7.815659046173096 8
1698187651525 8.270791053771973 9
1698187651845 8.683633804321289 10
1698187652165 8.166434288024902 11
1698187652492 8.414836883544922 12
1698187652819 7.643738269805908 13
1698187653148 7.692294597625732 14
1698187653464 8.203227996826172 15
1698187653776 7.339380741119385 16
1698187654115 7.386133193969727 17
1698187654442 7.379926681518555 18
1698187654760 7.7615838050842285 19
1698187655109 7.192553520202637 20
1698187655444 7.256848335266113 21
1698187655790 7.103890895843506 22
1698187656201 6.8781232833862305 23
1698187656549 8.37198257446289 24
1698187656876 7.930804252624512 25
1698187657210 8.2121000289917 26
1698187657615 6.874937057495117 27
1698187657953 6.907524108886719 28
1698187658308 7.341926574707031 29
1698187658675 7.473823547363281 30
1698187659098 7.508314609527588 31
1698187659423 7.086645603179932 32
1698187659741 7.442947864532471 33
1698187660065 6.721503734588623 34
1698187660402 7.084012508392334 35
1698187660726 6.841990947723389 36
1698187661063 7.843854904174805 37
1698187661380 6.943233489990234 38
1698187661695 7.046796798706055 39
1698187662034 7.28635311126709 40
1698187662363 7.185621738433838 41
1698187662670 7.39805793762207 42
1698187662986 7.744349956512451 43
1698187663305 6.955378532409668 44
1698187663652 6.332429885864258 45
1698187663966 7.046586990356445 46
1698187664297 6.9071125984191895 47
1698187664614 7.386155128479004 48
1698187664949 7.22739315032959 49
