1698179611606 0.08085000514984131 0
1698179611826 0.008799106813967228 1
1698179612065 0.007625212427228689 2
1698179612301 0.007601271383464336 3
1698179612531 0.006989139597862959 4
1698179612750 0.00647246278822422 5
1698179612993 0.006070334929972887 6
1698179613210 0.005642178934067488 7
1698179613447 0.005517897196114063 8
1698179613667 0.00567257683724165 9
1698179613887 0.006218924652785063 10
1698179614105 0.00659828819334507 11
1698179614327 0.005615484435111284 12
1698179614544 0.006361424922943115 13
1698179614764 0.0053249322809278965 14
1698179615000 0.0050683170557022095 15
1698179615245 0.005262671038508415 16
1698179615477 0.005177267361432314 17
1698179615703 0.004688390530645847 18
1698179615932 0.004884748253971338 19
1698179616157 0.005237244535237551 20
1698179616386 0.005830324254930019 21
1698179616615 0.004857891239225864 22
1698179616862 0.004598924424499273 23
1698179617087 0.004978666082024574 24
1698179617308 0.0053598033264279366 25
1698179617542 0.004588880576193333 26
1698179617794 0.005325447767972946 27
1698179618044 0.00504071731120348 28
1698179618275 0.0050859577022492886 29
1698179618581 0.004484531469643116 30
1698179618846 0.004619419574737549 31
1698179619082 0.004876236896961927 32
1698179619333 0.004757164511829615 33
1698179619562 0.0048332782462239265 34
1698179619784 0.004403379745781422 35
1698179620021 0.005165049806237221 36
1698179620254 0.004707778338342905 37
1698179620475 0.004351484589278698 38
1698179620697 0.004702412523329258 39
1698179620925 0.005491586867719889 40
1698179621133 0.004234551917761564 41
1698179621357 0.004693349823355675 42
1698179621571 0.0045814355835318565 43
1698179621820 0.004770562052726746 44
1698179622035 0.004708633758127689 45
1698179622249 0.005140360910445452 46
1698179622498 0.004278208594769239 47
1698179622742 0.005212715826928616 48
1698179622961 0.004809324163943529 49
