1698179611606 26.036401748657227 0
1698179611826 10.643997192382812 1
1698179612065 7.319721221923828 2
1698179612301 7.34185266494751 3
1698179612531 6.8582048416137695 4
1698179612750 6.837808132171631 5
1698179612993 6.674102306365967 6
1698179613210 6.309837341308594 7
1698179613447 6.1072282791137695 8
1698179613667 6.470767021179199 9
1698179613887 6.602550506591797 10
1698179614105 7.120047569274902 11
1698179614327 6.479800701141357 12
1698179614544 6.606165885925293 13
1698179614764 5.788174629211426 14
1698179615000 5.832282066345215 15
1698179615245 6.012343406677246 16
1698179615477 6.013884544372559 17
1698179615703 5.749998092651367 18
1698179615932 5.902688980102539 19
1698179616157 6.488354682922363 20
1698179616386 6.703094959259033 21
1698179616615 5.893115043640137 22
1698179616862 5.687675476074219 23
1698179617087 5.778116226196289 24
1698179617308 5.762353420257568 25
1698179617542 5.480490684509277 26
1698179617794 6.611692428588867 27
1698179618044 5.775008201599121 28
1698179618275 6.128676414489746 29
1698179618581 6.274578094482422 30
1698179618846 6.272383689880371 31
1698179619082 6.146429538726807 32
1698179619333 5.728422164916992 33
1698179619562 6.032621383666992 34
1698179619784 6.218441486358643 35
1698179620021 5.9214677810668945 36
1698179620254 5.4237260818481445 37
1698179620475 5.530782699584961 38
1698179620697 5.764250755310059 39
1698179620925 6.131102561950684 40
1698179621133 5.703820705413818 41
1698179621357 5.914305686950684 42
1698179621571 5.538241863250732 43
1698179621820 5.8906450271606445 44
1698179622035 5.58392333984375 45
1698179622249 5.65394926071167 46
1698179622498 5.19197940826416 47
1698179622742 6.176478385925293 48
1698179622961 5.8866472244262695 49
