1698185854815 1606.0662841796875 0
1698185854955 38289.48828125 1
1698185855113 12627.6953125 2
1698185855269 30161.630859375 3
1698185855441 25674.099609375 4
1698185855593 26748.015625 5
1698185855744 22612.81640625 6
1698185855889 25147.099609375 7
1698185856064 34802.546875 8
1698185856245 28290.89453125 9
1698185856401 29908.98046875 10
1698185856548 24577.31640625 11
1698185856686 38631.76953125 12
1698185856825 28128.228515625 13
1698185856968 30972.84765625 14
1698185857115 29770.94140625 15
1698185857269 34273.24609375 16
1698185857432 25312.009765625 17
1698185857599 30453.658203125 18
1698185857818 26887.54296875 19
1698185857951 29449.5859375 20
1698185858097 36218.69140625 21
1698185858235 24425.30078125 22
1698185858393 28052.96484375 23
1698185858533 27023.279296875 24
1698185858672 36380.87109375 25
1698185858823 33099.05859375 26
1698185858956 29135.41015625 27
1698185859099 29830.30078125 28
1698185859253 28085.56640625 29
1698185859394 35060.83203125 30
1698185859560 28469.005859375 31
1698185859699 31019.400390625 32
1698185859828 29090.294921875 33
1698185859967 32530.685546875 34
1698185860105 31777.3671875 35
1698185860241 28795.390625 36
1698185860386 32089.888671875 37
1698185860526 33923.19921875 38
1698185860669 37363.6015625 39
1698185860823 26974.998046875 40
1698185860956 32949.15234375 41
1698185861092 29532.896484375 42
1698185861250 29873.595703125 43
1698185861391 34394.109375 44
1698185861532 36185.62109375 45
1698185861670 29611.62109375 46
1698185861818 41179.9453125 47
1698185861966 22341.40625 48
1698185862104 32978.125 49
