1698161535600 14651.6962890625 0
1698161536230 52406.5703125 1
1698161536852 74292.9296875 2
1698161537523 65607.25 3
1698161538396 68119.15625 4
1698161539018 70890.2265625 5
1698161539638 59423.05078125 6
1698161540240 69647.5078125 7
1698161540861 58764.94921875 8
1698161541566 66384.6640625 9
1698161542281 71453.8828125 10
1698161542935 48595.0390625 11
1698161543653 53691.0 12
1698161544379 63237.53125 13
1698161545067 64538.5 14
1698161545702 65937.484375 15
1698161546373 57605.5703125 16
1698161547258 54512.08984375 17
1698161547923 64789.40625 18
1698161548541 56446.59375 19
1698161549292 51984.42578125 20
1698161549929 53845.07421875 21
1698161550585 45898.4609375 22
1698161551339 52653.94140625 23
1698161551972 59894.9921875 24
1698161552614 56911.26953125 25
1698161553233 50289.2578125 26
1698161553858 56480.63671875 27
1698161554599 57274.53515625 28
