1698173798544 31152.064453125 0
1698173798997 49147.05078125 1
1698173799455 13847.533203125 2
1698173799903 9628.7392578125 3
1698173800331 13301.73046875 4
1698173800799 742.6685180664062 5
1698173801252 8316.00390625 6
1698173801747 4226.412109375 7
1698173802211 3534.623779296875 8
1698173802646 9425.0146484375 9
1698173803096 7259.310546875 10
1698173803526 5629.552734375 11
1698173803978 2877.039306640625 12
1698173804438 9821.0419921875 13
1698173804910 3808.177001953125 14
1698173805341 12173.31640625 15
1698173805796 3132.475830078125 16
1698173806225 7552.10888671875 17
1698173806674 8118.07421875 18
1698173807090 6107.4365234375 19
1698173807564 5620.0732421875 20
1698173808008 4841.1396484375 21
1698173808436 2479.11865234375 22
1698173808893 3628.537109375 23
1698173809328 2584.595947265625 24
1698173809856 5450.05615234375 25
1698173810296 8910.9775390625 26
1698173810966 5391.7841796875 27
1698173811562 4321.9404296875 28
1698173812023 3641.27001953125 29
1698173812515 4122.24853515625 30
1698173813004 294.13720703125 31
1698173813589 381.07470703125 32
1698173814070 7394.19384765625 33
1698173814536 7834.45654296875 34
1698173815036 8249.7724609375 35
1698173815608 1470.360595703125 36
1698173816059 7806.5625 37
1698173816488 6429.7900390625 38
1698173816939 1048.541748046875 39
1698173817363 3794.914794921875 40
1698173817885 550.61181640625 41
1698173818325 8662.361328125 42
1698173818845 5428.4287109375 43
1698173819308 6414.58642578125 44
1698173819737 2948.99853515625 45
1698173820191 4276.4208984375 46
1698173820644 6508.8525390625 47
1698173821091 998.0087890625 48
1698173821515 4234.728515625 49
