1698187031546 108.90570068359375 0
1698187031784 57.298126220703125 1
1698187032017 15.424813270568848 2
1698187032268 12.439223289489746 3
1698187032513 11.880071640014648 4
1698187032753 11.752233505249023 5
1698187032993 11.845001220703125 6
1698187033252 11.330327987670898 7
1698187033488 11.470586776733398 8
1698187033727 10.87509822845459 9
1698187033962 10.632234573364258 10
1698187034223 10.490043640136719 11
1698187034470 10.502704620361328 12
1698187034726 10.373641014099121 13
1698187035033 10.271357536315918 14
1698187035284 10.242466926574707 15
1698187035518 10.0770845413208 16
1698187035759 9.943477630615234 17
1698187036005 9.73619556427002 18
1698187036266 9.453858375549316 19
1698187036502 9.576314926147461 20
1698187036752 9.312625885009766 21
1698187036985 9.341163635253906 22
1698187037237 8.960029602050781 23
1698187037484 9.01998233795166 24
1698187037741 9.185558319091797 25
1698187037993 9.01391315460205 26
1698187038312 8.828446388244629 27
1698187038602 8.692145347595215 28
1698187038838 9.145285606384277 29
1698187039085 8.741628646850586 30
1698187039372 8.734604835510254 31
1698187039666 8.374088287353516 32
1698187039923 8.731175422668457 33
1698187040205 8.712567329406738 34
1698187040467 8.251322746276855 35
1698187040723 8.112787246704102 36
1698187041024 8.5426025390625 37
1698187041284 8.371752738952637 38
1698187041520 8.428969383239746 39
1698187041756 8.356405258178711 40
1698187041994 8.20772647857666 41
1698187042258 8.370819091796875 42
1698187042503 8.04520034790039 43
1698187042747 8.49279499053955 44
1698187042975 7.9752726554870605 45
1698187043242 7.940159320831299 46
1698187043484 7.982991695404053 47
1698187043724 8.064870834350586 48
1698187043973 7.781251907348633 49
