1698155966839 0.05706898868083954 0
1698155968656 0.02918967232108116 1
1698155970281 0.0187044907361269 2
1698155971592 0.01485222764313221 3
1698155972866 0.012262528762221336 4
1698155974344 0.010123192332684994 5
1698155975702 0.008549469523131847 6
1698155977503 0.007750030141323805 7
1698155979343 0.00715491222217679 8
1698155981178 0.006727094296365976 9
1698155982923 0.006096328608691692 10
1698155985141 0.005542775150388479 11
1698155987708 0.00524115888401866 12
1698155990088 0.004872786812484264 13
1698155992402 0.004667045548558235 14
1698155994880 0.004569948650896549 15
1698155997361 0.004114587791264057 16
1698156000019 0.00402087951079011 17
1698156002780 0.003824798157438636 18
1698156004865 0.0037934239953756332 19
1698156007209 0.0036311354488134384 20
1698156009346 0.0035708905197679996 21
1698156011714 0.0036763884127140045 22
1698156014324 0.0034426350612193346 23
1698156017501 0.0034776530228555202 24
1698156020561 0.0034538840409368277 25
1698156023308 0.003449679585173726 26
1698156025879 0.0036599126178771257 27
1698156028822 0.003532334230840206 28
1698156031546 0.003494606353342533 29
1698156033842 0.0034277033992111683 30
1698156036339 0.003474522614851594 31
1698156039101 0.003287060186266899 32
