1698155966839 142748.65625 0
1698155968656 66481.84375 1
1698155970281 71016.84375 2
1698155971592 77069.7578125 3
1698155972866 63671.8046875 4
1698155974344 73262.5625 5
1698155975702 49627.67578125 6
1698155977503 66436.6328125 7
1698155979343 55026.5625 8
1698155981178 60330.765625 9
1698155982923 57141.82421875 10
1698155985141 53572.05859375 11
1698155987708 42911.828125 12
1698155990088 61921.21484375 13
1698155992402 49569.53515625 14
1698155994880 58051.26953125 15
1698155997361 41612.703125 16
1698156000019 54392.8984375 17
1698156002780 56681.78125 18
1698156004865 46938.55078125 19
1698156007209 45369.9765625 20
1698156009346 36970.96484375 21
1698156011714 41104.65234375 22
1698156014324 44009.19140625 23
1698156017501 41768.94140625 24
1698156020561 37738.19140625 25
1698156023308 42987.09375 26
1698156025879 33418.35546875 27
1698156028822 39707.44921875 28
1698156031546 44750.55078125 29
1698156033842 42147.3125 30
1698156036339 32388.998046875 31
1698156039101 47993.8671875 32
