1698152358807 0.002997505711391568 0
1698152359518 0.002448452403768897 1
1698152360122 0.0013745889300480485 2
1698152360755 0.001092483289539814 3
1698152361375 0.0008438112563453615 4
1698152362001 0.0007128917495720088 5
1698152362664 0.0006243175594136119 6
1698152363300 0.0005602670134976506 7
1698152363931 0.0005063604912720621 8
1698152364558 0.00047554829507134855 9
1698152365172 0.00042306073009967804 10
1698152365775 0.00040535247535444796 11
1698152366494 0.0003764225693885237 12
1698152367196 0.0003844630846288055 13
1698152367860 0.00034290991607122123 14
1698152368465 0.00034601258812472224 15
1698152369170 0.00032647018088027835 16
1698152369784 0.00033016077941283584 17
1698152370425 0.0002986841427627951 18
1698152371116 0.0002909750328399241 19
1698152371731 0.0002974707749672234 20
1698152372347 0.0002861790417227894 21
1698152373032 0.0002698067401070148 22
1698152373887 0.00028631679015234113 23
1698152374481 0.00027164019411429763 24
1698152375106 0.00025308949989266694 25
1698152375769 0.0002687324595171958 26
1698152376394 0.0002472693449817598 27
