1698177966611 26.007488250732422 0
1698177966724 13.312722206115723 1
1698177966848 12.135272026062012 2
1698177966975 11.539196968078613 3
1698177967101 11.236957550048828 4
1698177967213 11.263071060180664 5
1698177967330 10.447470664978027 6
1698177967458 10.657923698425293 7
1698177967587 9.978388786315918 8
1698177967734 9.772831916809082 9
1698177967866 9.912323951721191 10
1698177967994 9.674215316772461 11
1698177968119 9.71099853515625 12
1698177968268 10.19070816040039 13
1698177968417 9.217606544494629 14
1698177968546 9.228988647460938 15
1698177968665 9.584650993347168 16
1698177968819 9.548832893371582 17
1698177968950 9.24243450164795 18
1698177969074 8.938619613647461 19
1698177969202 9.061955451965332 20
1698177969331 8.642586708068848 21
1698177969464 8.928446769714355 22
1698177969596 8.837103843688965 23
1698177969744 8.278714179992676 24
1698177969872 9.180124282836914 25
1698177969998 8.099737167358398 26
1698177970126 8.216561317443848 27
1698177970251 8.633275985717773 28
1698177970380 8.329324722290039 29
1698177970524 8.475661277770996 30
1698177970663 8.461248397827148 31
1698177970784 8.589038848876953 32
1698177970920 8.249476432800293 33
1698177971057 8.093881607055664 34
1698177971196 7.752655029296875 35
1698177971342 7.742435932159424 36
1698177971482 7.907878875732422 37
1698177971622 7.938741683959961 38
1698177971787 8.12125015258789 39
1698177971951 8.417023658752441 40
1698177972201 8.087381362915039 41
1698177972465 7.559059143066406 42
1698177972620 7.827172756195068 43
1698177972785 7.937287330627441 44
1698177972933 8.673836708068848 45
1698177973077 8.181286811828613 46
1698177973238 7.695798873901367 47
1698177973376 8.505062103271484 48
1698177973512 7.775423049926758 49
