1698188333236 23510.140625 0
1698188333408 1484.1971435546875 1
1698188333577 1132.0123291015625 2
1698188333746 854.1680297851562 3
1698188333953 734.2584838867188 4
1698188334149 1092.664306640625 5
1698188334331 866.7365112304688 6
1698188334508 875.4940185546875 7
1698188334687 836.3869018554688 8
1698188334865 775.859375 9
1698188335043 739.3596801757812 10
1698188335220 911.2566528320312 11
1698188335392 728.69140625 12
1698188335575 702.8414916992188 13
1698188335750 744.08251953125 14
1698188335945 694.1362915039062 15
1698188336127 699.8457641601562 16
1698188336313 626.76220703125 17
1698188336511 637.5781860351562 18
1698188336704 600.34326171875 19
1698188336880 570.4578247070312 20
1698188337058 609.2247924804688 21
1698188337233 627.480224609375 22
1698188337396 575.4517211914062 23
1698188337574 611.73486328125 24
1698188337749 556.5045166015625 25
1698188337918 570.5413208007812 26
1698188338119 539.4444580078125 27
1698188338299 586.1384887695312 28
1698188338479 492.1388244628906 29
1698188338657 556.0264892578125 30
1698188338833 564.9998168945312 31
1698188339005 564.6005249023438 32
1698188339225 522.824462890625 33
1698188339432 491.2833251953125 34
1698188339673 478.3543395996094 35
1698188339905 476.3727111816406 36
1698188340087 642.2530517578125 37
1698188340264 763.9854125976562 38
1698188340445 435.3382263183594 39
1698188340622 416.61492919921875 40
1698188340828 532.9716796875 41
1698188341081 432.79010009765625 42
1698188341284 476.7247314453125 43
1698188341483 492.3706970214844 44
1698188341676 499.84649658203125 45
1698188341861 489.7982177734375 46
1698188342056 480.52386474609375 47
1698188342260 498.189453125 48
1698188342464 456.291748046875 49
