1698172690979 0.04582232981920242 0
1698172691414 0.013119760900735855 1
1698172691784 0.011459148488938808 2
1698172692167 0.010310727171599865 3
1698172692574 0.009749862365424633 4
1698172693117 0.008768160827457905 5
1698172693526 0.007830559276044369 6
1698172693940 0.007256010547280312 7
1698172694379 0.006985828280448914 8
1698172694857 0.006304971408098936 9
1698172695318 0.00574262673035264 10
1698172695786 0.007344207260757685 11
1698172696325 0.006106841377913952 12
1698172696831 0.0060657234862446785 13
1698172697238 0.006352204363793135 14
1698172697648 0.006050273310393095 15
1698172698033 0.005787636153399944 16
1698172698531 0.005989864002913237 17
1698172698873 0.00538101140409708 18
1698172699220 0.005674776155501604 19
1698172699581 0.005163091234862804 20
1698172699913 0.005488553550094366 21
1698172700268 0.004589078016579151 22
1698172700609 0.0051850066520273685 23
1698172700948 0.004567925818264484 24
1698172701281 0.005748186260461807 25
1698172701654 0.004516636021435261 26
1698172702004 0.005173954647034407 27
1698172702359 0.004790011327713728 28
1698172702693 0.0051763239316642284 29
1698172703039 0.004955071955919266 30
1698172703386 0.004554494749754667 31
1698172703750 0.00463918736204505 32
1698172704097 0.004841468296945095 33
1698172704459 0.0045953006483614445 34
1698172704892 0.004373305477201939 35
1698172705273 0.00449477368965745 36
1698172705890 0.004890354350209236 37
1698172706326 0.004300850909203291 38
1698172706723 0.004700580146163702 39
1698172707141 0.004812652710825205 40
1698172707681 0.004224684555083513 41
1698172708069 0.004876662977039814 42
1698172708471 0.0039025156293064356 43
1698172708832 0.00466864975169301 44
1698172709252 0.004559483379125595 45
1698172709781 0.004119361750781536 46
1698172710103 0.0041244435124099255 47
1698172710473 0.003949583042412996 48
1698172710825 0.004582926165312529 49
