1698172690979 30.117258071899414 0
1698172691414 16.50885009765625 1
1698172691784 15.524168968200684 2
1698172692167 13.708436965942383 3
1698172692574 13.018455505371094 4
1698172693117 12.853340148925781 5
1698172693526 12.293112754821777 6
1698172693940 11.90137004852295 7
1698172694379 11.4768648147583 8
1698172694857 11.143237113952637 9
1698172695318 10.6280517578125 10
1698172695786 11.5803861618042 11
1698172696325 11.151395797729492 12
1698172696831 10.379913330078125 13
1698172697238 10.622605323791504 14
1698172697648 10.642492294311523 15
1698172698033 10.593511581420898 16
1698172698531 10.098082542419434 17
1698172698873 9.753691673278809 18
1698172699220 10.095329284667969 19
1698172699581 9.695650100708008 20
1698172699913 9.801288604736328 21
1698172700268 9.62796688079834 22
1698172700609 9.510161399841309 23
1698172700948 9.194087982177734 24
1698172701281 10.059914588928223 25
1698172701654 9.309992790222168 26
1698172702004 9.643893241882324 27
1698172702359 8.998001098632812 28
1698172702693 9.586556434631348 29
1698172703039 9.891556739807129 30
1698172703386 9.007264137268066 31
1698172703750 9.193611145019531 32
1698172704097 8.867480278015137 33
1698172704459 8.839496612548828 34
1698172704892 9.140201568603516 35
1698172705273 8.927353858947754 36
1698172705890 9.561148643493652 37
1698172706326 9.110880851745605 38
1698172706723 8.973437309265137 39
1698172707141 8.822566986083984 40
1698172707681 8.74250316619873 41
1698172708069 9.300349235534668 42
1698172708471 8.517704963684082 43
1698172708832 9.554328918457031 44
1698172709252 8.69609260559082 45
1698172709781 8.644333839416504 46
1698172710103 8.74205493927002 47
1698172710473 8.730833053588867 48
1698172710825 9.382235527038574 49
