1698180577861 12.765632629394531 0
1698180578010 6.830934524536133 1
1698180578139 6.54697847366333 2
1698180578267 6.784831523895264 3
1698180578411 6.402925968170166 4
1698180578555 6.08492374420166 5
1698180578687 6.135440349578857 6
1698180578898 7.016733646392822 7
1698180579028 6.311781406402588 8
1698180579158 5.708852767944336 9
1698180579289 5.711714267730713 10
1698180579416 5.779569149017334 11
1698180579544 5.974505424499512 12
1698180579683 5.970678806304932 13
1698180579814 6.117618560791016 14
1698180579932 5.662289142608643 15
1698180580062 6.018674373626709 16
1698180580190 5.682920932769775 17
1698180580318 6.053856372833252 18
1698180580446 5.77821683883667 19
1698180580575 5.808895111083984 20
1698180580726 5.614854335784912 21
1698180580855 6.254082202911377 22
1698180580991 5.730348110198975 23
1698180581118 5.539506912231445 24
1698180581245 5.423527717590332 25
1698180581375 5.779834270477295 26
1698180581496 5.592543125152588 27
1698180581631 5.387092590332031 28
1698180581768 5.110424518585205 29
1698180581892 5.256106853485107 30
1698180582016 5.265827655792236 31
1698180582147 5.290714263916016 32
1698180582282 5.126601696014404 33
1698180582412 5.0648603439331055 34
1698180582548 5.202060222625732 35
1698180582678 5.308398246765137 36
1698180582802 5.398762226104736 37
1698180582931 5.327866554260254 38
1698180583050 5.5054121017456055 39
1698180583173 4.900289058685303 40
1698180583294 5.177155494689941 41
1698180583412 5.534284591674805 42
1698180583551 5.041485786437988 43
1698180583679 5.0166754722595215 44
1698180583798 5.1844000816345215 45
1698180583917 5.024702548980713 46
1698180584036 4.881467819213867 47
1698180584155 5.252452373504639 48
1698180584274 5.382608413696289 49
