1698226918952 0.02708534151315689 0
1698226919322 0.003797925543040037 1
1698226921027 0.0029662589076906443 2
1698226921384 0.002407644409686327 3
1698226921739 0.002405632520094514 4
1698226923219 0.0020429827272892 5
1698226923586 0.0022866451181471348 6
1698226923934 0.0018014147644862533 7
1698226924287 0.0018854186637327075 8
1698226925062 0.001697635161690414 9
1698226927299 0.0016776813426986337 10
1698226929135 0.0016989231808111072 11
1698226930581 0.0014738517347723246 12
1698226930947 0.0014692704426124692 13
1698226931317 0.0015150835970416665 14
1698226933006 0.001331132254563272 15
1698226933370 0.0014767879620194435 16
1698226933726 0.0014098082901909947 17
1698226934066 0.001403322326950729 18
1698226935240 0.001328644109889865 19
1698226935587 0.0013311387738212943 20
1698226936657 0.0012620061170309782 21
1698226937028 0.0012223789235576987 22
1698226938793 0.0013317782431840897 23
1698226939167 0.001248735934495926 24
1698226940274 0.0010852550622075796 25
1698226940657 0.001094392267987132 26
1698226941037 0.0012672985903918743 27
1698226941392 0.00128895603120327 28
1698226942572 0.0011228077346459031 29
1698226943723 0.0011707923840731382 30
1698226944112 0.0012597322929650545 31
1698226944988 0.001184943481348455 32
1698226946160 0.001192673691548407 33
1698226946517 0.0010981485247612 34
1698226946899 0.0010854281717911363 35
1698226948037 0.0011536235688254237 36
1698226948395 0.000958964868914336 37
1698226949404 0.001048455247655511 38
1698226950550 0.0010000490583479404 39
1698226950908 0.0011217257706448436 40
1698226951747 0.0010858009336516261 41
1698226952806 0.0009791996562853456 42
1698226953261 0.0010916863102465868 43
1698226954428 0.0010834407294169068 44
1698226955325 0.0010840297909453511 45
1698226955658 0.001124157221056521 46
1698226956022 0.0009879610734060407 47
1698226956370 0.0009568688692525029 48
1698226956734 0.0010239193215966225 49
