1698153712544 49942.640625 0
1698153712787 93294.9609375 1
1698153713042 56608.89453125 2
1698153713305 69253.3828125 3
1698153713557 61160.109375 4
1698153713801 69854.484375 5
1698153714060 63446.8828125 6
1698153714280 75836.328125 7
1698153714521 58175.171875 8
1698153714741 58074.07421875 9
1698153714970 53138.2265625 10
1698153715194 56750.45703125 11
1698153715418 56574.2734375 12
1698153715647 58587.640625 13
1698153715857 49979.52734375 14
1698153716124 53519.76171875 15
1698153716351 50181.96875 16
1698153716565 46919.03515625 17
1698153716833 57056.78515625 18
1698153717071 42333.46875 19
1698153717360 46311.3046875 20
1698153717610 41367.2109375 21
1698153718038 54969.6953125 22
1698153718302 61977.10546875 23
1698153718538 58014.20703125 24
1698153718823 48974.12109375 25
1698153719102 44759.140625 26
1698153719427 57058.3359375 27
1698153719676 56685.28125 28
1698153719882 44404.640625 29
1698153720110 52814.96484375 30
1698153720316 49422.859375 31
1698153720520 43267.38671875 32
1698153720733 47589.984375 33
1698153720931 48034.640625 34
1698153721149 41977.8203125 35
1698153721387 47121.5078125 36
1698153721597 52581.45703125 37
1698153721836 52961.8515625 38
1698153722079 48504.8125 39
