1698153773472 67.14266204833984 0
1698153774990 47.17433547973633 1
1698153776772 32.96299362182617 2
1698153778417 28.756437301635742 3
1698153780485 25.653522491455078 4
1698153782000 24.64599609375 5
1698153783608 23.094329833984375 6
1698153785182 22.672515869140625 7
1698153786719 22.939664840698242 8
1698153788216 21.487092971801758 9
1698153789796 21.387514114379883 10
1698153791812 20.52764129638672 11
1698153794327 20.480125427246094 12
1698153796345 21.631526947021484 13
1698153798264 20.15935516357422 14
1698153800201 19.758255004882812 15
1698153802035 19.22802734375 16
1698153803869 18.63686180114746 17
1698153805779 18.684371948242188 18
1698153807624 18.717754364013672 19
1698153809203 18.261350631713867 20
1698153810967 18.11960792541504 21
1698153812484 18.287572860717773 22
1698153813995 17.815326690673828 23
1698153815585 18.171127319335938 24
1698153817343 17.5544490814209 25
1698153819833 17.950204849243164 26
1698153822264 17.444581985473633 27
1698153824263 17.93861961364746 28
1698153826211 17.525442123413086 29
1698153828322 17.523632049560547 30
1698153830013 18.145275115966797 31
1698153831860 17.611263275146484 32
1698153833396 17.306303024291992 33
