1698227019385 38990.4296875 0
1698227019756 22049.6953125 1
1698227020121 29992.4609375 2
1698227020477 16073.78515625 3
1698227021973 12654.6044921875 4
1698227022330 21015.2890625 5
1698227022721 13920.2099609375 6
1698227023077 16042.416015625 7
1698227024477 15485.1201171875 8
1698227024859 15841.2509765625 9
1698227026198 12017.1240234375 10
1698227026614 17297.134765625 11
1698227027137 14098.0302734375 12
1698227027964 12207.1484375 13
1698227028329 11154.90625 14
1698227028708 12034.7197265625 15
1698227029849 11733.4697265625 16
1698227030213 14670.580078125 17
1698227030610 10575.3203125 18
1698227031514 14633.201171875 19
1698227031894 12171.255859375 20
1698227033944 14695.8623046875 21
1698227034332 13497.6396484375 22
1698227035300 17051.158203125 23
1698227036690 12972.326171875 24
1698227037669 12530.345703125 25
1698227038025 11828.2509765625 26
1698227039566 17398.958984375 27
1698227039980 10827.7080078125 28
1698227040344 12660.1435546875 29
1698227040709 14143.6708984375 30
1698227041907 13207.4482421875 31
1698227043059 14816.134765625 32
1698227043429 17354.537109375 33
1698227043760 9390.97265625 34
1698227044103 13014.5361328125 35
1698227044422 12369.185546875 36
1698227044731 17179.203125 37
1698227045046 15352.583984375 38
1698227045361 14982.4619140625 39
1698227045685 12812.162109375 40
1698227045999 14824.1611328125 41
1698227046325 14357.0615234375 42
1698227046661 10497.1513671875 43
1698227047007 16101.6611328125 44
1698227047337 13428.5205078125 45
1698227047763 12324.71875 46
1698227048167 14875.7666015625 47
1698227048507 14473.427734375 48
1698227048860 12731.1064453125 49
