1698177763572 0.05589468777179718 0
1698177763673 0.008730621077120304 1
1698177763787 0.007913363166153431 2
1698177763923 0.007497028913348913 3
1698177764025 0.007399355061352253 4
1698177764123 0.0064411167986691 5
1698177764213 0.006634095683693886 6
1698177764322 0.006411575246602297 7
1698177764452 0.005335626192390919 8
1698177764539 0.006363534368574619 9
1698177764641 0.006379246711730957 10
1698177764749 0.00563685642555356 11
1698177764844 0.005113072227686644 12
1698177764939 0.006023668218404055 13
1698177765032 0.005892233457416296 14
1698177765136 0.005117117892950773 15
1698177765258 0.005435360595583916 16
1698177765410 0.0052533275447785854 17
1698177765549 0.005296930205076933 18
1698177765655 0.005302875768393278 19
1698177765749 0.0051780203357338905 20
1698177765850 0.005625165533274412 21
1698177765946 0.005301384720951319 22
1698177766053 0.005266976077109575 23
1698177766180 0.004443175159394741 24
1698177766309 0.004397866781800985 25
1698177766428 0.004993794020265341 26
1698177766565 0.004475403111428022 27
1698177766690 0.004244217649102211 28
1698177766814 0.004984598606824875 29
1698177766934 0.0042191133834421635 30
1698177767024 0.0048226709477603436 31
1698177767116 0.004401769023388624 32
1698177767213 0.004688480868935585 33
1698177767307 0.005076528061181307 34
1698177767419 0.005588777828961611 35
1698177767527 0.004459724295884371 36
1698177767651 0.004356168210506439 37
1698177767764 0.00418824190273881 38
1698177767912 0.003924979828298092 39
1698177768033 0.003997971769422293 40
1698177768166 0.003954858053475618 41
1698177768299 0.004303635098040104 42
1698177768454 0.0037898216396570206 43
1698177768587 0.0037316102534532547 44
1698177768741 0.004503420554101467 45
1698177768899 0.0039626737125217915 46
1698177769055 0.004195474088191986 47
1698177769198 0.003970066085457802 48
1698177769349 0.003959936555474997 49
