1698181349215 0.0788731724023819 0
1698181349348 0.038052234798669815 1
1698181349474 0.014698791317641735 2
1698181349622 0.004293616395443678 3
1698181349751 0.002786213532090187 4
1698181349878 0.0028026169165968895 5
1698181350005 0.0025203274562954903 6
1698181350155 0.0024712474551051855 7
1698181350302 0.002660631202161312 8
1698181350459 0.0024350988678634167 9
1698181350610 0.0024064963217824697 10
1698181350757 0.0020602766890078783 11
1698181350905 0.0019952934235334396 12
1698181351033 0.0022232001647353172 13
1698181351157 0.0023098967503756285 14
1698181351283 0.0021635815501213074 15
1698181351420 0.002160179428756237 16
1698181351561 0.0023176963441073895 17
1698181351699 0.0021893768571317196 18
1698181351833 0.0021348814480006695 19
1698181351988 0.0019363361643627286 20
1698181352126 0.0018416218226775527 21
1698181352264 0.0018439408158883452 22
1698181352415 0.001945342868566513 23
1698181352560 0.0017614535754546523 24
1698181352688 0.0019691267516463995 25
1698181352812 0.0018823178252205253 26
1698181352949 0.0021766640711575747 27
1698181353078 0.002010430907830596 28
1698181353206 0.0019725789315998554 29
1698181353334 0.0021120619494467974 30
1698181353450 0.0018449727213010192 31
1698181353573 0.0019122982630506158 32
1698181353699 0.0019429171225056052 33
1698181353817 0.0021191518753767014 34
1698181353943 0.0016726114554330707 35
1698181354073 0.0020200887229293585 36
1698181354200 0.0018177458550781012 37
1698181354326 0.001888803206384182 38
1698181354456 0.002072278643026948 39
1698181354583 0.001752548268996179 40
1698181354707 0.001767220557667315 41
1698181354831 0.0019389755325391889 42
1698181354964 0.001778904814273119 43
1698181355098 0.0017864119727164507 44
1698181355230 0.0019947902765125036 45
1698181355358 0.0017702115001156926 46
1698181355484 0.001773675438016653 47
1698181355600 0.001718643237836659 48
1698181355727 0.0014273080741986632 49
