1698178346621 125.1170425415039 0
1698178346727 47.10886764526367 1
1698178346834 36.49617004394531 2
1698178346941 38.551387786865234 3
1698178347044 33.23235321044922 4
1698178347150 24.809402465820312 5
1698178347254 24.73190689086914 6
1698178347382 29.631141662597656 7
1698178347491 23.1794490814209 8
1698178347594 22.250730514526367 9
1698178347700 21.769649505615234 10
1698178347819 23.298189163208008 11
1698178347926 23.34351348876953 12
1698178348032 22.7774600982666 13
1698178348137 24.11215591430664 14
1698178348243 20.130767822265625 15
1698178348347 22.19282341003418 16
1698178348479 25.421958923339844 17
1698178348604 28.549129486083984 18
1698178348715 25.296611785888672 19
1698178348825 19.77851104736328 20
1698178348932 19.17469024658203 21
1698178349035 17.751779556274414 22
1698178349144 21.553308486938477 23
1698178349273 18.51983070373535 24
1698178349435 32.35368347167969 25
1698178349572 17.613292694091797 26
1698178349681 17.097820281982422 27
1698178349792 22.356279373168945 28
1698178349900 20.6783390045166 29
1698178350022 22.485668182373047 30
1698178350157 17.940195083618164 31
1698178350263 17.882095336914062 32
1698178350369 21.775249481201172 33
1698178350502 22.66633415222168 34
1698178350607 19.026439666748047 35
1698178350714 21.7908878326416 36
1698178350822 19.549259185791016 37
1698178350942 19.286911010742188 38
1698178351046 29.643177032470703 39
1698178351150 25.740169525146484 40
1698178351256 20.798694610595703 41
1698178351361 18.389169692993164 42
1698178351492 32.537086486816406 43
1698178351596 28.096952438354492 44
1698178351700 20.618661880493164 45
1698178351813 23.514102935791016 46
1698178351930 19.52121925354004 47
1698178352035 18.688919067382812 48
1698178352140 21.686161041259766 49
