1698159124462 90.59619140625 0
1698159124917 92.09819030761719 1
1698159125509 89.303466796875 2
1698159126027 80.5844497680664 3
1698159126561 73.16270446777344 4
1698159127092 69.84107208251953 5
1698159127665 66.61338806152344 6
1698159128139 63.33988571166992 7
1698159128518 60.23150634765625 8
1698159128929 57.512081146240234 9
1698159129568 56.00986099243164 10
1698159130162 54.227622985839844 11
1698159130707 51.69065475463867 12
1698159131090 48.84407424926758 13
1698159131537 48.101768493652344 14
1698159131932 45.93968963623047 15
1698159132410 44.2078857421875 16
1698159132864 42.66863250732422 17
1698159133347 39.14496612548828 18
1698159133827 35.84150314331055 19
1698159134406 34.87345886230469 20
1698159135076 32.952728271484375 21
