1698157933687 0.39477306604385376 0
1698157934187 0.19931884109973907 1
1698157934685 0.11698506772518158 2
1698157935462 0.07319013774394989 3
1698157936001 0.05016867071390152 4
1698157936532 0.034542229026556015 5
1698157937028 0.02342003583908081 6
1698157937537 0.017448151484131813 7
1698157938113 0.015520339831709862 8
1698157938707 0.01461473572999239 9
1698157939199 0.013356507755815983 10
1698157939729 0.013267971575260162 11
1698157940196 0.012473132461309433 12
1698157940698 0.01284749060869217 13
1698157941162 0.013190049678087234 14
1698157941639 0.012480949983000755 15
1698157942203 0.012092473916709423 16
1698157942689 0.013391359709203243 17
1698157943178 0.012454783543944359 18
1698157943678 0.012843875214457512 19
1698157944162 0.012371670454740524 20
1698157944708 0.012252872809767723 21
1698157945208 0.011899006552994251 22
1698157945705 0.011486373841762543 23
1698157946277 0.011668049730360508 24
1698157946855 0.011772632598876953 25
1698157947394 0.011663468554615974 26
1698157947849 0.012064985930919647 27
1698157948312 0.011541906744241714 28
1698157948820 0.012556144036352634 29
1698157949288 0.011573915369808674 30
1698157949817 0.012644141912460327 31
1698157950449 0.011607124470174313 32
1698157951114 0.011761202476918697 33
1698157951755 0.01148128416389227 34
1698157952315 0.011535342782735825 35
1698157952883 0.012094725854694843 36
1698157953400 0.01132955402135849 37
1698157953912 0.0112540228292346 38
1698157954366 0.011297740042209625 39
1698157954842 0.011107315309345722 40
