1698177152409 0.04037432745099068 0
1698177152607 0.029565008357167244 1
1698177152884 0.024282991886138916 2
1698177153225 0.01923331804573536 3
1698177153473 0.015427131205797195 4
1698177153657 0.01570090465247631 5
1698177153900 0.015225441195070744 6
1698177154169 0.012974971905350685 7
1698177154455 0.012893655337393284 8
1698177154727 0.00988265685737133 9
1698177154947 0.00955684669315815 10
1698177155395 0.010369453579187393 11
1698177155648 0.012583013623952866 12
1698177155881 0.009220875799655914 13
1698177156105 0.009688825346529484 14
1698177156308 0.01030633132904768 15
1698177156511 0.007772724609822035 16
1698177156723 0.009237212128937244 17
1698177156937 0.009849206544458866 18
1698177157252 0.007445503957569599 19
1698177157549 0.008217979222536087 20
1698177157760 0.0071605960838496685 21
1698177157984 0.00835493952035904 22
1698177158241 0.008341312408447266 23
1698177158507 0.00753078144043684 24
1698177158706 0.006958755664527416 25
1698177159040 0.007890721783041954 26
1698177159435 0.007823238149285316 27
1698177159752 0.00794991198927164 28
1698177160115 0.007948769256472588 29
1698177160447 0.007933001965284348 30
1698177160742 0.0063268630765378475 31
1698177161064 0.007399159483611584 32
1698177161347 0.007111254148185253 33
1698177161656 0.00686994381248951 34
1698177161986 0.007463281974196434 35
1698177162191 0.006566435098648071 36
1698177162531 0.006252613849937916 37
1698177162819 0.006317406427115202 38
1698177163043 0.007795745972543955 39
1698177163324 0.007307841908186674 40
1698177163640 0.0065329005010426044 41
1698177163891 0.006307475734502077 42
1698177164177 0.007001700811088085 43
1698177164414 0.006591332145035267 44
1698177164779 0.007221173495054245 45
1698177164996 0.007614105474203825 46
1698177165224 0.007681552320718765 47
1698177165407 0.006409735884517431 48
1698177165672 0.006194662302732468 49
