1698186774008 0.8038196563720703 0
1698186774302 0.24484016001224518 1
1698186774606 0.04571298509836197 2
1698186774892 0.031183380633592606 3
1698186775173 0.029351456090807915 4
1698186775489 0.028813008219003677 5
1698186775775 0.026431584730744362 6
1698186776059 0.023345235735177994 7
1698186776353 0.023745642974972725 8
1698186776649 0.021934358403086662 9
1698186776934 0.021607255563139915 10
1698186777223 0.022640738636255264 11
1698186777538 0.02051634155213833 12
1698186777829 0.019984465092420578 13
1698186778136 0.017024686560034752 14
1698186778427 0.017781196162104607 15
1698186778710 0.01794169843196869 16
1698186779011 0.02117491327226162 17
1698186779301 0.01856977865099907 18
1698186779607 0.018756847828626633 19
1698186779890 0.01736479252576828 20
1698186780180 0.01837056875228882 21
1698186780494 0.01743568852543831 22
1698186780783 0.01878112368285656 23
1698186781068 0.0177063699811697 24
1698186781353 0.017171014100313187 25
1698186781669 0.017493775114417076 26
1698186782006 0.01925540529191494 27
1698186782365 0.017940225079655647 28
1698186782677 0.01803780160844326 29
1698186782959 0.017603391781449318 30
1698186783285 0.017582211643457413 31
1698186783640 0.017433863133192062 32
1698186783949 0.017864923924207687 33
1698186784251 0.01762852445244789 34
1698186784600 0.018742268905043602 35
1698186784961 0.016614848747849464 36
1698186785258 0.01714959181845188 37
1698186785564 0.016011521220207214 38
1698186785853 0.017139120027422905 39
1698186786137 0.017828453332185745 40
1698186786415 0.016726572066545486 41
1698186786724 0.01627475768327713 42
1698186787009 0.015488683246076107 43
1698186787294 0.0172737967222929 44
1698186787600 0.017061278223991394 45
1698186787892 0.016501208767294884 46
1698186788176 0.016236862167716026 47
1698186788482 0.016531499102711678 48
1698186788796 0.018341781571507454 49
