1698178282747 0.008181987330317497 0
1698178282852 0.0048910873010754585 1
1698178282951 0.0033068435732275248 2
1698178283062 0.003171643242239952 3
1698178283167 0.0034897129517048597 4
1698178283266 0.0032593945506960154 5
1698178283372 0.0026617413386702538 6
1698178283472 0.002507842145860195 7
1698178283571 0.0029762624762952328 8
1698178283669 0.002518156310543418 9
1698178283769 0.0026337795425206423 10
1698178283866 0.0022780050057917833 11
1698178283963 0.002976419869810343 12
1698178284058 0.0026746783405542374 13
1698178284176 0.002716380637139082 14
1698178284285 0.0023088057059794664 15
1698178284381 0.002117508091032505 16
1698178284478 0.002049165079370141 17
1698178284573 0.0022015536669641733 18
1698178284670 0.0020809159614145756 19
1698178284770 0.002321727806702256 20
1698178284897 0.0018721342785283923 21
1698178285001 0.002033101161941886 22
1698178285107 0.002333425683900714 23
1698178285206 0.0018960795132443309 24
1698178285302 0.0019040051847696304 25
1698178285399 0.0018893465166911483 26
1698178285495 0.001957819564267993 27
1698178285592 0.0020088108722120523 28
1698178285700 0.0016406483482569456 29
1698178285833 0.002210967941209674 30
1698178285952 0.0016855921130627394 31
1698178286053 0.002119661308825016 32
1698178286158 0.001897370326332748 33
1698178286286 0.0020495462231338024 34
1698178286387 0.00209073000587523 35
1698178286493 0.0018883273005485535 36
1698178286605 0.002143755555152893 37
1698178286732 0.001931284088641405 38
1698178286833 0.002177102956920862 39
1698178286931 0.001796823926270008 40
1698178287029 0.0020589083433151245 41
1698178287127 0.0019254968501627445 42
1698178287226 0.0018621503841131926 43
1698178287335 0.001991316443309188 44
1698178287438 0.0019621041137725115 45
1698178287535 0.0023197694681584835 46
1698178287638 0.0018944407347589731 47
1698178287737 0.002021836582571268 48
1698178287835 0.0021859202533960342 49
