1698178282747 28439.484375 0
1698178282852 8720.748046875 1
1698178282951 17744.076171875 2
1698178283062 1053.766845703125 3
1698178283167 11297.83984375 4
1698178283266 30218.271484375 5
1698178283372 5827.9892578125 6
1698178283472 25459.46484375 7
1698178283571 8609.5244140625 8
1698178283669 26030.45703125 9
1698178283769 3304.203857421875 10
1698178283866 14494.20703125 11
1698178283963 25223.287109375 12
1698178284058 2951.77197265625 13
1698178284176 21378.93359375 14
1698178284285 7784.291015625 15
1698178284381 12216.1884765625 16
1698178284478 42055.91796875 17
1698178284573 23103.048828125 18
1698178284670 29003.060546875 19
1698178284770 33843.1015625 20
1698178284897 1323.248046875 21
1698178285001 10679.3349609375 22
1698178285107 5116.8037109375 23
1698178285206 13293.34765625 24
1698178285302 4970.38720703125 25
1698178285399 18410.265625 26
1698178285495 4057.29248046875 27
1698178285592 10471.3828125 28
1698178285700 24276.486328125 29
1698178285833 20363.255859375 30
1698178285952 30210.703125 31
1698178286053 21238.216796875 32
1698178286158 32535.333984375 33
1698178286286 17770.076171875 34
1698178286387 9043.65625 35
1698178286493 14088.0791015625 36
1698178286605 2847.940185546875 37
1698178286732 13878.9892578125 38
1698178286833 22048.904296875 39
1698178286931 19796.728515625 40
1698178287029 23882.404296875 41
1698178287127 23341.72265625 42
1698178287226 12701.34765625 43
1698178287335 21185.505859375 44
1698178287438 15948.560546875 45
1698178287535 4542.94189453125 46
1698178287638 34530.44921875 47
1698178287737 18029.61328125 48
1698178287835 16915.837890625 49
