1698176936973 0.04011130332946777 0
1698176937206 0.004084584303200245 1
1698176937403 0.003393745981156826 2
1698176937656 0.003223252249881625 3
1698176937885 0.00303016253747046 4
1698176938094 0.0028348767664283514 5
1698176938308 0.002986061852425337 6
1698176938614 0.002715443028137088 7
1698176938968 0.002712724730372429 8
1698176939258 0.0026807612739503384 9
1698176939504 0.002836433006450534 10
1698176939745 0.0027471468783915043 11
1698176939937 0.002757458947598934 12
1698176940159 0.002427281579002738 13
1698176940385 0.002680496545508504 14
1698176940645 0.002601957879960537 15
1698176940839 0.00259700627066195 16
1698176941020 0.002655785996466875 17
1698176941207 0.002564677968621254 18
1698176941420 0.0025110917631536722 19
1698176941623 0.0025608143769204617 20
1698176941871 0.0025646183639764786 21
1698176942070 0.0025750526692718267 22
1698176942276 0.0022908004466444254 23
1698176942481 0.002334540942683816 24
1698176942743 0.0027062101289629936 25
1698176942998 0.002296769293025136 26
1698176943182 0.002332259900867939 27
1698176943375 0.0024001887068152428 28
1698176943613 0.002481701085343957 29
1698176943823 0.0023413891904056072 30
1698176944013 0.0023393987212330103 31
1698176944218 0.0023349043913185596 32
1698176944466 0.002214341890066862 33
1698176944700 0.002449722494930029 34
1698176944890 0.0023648100905120373 35
1698176945074 0.002352762036025524 36
1698176945272 0.0024447375908493996 37
1698176945461 0.002217829693108797 38
1698176945667 0.002293006516993046 39
1698176945866 0.002257770160213113 40
1698176946058 0.0022809989750385284 41
1698176946251 0.0023828663397580385 42
1698176946437 0.0023694445844739676 43
1698176946789 0.002325001172721386 44
1698176947003 0.0022009622771292925 45
1698176947217 0.0022716799285262823 46
1698176947403 0.0022202099207788706 47
1698176947597 0.0022073788568377495 48
1698176947849 0.0023108860477805138 49
