1698176936973 25.92091941833496 0
1698176937206 8.956756591796875 1
1698176937403 6.548745155334473 2
1698176937656 5.5173540115356445 3
1698176937885 5.302638053894043 4
1698176938094 5.5328521728515625 5
1698176938308 5.337431907653809 6
1698176938614 5.064051628112793 7
1698176938968 5.3068060874938965 8
1698176939258 5.11427116394043 9
1698176939504 5.343976020812988 10
1698176939745 5.0711774826049805 11
1698176939937 5.418306827545166 12
1698176940159 4.758175373077393 13
1698176940385 4.891950607299805 14
1698176940645 4.909037113189697 15
1698176940839 5.0825581550598145 16
1698176941020 5.410247802734375 17
1698176941207 5.338387489318848 18
1698176941420 4.977287769317627 19
1698176941623 4.932198524475098 20
1698176941871 5.264956951141357 21
1698176942070 5.025825023651123 22
1698176942276 5.085587024688721 23
1698176942481 4.960618019104004 24
1698176942743 5.597971439361572 25
1698176942998 4.869814872741699 26
1698176943182 4.535712242126465 27
1698176943375 5.218509674072266 28
1698176943613 5.4290571212768555 29
1698176943823 4.606069564819336 30
1698176944013 4.788102149963379 31
1698176944218 4.591096878051758 32
1698176944466 4.491617202758789 33
1698176944700 5.047568321228027 34
1698176944890 4.7427144050598145 35
1698176945074 4.697500228881836 36
1698176945272 4.577721118927002 37
1698176945461 4.880057334899902 38
1698176945667 4.454227924346924 39
1698176945866 4.365642070770264 40
1698176946058 4.512101650238037 41
1698176946251 4.9184980392456055 42
1698176946437 4.783853054046631 43
1698176946789 4.769618988037109 44
1698176947003 4.218392848968506 45
1698176947217 4.4470648765563965 46
1698176947403 4.3698530197143555 47
1698176947597 4.316075325012207 48
1698176947849 4.660309314727783 49
