1698182593448 0.019990768283605576 0
1698182593699 0.0019449718529358506 1
1698182593966 0.0013896966120228171 2
1698182594220 0.0014168082270771265 3
1698182594474 0.001400016713887453 4
1698182594751 0.0012091705575585365 5
1698182595092 0.0014148337068036199 6
1698182595354 0.0011143211741000414 7
1698182595604 0.0009564704378135502 8
1698182595866 0.0012329670134931803 9
1698182596122 0.0011704928474500775 10
1698182596394 0.000981415738351643 11
1698182596646 0.0009128733654506505 12
1698182596890 0.0008256491855718195 13
1698182597138 0.0009182803914882243 14
1698182597408 0.0010677637765184045 15
1698182597662 0.0008633362012915313 16
1698182597918 0.0008390805451199412 17
1698182598167 0.0014950195327401161 18
1698182598415 0.0008456972427666187 19
1698182598734 0.0010319355642423034 20
1698182599067 0.0011747066164389253 21
1698182599319 0.000823022099211812 22
1698182599568 0.0007797805592417717 23
1698182599827 0.0007857360178604722 24
1698182600152 0.0007905568927526474 25
1698182600449 0.0007331970846280456 26
1698182600705 0.0007708396879024804 27
1698182600961 0.0009208625997416675 28
1698182601213 0.0008768723928369582 29
1698182601517 0.0007275454699993134 30
1698182601775 0.0006123948842287064 31
1698182602053 0.0008366351830773056 32
1698182602319 0.0007593825575895607 33
1698182602572 0.0006989841931499541 34
1698182602824 0.0011319282930344343 35
1698182603067 0.0008200739393942058 36
1698182603320 0.0007006129599176347 37
1698182603584 0.0007073117303662002 38
1698182603836 0.0007480303174816072 39
1698182604095 0.0007670226041227579 40
1698182604340 0.0005962189752608538 41
1698182604590 0.0007734445971436799 42
1698182604832 0.0007592197507619858 43
1698182605105 0.0007459472399204969 44
1698182605353 0.0007434003637172282 45
1698182605611 0.0009248188580386341 46
1698182605859 0.0007504900568164885 47
1698182606113 0.0007218595128506422 48
1698182606377 0.0005890220054425299 49
