1698155191986 64.82074737548828 0
1698155192506 39.018211364746094 1
1698155193227 24.256134033203125 2
1698155194116 21.227039337158203 3
1698155195016 19.495649337768555 4
1698155195951 16.168498992919922 5
1698155196583 15.062272071838379 6
1698155197065 12.997475624084473 7
1698155197573 11.605629920959473 8
1698155198027 10.897673606872559 9
1698155198541 11.15278434753418 10
1698155199046 11.523811340332031 11
1698155199525 10.51217269897461 12
1698155200003 10.046953201293945 13
1698155200480 10.41838264465332 14
1698155200955 10.651289939880371 15
1698155201427 10.997335433959961 16
1698155201933 10.429229736328125 17
1698155202593 10.79874324798584 18
1698155203068 9.673600196838379 19
1698155203596 9.934769630432129 20
1698155204107 10.76902961730957 21
1698155204595 9.967315673828125 22
1698155205119 10.123835563659668 23
1698155205589 9.861055374145508 24
