1698154106308 58.27559280395508 0
1698154106661 38.48671340942383 1
1698154106978 36.52497100830078 2
1698154107334 32.062904357910156 3
1698154107589 25.892885208129883 4
1698154107860 25.023475646972656 5
1698154108136 22.018049240112305 6
1698154108397 20.039779663085938 7
1698154108640 19.52596092224121 8
1698154108889 18.490991592407227 9
1698154109139 16.960084915161133 10
1698154109391 16.702110290527344 11
1698154109632 16.92132568359375 12
1698154109883 16.79871368408203 13
1698154110138 16.59992790222168 14
1698154110396 16.56951141357422 15
1698154110635 16.459192276000977 16
1698154110875 16.11241912841797 17
1698154111174 16.370708465576172 18
1698154111407 16.222280502319336 19
1698154111642 15.818219184875488 20
1698154111870 15.877021789550781 21
1698154112095 15.704106330871582 22
1698154112349 15.26745891571045 23
1698154112629 15.04947566986084 24
1698154112852 15.300544738769531 25
1698154113086 15.008493423461914 26
1698154113335 15.605863571166992 27
1698154113606 15.20978832244873 28
1698154113851 14.363730430603027 29
1698154114092 14.556816101074219 30
1698154114348 14.620651245117188 31
1698154114582 14.105990409851074 32
1698154114819 14.211673736572266 33
1698154115063 14.034496307373047 34
1698154115320 13.940349578857422 35
1698154115564 13.986764907836914 36
1698154115826 13.649097442626953 37
1698154116069 13.467991828918457 38
1698154116336 14.24416732788086 39
1698154116583 13.739568710327148 40
1698154116817 13.381025314331055 41
1698154117105 13.54410457611084 42
1698154117356 13.05722713470459 43
1698154117591 12.826780319213867 44
1698154117883 12.988527297973633 45
1698154118129 12.702784538269043 46
1698154118389 12.971405982971191 47
1698154118621 12.836443901062012 48
1698154118862 12.612736701965332 49
1698154119098 12.404964447021484 50
1698154119356 12.996463775634766 51
1698154119609 12.62444019317627 52
1698154119852 12.879775047302246 53
1698154120080 12.444156646728516 54
1698154120316 12.919672966003418 55
1698154120552 12.678914070129395 56
