1698156310114 71.08949279785156 0
1698156312169 47.6915168762207 1
1698156315336 34.02896499633789 2
1698156318913 27.56780242919922 3
1698156321790 25.8292293548584 4
1698156324297 23.812225341796875 5
1698156327573 22.42377281188965 6
1698156331713 21.38941764831543 7
1698156335469 22.6241455078125 8
1698156339052 19.670108795166016 9
1698156341109 19.095617294311523 10
1698156343350 19.011240005493164 11
1698156345067 18.010652542114258 12
1698156346887 18.11522674560547 13
1698156348434 18.00282096862793 14
1698156350259 18.356021881103516 15
1698156352208 16.64602279663086 16
1698156354250 16.524961471557617 17
1698156356021 17.572429656982422 18
1698156357630 16.434547424316406 19
1698156359948 16.264318466186523 20
1698156362271 16.613380432128906 21
1698156364867 16.44381332397461 22
1698156368203 15.842107772827148 23
