1698171870215 0.10148382186889648 0
1698171870737 0.02927006222307682 1
1698171871092 0.023317277431488037 2
1698171871480 0.023749930784106255 3
1698171871862 0.021560262888669968 4
1698171872225 0.021210992708802223 5
1698171872567 0.020330920815467834 6
1698171872899 0.01912698708474636 7
1698171873263 0.018912876024842262 8
1698171873615 0.017574042081832886 9
1698171873954 0.015036601573228836 10
1698171874308 0.015087584964931011 11
1698171874652 0.013954157941043377 12
1698171875051 0.013818097300827503 13
1698171875477 0.01368381641805172 14
1698171875847 0.012789949774742126 15
1698171876185 0.016150716692209244 16
1698171876549 0.012631640769541264 17
1698171876879 0.013487588614225388 18
1698171877259 0.012122689746320248 19
1698171877606 0.015109122730791569 20
1698171878068 0.013076595962047577 21
1698171878473 0.01070199441164732 22
1698171878848 0.01224705670028925 23
1698171879194 0.011385216377675533 24
1698171879535 0.012560632079839706 25
1698171879876 0.012552035041153431 26
1698171880195 0.012860724702477455 27
1698171880551 0.011570117436349392 28
1698171880906 0.011606632731854916 29
1698171881254 0.011791223660111427 30
1698171881601 0.011241608299314976 31
1698171881925 0.011659675277769566 32
1698171882305 0.01337894145399332 33
1698171882648 0.009986109100282192 34
1698171882995 0.011270495131611824 35
1698171883368 0.01126118004322052 36
1698171883709 0.009949126280844212 37
1698171884063 0.014908922836184502 38
1698171884422 0.01157876942306757 39
1698171884760 0.012289905920624733 40
1698171885097 0.00998901017010212 41
1698171885537 0.011253912933170795 42
1698171885887 0.012942351400852203 43
1698171886355 0.012054000049829483 44
1698171886780 0.010734817944467068 45
1698171887408 0.013325733132660389 46
1698171887742 0.011752668768167496 47
1698171888087 0.009509269148111343 48
1698171888440 0.010842669755220413 49
