1698171870215 33.08700180053711 0
1698171870737 17.226964950561523 1
1698171871092 15.036993026733398 2
1698171871480 14.245931625366211 3
1698171871862 13.781664848327637 4
1698171872225 13.766030311584473 5
1698171872567 13.173830032348633 6
1698171872899 12.638097763061523 7
1698171873263 12.407532691955566 8
1698171873615 12.68696117401123 9
1698171873954 11.439177513122559 10
1698171874308 11.722038269042969 11
1698171874652 11.320213317871094 12
1698171875051 11.646013259887695 13
1698171875477 11.437173843383789 14
1698171875847 10.852548599243164 15
1698171876185 11.723365783691406 16
1698171876549 10.71599292755127 17
1698171876879 10.669729232788086 18
1698171877259 10.377571105957031 19
1698171877606 11.149630546569824 20
1698171878068 10.87832260131836 21
1698171878473 10.425457000732422 22
1698171878848 9.818866729736328 23
1698171879194 10.589749336242676 24
1698171879535 10.2650146484375 25
1698171879876 10.574371337890625 26
1698171880195 10.999229431152344 27
1698171880551 9.822332382202148 28
1698171880906 10.570157051086426 29
1698171881254 10.248283386230469 30
1698171881601 9.747037887573242 31
1698171881925 9.731217384338379 32
1698171882305 9.66205883026123 33
1698171882648 9.51508903503418 34
1698171882995 10.245095252990723 35
1698171883368 9.553475379943848 36
1698171883709 9.214479446411133 37
1698171884063 11.7005615234375 38
1698171884422 9.843953132629395 39
1698171884760 9.936517715454102 40
1698171885097 9.26534652709961 41
1698171885537 9.515655517578125 42
1698171885887 9.607634544372559 43
1698171886355 9.205074310302734 44
1698171886780 9.377542495727539 45
1698171887408 10.305460929870605 46
1698171887742 9.650609970092773 47
1698171888087 9.063583374023438 48
1698171888440 9.366382598876953 49
