1698169275914 71.08738708496094 0
1698169276235 30.027679443359375 1
1698169276533 23.93658447265625 2
1698169276795 20.144519805908203 3
1698169277030 19.36185646057129 4
1698169277258 18.328369140625 5
1698169277476 18.34976577758789 6
1698169277740 17.91286277770996 7
1698169277955 17.4208984375 8
1698169278239 17.101064682006836 9
1698169278466 17.230825424194336 10
1698169278707 16.68459701538086 11
1698169278985 16.597900390625 12
1698169279250 16.60081672668457 13
1698169279477 16.347688674926758 14
1698169279694 15.99241828918457 15
1698169279923 16.151208877563477 16
1698169280149 15.718096733093262 17
1698169280417 15.695597648620605 18
1698169280667 15.57313346862793 19
1698169280903 15.566146850585938 20
1698169281143 15.199637413024902 21
1698169281355 15.5954008102417 22
1698169281627 15.379191398620605 23
1698169281889 15.44204330444336 24
1698169282180 15.096490859985352 25
1698169282405 15.221835136413574 26
1698169282621 15.030304908752441 27
1698169282859 14.873983383178711 28
1698169283138 14.754572868347168 29
1698169283491 14.667450904846191 30
1698169283790 14.59343433380127 31
1698169284106 14.611737251281738 32
1698169284358 14.364286422729492 33
1698169284601 14.375052452087402 34
1698169284814 14.139132499694824 35
1698169285080 13.838337898254395 36
1698169285322 13.824010848999023 37
1698169285625 14.481279373168945 38
1698169285884 14.008810997009277 39
1698169286153 13.655054092407227 40
1698169286604 13.787986755371094 41
1698169286856 13.728204727172852 42
1698169287073 13.612074851989746 43
1698169287292 13.56636905670166 44
1698169287518 13.554192543029785 45
1698169287742 13.426628112792969 46
1698169287977 13.583921432495117 47
1698169288194 13.280316352844238 48
1698169288461 13.244855880737305 49
