1698179797342 0.10052160918712616 0
1698179797476 0.09287743270397186 1
1698179797604 0.08580690622329712 2
1698179797759 0.07847681641578674 3
1698179797935 0.07195546478033066 4
1698179798080 0.0640248954296112 5
1698179798228 0.056629881262779236 6
1698179798364 0.04962029680609703 7
1698179798512 0.0421508327126503 8
1698179798686 0.03469162434339523 9
1698179798850 0.028185024857521057 10
1698179798986 0.02086605131626129 11
1698179799130 0.014798964373767376 12
1698179799281 0.010210613720119 13
1698179799440 0.006292215548455715 14
1698179799622 0.003952552564442158 15
1698179799836 0.0026299210730940104 16
1698179800015 0.0023264747578650713 17
1698179800153 0.0018933357205241919 18
1698179800291 0.0018682667287066579 19
1698179800443 0.0015313380863517523 20
1698179800580 0.0014595361426472664 21
1698179800718 0.0014281246112659574 22
1698179800862 0.0014508405001834035 23
1698179801007 0.0012943439651280642 24
1698179801142 0.001367477816529572 25
1698179801278 0.001498819445259869 26
1698179801412 0.0013366651255637407 27
1698179801557 0.0013849376700818539 28
1698179801698 0.0015081869205459952 29
1698179801835 0.001448400435037911 30
1698179801971 0.0013648978201672435 31
1698179802097 0.0013672701315954328 32
1698179802234 0.0013976357877254486 33
1698179802370 0.001441901782527566 34
1698179802506 0.0012908256612718105 35
1698179802644 0.0013477790635079145 36
1698179802780 0.0011342999059706926 37
1698179802946 0.0016324176685884595 38
1698179803082 0.0015077817952260375 39
1698179803230 0.001479276455938816 40
1698179803378 0.0014297027373686433 41
1698179803509 0.0012206677347421646 42
1698179803638 0.001224519801326096 43
1698179803773 0.0014165763277560472 44
1698179803913 0.001645958865992725 45
1698179804047 0.001192849245853722 46
1698179804200 0.0011651059612631798 47
1698179804343 0.0013918753247708082 48
1698179804481 0.0014984480803832412 49
