1698179797342 7108.87158203125 0
1698179797476 7915.74658203125 1
1698179797604 15514.4609375 2
1698179797759 21126.357421875 3
1698179797935 16715.9296875 4
1698179798080 13322.4306640625 5
1698179798228 16452.09765625 6
1698179798364 21087.568359375 7
1698179798512 15126.2939453125 8
1698179798686 16224.2529296875 9
1698179798850 11477.9296875 10
1698179798986 9624.42578125 11
1698179799130 11016.7900390625 12
1698179799281 20254.09375 13
1698179799440 567.8592529296875 14
1698179799622 6384.4619140625 15
1698179799836 3754.033447265625 16
1698179800015 4456.34521484375 17
1698179800153 24006.9609375 18
1698179800291 20280.591796875 19
1698179800443 12175.7841796875 20
1698179800580 16462.482421875 21
1698179800718 5124.71875 22
1698179800862 3952.66748046875 23
1698179801007 6205.28564453125 24
1698179801142 1019.0831909179688 25
1698179801278 4764.9296875 26
1698179801412 24664.0625 27
1698179801557 6681.052734375 28
1698179801698 3037.768798828125 29
1698179801835 6175.4970703125 30
1698179801971 5505.15234375 31
1698179802097 14582.9921875 32
1698179802234 7474.6845703125 33
1698179802370 7129.9453125 34
1698179802506 5523.46435546875 35
1698179802644 6587.35498046875 36
1698179802780 3434.9169921875 37
1698179802946 5202.49169921875 38
1698179803082 6593.55126953125 39
1698179803230 543.3861083984375 40
1698179803378 3748.280029296875 41
1698179803509 5697.431640625 42
1698179803638 20697.97265625 43
1698179803773 15910.7080078125 44
1698179803913 1455.3211669921875 45
1698179804047 4736.66015625 46
1698179804200 4718.609375 47
1698179804343 4960.123046875 48
1698179804481 2556.49853515625 49
