1698231205970 3.733532428741455 0
1698231206212 0.6473743319511414 1
1698231206461 0.4230571985244751 2
1698231206695 0.3913312554359436 3
1698231206921 0.33704572916030884 4
1698231207155 0.3164486885070801 5
1698231207388 0.3138081431388855 6
1698231207622 0.3000957667827606 7
1698231207874 0.27523425221443176 8
1698231208132 0.28278547525405884 9
1698231208375 0.2508883774280548 10
1698231208616 0.2401895672082901 11
1698231208866 0.2476954460144043 12
1698231209116 0.20755186676979065 13
1698231209351 0.20644302666187286 14
1698231209593 0.20238259434700012 15
1698231209837 0.21965491771697998 16
1698231210075 0.19720129668712616 17
1698231210320 0.18726059794425964 18
1698231210552 0.18726515769958496 19
1698231210794 0.18463705480098724 20
1698231211026 0.17462705075740814 21
1698231211275 0.15845957398414612 22
1698231211519 0.15999625623226166 23
1698231211844 0.17197461426258087 24
1698231212086 0.17562709748744965 25
1698231212311 0.18262064456939697 26
1698231212552 0.16761662065982819 27
1698231212798 0.149361714720726 28
1698231213046 0.1559509038925171 29
1698231213289 0.16484448313713074 30
1698231213513 0.17109481990337372 31
1698231213747 0.1637551188468933 32
1698231214007 0.15410152077674866 33
1698231214375 0.1551220864057541 34
1698231215335 0.15736143290996552 35
1698231215577 0.15090738236904144 36
1698231215820 0.1360001564025879 37
1698231216047 0.13003940880298615 38
1698231216287 0.1411551535129547 39
1698231216524 0.15456917881965637 40
1698231216774 0.13846009969711304 41
1698231217016 0.14628466963768005 42
1698231217247 0.13845616579055786 43
1698231217490 0.16682647168636322 44
1698231217717 0.1547335386276245 45
1698231218246 0.1390208750963211 46
1698231218479 0.1394842565059662 47
1698231218721 0.12193360924720764 48
1698231218970 0.14255976676940918 49
