1698179939527 41045.66796875 0
1698179939751 29814.283203125 1
1698179939988 16962.650390625 2
1698179940245 19344.658203125 3
1698179940477 15817.9853515625 4
1698179940741 15111.2958984375 5
1698179940997 9357.5400390625 6
1698179941234 16513.712890625 7
1698179941510 19133.126953125 8
1698179941778 16681.5234375 9
1698179942136 197.3717498779297 10
1698179942396 12656.3212890625 11
1698179942622 9837.55859375 12
1698179942849 18107.560546875 13
1698179943077 14301.9541015625 14
1698179943305 17853.279296875 15
1698179943553 22184.625 16
1698179943779 9845.873046875 17
1698179944007 7199.24365234375 18
1698179944255 2794.907958984375 19
1698179944496 11477.486328125 20
1698179944726 8758.515625 21
1698179944958 15789.41796875 22
1698179945188 6714.54248046875 23
1698179945432 16997.86328125 24
1698179945668 1724.6124267578125 25
1698179945898 3576.15576171875 26
1698179946124 4606.55908203125 27
1698179946347 2135.590576171875 28
1698179946592 8633.904296875 29
1698179946808 2198.459228515625 30
1698179947037 8825.5751953125 31
1698179947265 9486.7958984375 32
1698179947514 4373.8564453125 33
1698179947747 3983.3818359375 34
1698179947976 2007.86767578125 35
1698179948207 16307.865234375 36
1698179948456 6761.33740234375 37
1698179948686 14837.2333984375 38
1698179948915 31258.009765625 39
1698179949147 13164.6240234375 40
1698179949402 9699.1474609375 41
1698179949629 10053.85546875 42
1698179949865 1157.1492919921875 43
1698179950114 6689.3271484375 44
1698179950350 21908.6796875 45
1698179950606 12692.5322265625 46
1698179950851 4083.448486328125 47
1698179951137 3587.011962890625 48
1698179951396 17881.365234375 49
