1698150224682 0.1600589007139206 0
1698150226392 0.07952503114938736 1
1698150227998 0.04844796657562256 2
1698150229513 0.03832297399640083 3
1698150231222 0.03160019591450691 4
1698150232915 0.02699318528175354 5
1698150234468 0.02492007240653038 6
1698150236010 0.023258589208126068 7
1698150237572 0.021619176492094994 8
1698150239172 0.01984648033976555 9
1698150240739 0.018862059339880943 10
1698150242236 0.018353691324591637 11
1698150243871 0.016648754477500916 12
1698150245390 0.01671011559665203 13
1698150247179 0.01648245006799698 14
1698150248813 0.015705637633800507 15
1698150250341 0.01583525538444519 16
1698150251967 0.015534617006778717 17
1698150253614 0.01588619500398636 18
1698150255153 0.01584000140428543 19
1698150256676 0.014903499744832516 20
1698150258248 0.014712760224938393 21
1698150259974 0.01482293102890253 22
1698150261508 0.015000123530626297 23
1698150263049 0.014082455076277256 24
1698150264623 0.01423286646604538 25
1698150266252 0.014451095834374428 26
1698150267948 0.014598269015550613 27
