1698169194290 0.0819641500711441 0
1698169194564 0.03322674706578255 1
1698169194977 0.02720298059284687 2
1698169195286 0.02416127361357212 3
1698169195533 0.021994004026055336 4
1698169195947 0.02083948813378811 5
1698169196252 0.020441072061657906 6
1698169196515 0.018892556428909302 7
1698169197355 0.01855710707604885 8
1698169197705 0.0183772724121809 9
1698169198109 0.017884807661175728 10
1698169198444 0.016984524205327034 11
1698169198770 0.017959289252758026 12
1698169199071 0.017282461747527122 13
1698169199355 0.016367526724934578 14
1698169199702 0.016129955649375916 15
1698169199987 0.01612386293709278 16
1698169200342 0.015877511352300644 17
1698169200651 0.015241912566125393 18
1698169201000 0.015078132040798664 19
1698169201337 0.015345467254519463 20
1698169201632 0.015267331153154373 21
1698169201913 0.014774024486541748 22
1698169202212 0.014686094596982002 23
1698169202488 0.013746512122452259 24
1698169202777 0.014066989533603191 25
1698169203058 0.013915900141000748 26
1698169203341 0.013634249567985535 27
1698169203601 0.013636138290166855 28
1698169203886 0.01368345133960247 29
1698169204159 0.013597812503576279 30
1698169204433 0.013221297413110733 31
1698169204724 0.013350073248147964 32
1698169205009 0.013714002445340157 33
1698169205275 0.013316908851265907 34
1698169205564 0.013284802436828613 35
1698169205917 0.013004518114030361 36
1698169206240 0.013478117994964123 37
1698169206530 0.013333476148545742 38
1698169206805 0.013202017173171043 39
1698169207084 0.012750509195029736 40
1698169207374 0.012886849232017994 41
1698169207690 0.012528003193438053 42
1698169207951 0.012137196026742458 43
1698169208282 0.012297960929572582 44
1698169208582 0.012431780807673931 45
1698169208962 0.012006266042590141 46
1698169209335 0.012188408523797989 47
1698169209744 0.0116542624309659 48
1698169210146 0.011940345168113708 49
