1698161361929 60.748069763183594 0
1698161362475 37.241844177246094 1
1698161362984 25.168920516967773 2
1698161363536 23.18265151977539 3
1698161363995 20.842992782592773 4
1698161364449 18.606191635131836 5
1698161364961 17.853416442871094 6
1698161365417 16.29828643798828 7
1698161365905 16.03390884399414 8
1698161366376 14.346976280212402 9
1698161366866 13.793465614318848 10
1698161367344 13.333622932434082 11
1698161367824 13.187362670898438 12
1698161368370 12.790474891662598 13
1698161368888 12.377854347229004 14
1698161369420 12.205565452575684 15
1698161369903 12.351935386657715 16
