1698226897745 25805.92578125 0
1698226898075 21664.509765625 1
1698226898352 16299.9912109375 2
1698226898658 16839.00390625 3
1698226899120 17914.125 4
1698226899452 15230.5458984375 5
1698226899741 18805.81640625 6
1698226900041 16567.228515625 7
1698226900346 14340.2919921875 8
1698226900690 15482.0556640625 9
1698226900971 12429.515625 10
1698226901287 11978.6796875 11
1698226901586 16656.17578125 12
1698226901896 13968.103515625 13
1698226902207 11421.3671875 14
1698226902515 13434.486328125 15
1698226902864 14217.0068359375 16
1698226903169 13117.6748046875 17
1698226903510 12194.556640625 18
1698226903831 13064.1767578125 19
1698226904180 13768.646484375 20
1698226905677 14985.703125 21
1698226906016 15338.79296875 22
1698226907680 12007.8671875 23
1698226908028 13258.4892578125 24
1698226908336 11989.58984375 25
1698226908659 15214.6044921875 26
1698226908990 14684.00390625 27
1698226909321 11878.0771484375 28
1698226909638 15615.9072265625 29
1698226909925 11050.5048828125 30
1698226910226 13514.5556640625 31
1698226910517 13054.3564453125 32
1698226910806 13799.9765625 33
1698226911098 13063.20703125 34
1698226911418 14926.697265625 35
1698226911725 13035.7236328125 36
1698226912028 13201.3662109375 37
1698226912302 16157.4736328125 38
1698226912575 17107.828125 39
1698226912851 15943.580078125 40
1698226913142 12147.076171875 41
1698226913407 17844.4921875 42
1698226913706 15346.4990234375 43
1698226913981 13309.2490234375 44
1698226914263 19072.435546875 45
1698226914554 14889.1435546875 46
1698226914852 13204.0595703125 47
1698226915155 14063.53125 48
1698226915468 21890.802734375 49
