1698180724442 14.94216251373291 0
1698180724717 10.519092559814453 1
1698180725022 9.855589866638184 2
1698180725301 9.925600051879883 3
1698180725584 8.853114128112793 4
1698180725871 8.865044593811035 5
1698180726163 8.35452938079834 6
1698180726447 8.075231552124023 7
1698180726742 10.288532257080078 8
1698180727032 8.71572208404541 9
1698180727326 8.234864234924316 10
1698180727614 8.88617992401123 11
1698180727913 7.269957065582275 12
1698180728221 6.9973063468933105 13
1698180728508 7.210621356964111 14
1698180728815 8.058835983276367 15
