1698178663941 7590.22802734375 0
1698178664181 1375.8807373046875 1
1698178664375 3355.61083984375 2
1698178664556 2453.10107421875 3
1698178664751 3491.086181640625 4
1698178664943 10379.7744140625 5
1698178665117 2537.3203125 6
1698178665288 4343.7265625 7
1698178665473 4447.466796875 8
1698178665662 4374.958984375 9
1698178665840 3519.49072265625 10
1698178666016 6699.8046875 11
1698178666188 10532.8515625 12
1698178666360 10908.626953125 13
1698178666529 684.6116333007812 14
1698178666721 118.20619201660156 15
1698178666922 8025.56787109375 16
1698178667145 9863.7763671875 17
1698178667321 4519.5810546875 18
1698178667503 8290.4150390625 19
1698178667686 7497.2685546875 20
1698178667870 4157.40478515625 21
1698178668041 4768.72802734375 22
1698178668205 455.456298828125 23
1698178668380 12783.6875 24
1698178668549 7695.119140625 25
1698178668739 6049.02880859375 26
1698178668913 4881.61279296875 27
1698178669084 4819.02880859375 28
1698178669257 5071.46044921875 29
1698178669456 6897.77294921875 30
1698178669644 7060.15087890625 31
1698178669818 6205.802734375 32
1698178669993 9098.5107421875 33
1698178670169 6108.38818359375 34
1698178670345 2571.580322265625 35
1698178670526 5666.65087890625 36
1698178670703 5704.853515625 37
1698178670880 3578.222412109375 38
1698178671054 12330.6552734375 39
1698178671227 8349.5244140625 40
1698178671391 4330.79736328125 41
1698178671566 7455.81298828125 42
1698178671768 4978.53564453125 43
1698178671931 5648.19580078125 44
1698178672105 3007.448974609375 45
1698178672283 8279.0732421875 46
1698178672466 876.4315795898438 47
1698178672648 9507.654296875 48
1698178672844 5884.68115234375 49
