1698228055634 0.04516870528459549 0
1698228057800 0.006203338038176298 1
1698228058963 0.004179706331342459 2
1698228060177 0.00320962886326015 3
1698228062082 0.002652808092534542 4
1698228063170 0.002395292744040489 5
1698228064269 0.002339895348995924 6
1698228066499 0.002141207456588745 7
1698228067607 0.0021388258319348097 8
1698228069260 0.0018430021591484547 9
1698228070369 0.0019347787601873279 10
1698228072870 0.0016181260580196977 11
1698228073983 0.001722276327200234 12
1698228075193 0.0017317832680419087 13
1698228076342 0.0018742831889539957 14
1698228078040 0.0016604772536084056 15
1698228080039 0.0015394167276099324 16
1698228081163 0.0015861394349485636 17
1698228082274 0.0015444644959643483 18
1698228083794 0.0015449101338163018 19
1698228085840 0.0014399962965399027 20
1698228087774 0.001442416338250041 21
1698228089347 0.0015970778185874224 22
