1698228055634 45668.21484375 0
1698228057800 39053.5 1
1698228058963 26397.634765625 2
1698228060177 22281.185546875 3
1698228062082 17211.92578125 4
1698228063170 23414.107421875 5
1698228064269 19782.0078125 6
1698228066499 18605.09765625 7
1698228067607 17137.16015625 8
1698228069260 21038.2265625 9
1698228070369 15776.4404296875 10
1698228072870 21164.103515625 11
1698228073983 17514.0234375 12
1698228075193 19290.337890625 13
1698228076342 18667.93359375 14
1698228078040 14160.2939453125 15
1698228080039 16241.7294921875 16
1698228081163 18947.14453125 17
1698228082274 18880.462890625 18
1698228083794 16335.5361328125 19
1698228085840 16812.044921875 20
1698228087774 17699.841796875 21
1698228089347 14243.6806640625 22
