1698171622760 0.0623377226293087 0
1698171623427 0.011008144356310368 1
1698171624052 0.009346937760710716 2
1698171624754 0.008559433743357658 3
1698171625542 0.007639886811375618 4
1698171626146 0.00684534665197134 5
1698171626666 0.006474518682807684 6
1698171627216 0.005819257814437151 7
1698171627758 0.004885734524577856 8
1698171628305 0.005400833208113909 9
1698171628857 0.005214773118495941 10
1698171629413 0.00505811395123601 11
1698171629930 0.004797291476279497 12
1698171630460 0.004843485541641712 13
1698171630980 0.004628150258213282 14
1698171631520 0.004310102667659521 15
1698171632094 0.004120670724660158 16
1698171632650 0.0043200417421758175 17
1698171633258 0.004296152852475643 18
1698171633819 0.004267158452421427 19
1698171634376 0.003938342910259962 20
1698171634971 0.004250830505043268 21
1698171635525 0.0038331986870616674 22
1698171636031 0.0037485146895051003 23
1698171636648 0.003846069797873497 24
1698171637163 0.004178926814347506 25
1698171637767 0.0038789757527410984 26
1698171638339 0.0034358270931988955 27
1698171638998 0.0031637591309845448 28
1698171639861 0.0034504947252571583 29
1698171640691 0.0036516585387289524 30
1698171641525 0.003887058002874255 31
1698171642267 0.003339914372190833 32
1698171643040 0.0034092089626938105 33
1698171643579 0.00340393022634089 34
1698171644137 0.0039062220603227615 35
1698171644684 0.0035215907264500856 36
1698171645403 0.003718920750543475 37
1698171646042 0.004306163638830185 38
1698171646610 0.003148504067212343 39
1698171647181 0.0031210784800350666 40
1698171647716 0.0032265775371342897 41
1698171648274 0.003296859096735716 42
1698171648817 0.003324264194816351 43
1698171649509 0.0036487956531345844 44
1698171650220 0.00316612864844501 45
1698171650757 0.0035251446533948183 46
1698171651517 0.0029251754749566317 47
1698171652097 0.0032260967418551445 48
1698171652651 0.0032003966625779867 49
