1698185469057 907.894775390625 0
1698185469223 108.99117279052734 1
1698185469402 216.7655029296875 2
1698185469587 138.8765106201172 3
1698185469801 138.8414764404297 4
1698185469990 121.39305114746094 5
1698185470170 97.34131622314453 6
1698185470350 161.7918701171875 7
1698185470533 135.8343963623047 8
1698185470733 147.75880432128906 9
1698185470921 92.25191497802734 10
1698185471114 120.37922668457031 11
1698185471302 99.26815032958984 12
1698185471482 97.17982482910156 13
1698185471679 120.84085083007812 14
1698185471862 105.524169921875 15
1698185472048 98.73267364501953 16
1698185472234 105.46401977539062 17
1698185472463 96.10322570800781 18
1698185472660 93.77909088134766 19
1698185472839 127.39031982421875 20
1698185473023 131.88906860351562 21
1698185473312 123.96050262451172 22
1698185473511 181.3856201171875 23
1698185473756 91.18626403808594 24
1698185473985 163.50184631347656 25
1698185474203 216.48838806152344 26
1698185474413 170.31459045410156 27
1698185474617 111.78346252441406 28
1698185474936 102.9945297241211 29
1698185475196 100.41616821289062 30
1698185475418 83.7860336303711 31
1698185475599 87.04435729980469 32
1698185475816 125.83441925048828 33
1698185475997 83.61195373535156 34
1698185476195 82.15767669677734 35
1698185476382 148.171630859375 36
1698185476570 120.96711730957031 37
1698185476774 109.82010650634766 38
1698185476965 127.67655944824219 39
1698185477150 97.42424774169922 40
1698185477335 100.88121795654297 41
1698185477579 119.78067779541016 42
1698185477779 93.8137435913086 43
1698185477962 98.931884765625 44
1698185478143 95.85051727294922 45
1698185478363 137.95875549316406 46
1698185478545 83.10250091552734 47
1698185478739 96.88239288330078 48
1698185478929 140.4627227783203 49
