1698184052828 27013.80078125 0
1698184052989 20683.0625 1
1698184053148 20542.03125 2
1698184053306 20129.1875 3
1698184053482 42727.1796875 4
1698184053659 22069.71484375 5
1698184053812 27481.44140625 6
1698184053967 24851.720703125 7
1698184054126 30033.197265625 8
1698184054296 31877.916015625 9
1698184054466 39833.05078125 10
1698184054620 25606.326171875 11
1698184054775 36525.76171875 12
1698184054947 28022.60546875 13
1698184055096 22222.53125 14
1698184055249 23807.521484375 15
1698184055427 16013.6103515625 16
