1698179167388 65.30484008789062 0
1698179168255 29.68002700805664 1
1698179169120 15.130209922790527 2
1698179169992 13.910115242004395 3
1698179170869 11.868887901306152 4
1698179171736 11.462449073791504 5
1698179172678 11.2816162109375 6
1698179173554 10.603713989257812 7
1698179174384 11.554627418518066 8
1698179175380 11.600180625915527 9
1698179176378 9.769972801208496 10
1698179177327 9.826216697692871 11
1698179178277 9.612970352172852 12
1698179179170 11.684805870056152 13
1698179180030 10.66014575958252 14
1698179180871 10.595232009887695 15
1698179181771 9.517609596252441 16
1698179182650 9.487586975097656 17
1698179183522 10.020472526550293 18
1698179184384 9.982545852661133 19
1698179185242 11.949858665466309 20
1698179186079 11.513916969299316 21
1698179186923 8.822652816772461 22
1698179187811 9.958077430725098 23
1698179188796 9.144136428833008 24
1698179189897 8.769620895385742 25
1698179190755 9.310210227966309 26
1698179191627 8.83846664428711 27
1698179192494 8.750739097595215 28
1698179193365 10.1724853515625 29
1698179194202 10.418749809265137 30
1698179195049 9.043623924255371 31
1698179195931 9.123848915100098 32
1698179196792 8.356316566467285 33
1698179197667 9.088364601135254 34
1698179198541 8.760939598083496 35
1698179199425 8.307027816772461 36
1698179200388 7.824706077575684 37
1698179201245 8.263474464416504 38
