1698160285777 76.46035766601562 0
1698160286678 50.015647888183594 1
1698160287496 44.35453414916992 2
1698160288212 39.030784606933594 3
1698160288974 33.976078033447266 4
1698160289746 30.313753128051758 5
1698160290501 27.991975784301758 6
1698160291280 26.79020881652832 7
1698160292179 26.29239273071289 8
1698160292913 25.14902114868164 9
1698160293715 24.32042121887207 10
1698160294507 24.017913818359375 11
1698160295456 23.381027221679688 12
1698160296232 22.828889846801758 13
1698160297082 22.43220329284668 14
1698160297928 21.971715927124023 15
1698160298732 21.778175354003906 16
1698160299440 21.252161026000977 17
1698160300177 21.31711769104004 18
1698160300869 20.882633209228516 19
1698160301575 20.188810348510742 20
1698160302340 20.108423233032227 21
1698160303062 20.11150360107422 22
1698160303932 19.495882034301758 23
1698160304756 19.485942840576172 24
1698160305669 19.262258529663086 25
1698160306388 19.027057647705078 26
