1698173516522 90.17633056640625 0
1698173516738 31.846920013427734 1
1698173516961 27.000411987304688 2
1698173517175 21.96781349182129 3
1698173517410 30.767107009887695 4
1698173517635 19.55267333984375 5
1698173517857 22.945104598999023 6
1698173518144 21.892314910888672 7
1698173518392 23.47425079345703 8
1698173518633 18.74090003967285 9
1698173518858 25.02655601501465 10
1698173519078 25.21236228942871 11
1698173519307 20.01854705810547 12
1698173519530 17.72928237915039 13
1698173519756 24.274436950683594 14
1698173519996 19.852235794067383 15
1698173520219 20.332246780395508 16
1698173520442 14.44863510131836 17
1698173520650 15.89985179901123 18
1698173520870 19.911779403686523 19
1698173521130 15.974468231201172 20
1698173521355 18.43276023864746 21
1698173521598 16.96708869934082 22
1698173521825 17.326862335205078 23
1698173522056 14.426177978515625 24
1698173522277 13.78033447265625 25
1698173522521 15.074609756469727 26
1698173522756 14.85947322845459 27
1698173522975 16.326160430908203 28
1698173523202 15.38498592376709 29
1698173523484 17.729019165039062 30
1698173523727 12.574543952941895 31
1698173524006 17.464902877807617 32
1698173524283 14.856553077697754 33
1698173524530 20.711763381958008 34
1698173524921 16.75139617919922 35
1698173525191 17.379995346069336 36
1698173525420 17.964094161987305 37
1698173525662 17.108882904052734 38
1698173525927 17.486841201782227 39
1698173526185 17.399572372436523 40
1698173526412 18.653215408325195 41
1698173526646 19.632110595703125 42
1698173526965 19.47859001159668 43
1698173527288 21.341182708740234 44
1698173527532 21.779739379882812 45
1698173527758 15.251629829406738 46
1698173528012 15.707547187805176 47
1698173528322 20.806766510009766 48
1698173528573 18.602685928344727 49
