1698183654045 44.41373825073242 0
1698183654392 29.690574645996094 1
1698183654765 25.568912506103516 2
1698183655117 25.56261444091797 3
1698183655486 23.826833724975586 4
1698183655837 22.863548278808594 5
1698183656175 21.683887481689453 6
1698183656575 19.942882537841797 7
1698183656929 20.36534309387207 8
1698183657281 21.704843521118164 9
1698183657722 19.57122039794922 10
1698183658133 19.773784637451172 11
1698183658518 19.504838943481445 12
1698183658919 18.488304138183594 13
1698183659298 18.726945877075195 14
1698183659660 18.829965591430664 15
1698183660015 21.592241287231445 16
1698183660369 20.950237274169922 17
1698183660733 18.896347045898438 18
1698183661089 19.285858154296875 19
1698183661436 21.610506057739258 20
1698183661797 19.24653434753418 21
1698183662136 19.014636993408203 22
1698183662485 20.565004348754883 23
1698183662853 18.81147003173828 24
1698183663229 18.863494873046875 25
1698183663581 19.611501693725586 26
1698183663942 19.550138473510742 27
1698183664293 18.997970581054688 28
1698183664644 19.951749801635742 29
1698183665026 21.175418853759766 30
1698183665379 21.53709602355957 31
1698183665749 20.210193634033203 32
1698183666103 21.57384490966797 33
1698183666456 20.586517333984375 34
1698183666827 20.837156295776367 35
1698183667175 20.86436653137207 36
1698183667534 22.67626953125 37
1698183667978 20.54119300842285 38
1698183668378 20.30327606201172 39
1698183668747 20.412004470825195 40
1698183669120 22.320892333984375 41
1698183669475 20.981977462768555 42
1698183669848 21.89487648010254 43
1698183670270 21.232526779174805 44
1698183670659 20.70037078857422 45
1698183671115 22.210250854492188 46
1698183671535 20.653053283691406 47
1698183671894 20.1408634185791 48
1698183672258 21.34209442138672 49
