1698148650583 0.062493376433849335 0
1698148651305 0.03344104066491127 1
1698148651985 0.022216610610485077 2
1698148652591 0.01741231419146061 3
1698148653179 0.014817381277680397 4
1698148653806 0.01285861898213625 5
1698148654493 0.011422209441661835 6
1698148655080 0.010162538848817348 7
1698148655717 0.009776280261576176 8
1698148656335 0.009151285514235497 9
1698148656949 0.008809903636574745 10
1698148657589 0.008524084463715553 11
1698148658187 0.007948867976665497 12
1698148658815 0.007867169566452503 13
1698148659465 0.007531285751610994 14
1698148660043 0.00749620096758008 15
1698148660658 0.007301901467144489 16
1698148661259 0.007065487559884787 17
1698148661861 0.007051738444715738 18
1698148662547 0.006983295548707247 19
1698148663133 0.0067421006970107555 20
1698148663747 0.006805900949984789 21
