1698148650583 45978.8828125 0
1698148651305 157604.375 1
1698148651985 124323.875 2
1698148652591 143313.0 3
1698148653179 97843.1640625 4
1698148653806 100686.96875 5
1698148654493 109574.8125 6
1698148655080 121025.609375 7
1698148655717 125579.546875 8
1698148656335 84974.0 9
1698148656949 95921.453125 10
1698148657589 100281.8828125 11
1698148658187 83596.2578125 12
1698148658815 91743.75 13
1698148659465 104753.03125 14
1698148660043 83127.9375 15
1698148660658 95073.890625 16
1698148661259 71020.90625 17
1698148661861 93761.2734375 18
1698148662547 106208.0546875 19
1698148663133 78028.7109375 20
1698148663747 106789.703125 21
