1698172158979 0.0456625334918499 0
1698172159239 0.0071145095862448215 1
1698172159525 0.005632562562823296 2
1698172159762 0.006026311777532101 3
1698172160037 0.005381295923143625 4
1698172160282 0.004741824697703123 5
1698172160528 0.005016879644244909 6
1698172160821 0.005128205753862858 7
1698172161076 0.004803970921784639 8
1698172161412 0.004764997866004705 9
1698172161694 0.0047002830542624 10
1698172161985 0.00496290810406208 11
1698172162260 0.004373207688331604 12
1698172162546 0.004271391313523054 13
1698172162828 0.0038362392224371433 14
1698172163123 0.004154599737375975 15
1698172163404 0.004259839653968811 16
1698172163688 0.004156972747296095 17
1698172163937 0.0042448146268725395 18
1698172164200 0.0037632181774824858 19
1698172164481 0.004258541390299797 20
1698172164789 0.0038513129111379385 21
1698172165051 0.0037260481622070074 22
1698172165345 0.0035061503294855356 23
1698172165627 0.003689315402880311 24
1698172165920 0.0035233991220593452 25
1698172166242 0.00345288822427392 26
1698172166528 0.003718087449669838 27
1698172166781 0.004170938860625029 28
1698172167046 0.0034400681033730507 29
1698172167298 0.003621459472924471 30
1698172167579 0.003501454833894968 31
1698172167842 0.0034799985587596893 32
1698172168111 0.003357423935085535 33
1698172168384 0.0037315506488084793 34
1698172168710 0.0032079045195132494 35
1698172169004 0.0034345940221101046 36
1698172169303 0.0032691399101167917 37
1698172169644 0.003736403537914157 38
1698172170018 0.0032642974983900785 39
1698172170471 0.0032860799692571163 40
1698172170823 0.003721561748534441 41
1698172171072 0.003436829661950469 42
1698172171343 0.0034099016338586807 43
1698172171640 0.0028075932059437037 44
1698172171964 0.003092177677899599 45
1698172172222 0.0032217917032539845 46
1698172172524 0.003112981328740716 47
1698172172816 0.003657122841104865 48
1698172173097 0.003425303613767028 49
