1698183630007 84.00843048095703 0
1698183630415 61.9615592956543 1
1698183630803 16.737346649169922 2
1698183631185 14.700868606567383 3
1698183631596 14.182214736938477 4
1698183631993 13.16648006439209 5
1698183632402 12.63904094696045 6
1698183632788 11.779277801513672 7
1698183633279 13.304619789123535 8
1698183633702 13.6267728805542 9
1698183634148 12.62925910949707 10
1698183634707 11.759553909301758 11
1698183635137 16.323829650878906 12
1698183635547 13.97178840637207 13
1698183635932 14.209526062011719 14
1698183636316 13.005999565124512 15
1698183636722 12.546671867370605 16
1698183637090 12.456181526184082 17
1698183637502 12.637229919433594 18
1698183637884 11.927699089050293 19
1698183638275 11.702947616577148 20
1698183638680 11.74080753326416 21
1698183639056 11.28331184387207 22
1698183639482 11.699259757995605 23
1698183639876 14.565369606018066 24
1698183640256 13.49242877960205 25
1698183640678 12.113889694213867 26
1698183641065 12.169673919677734 27
1698183641454 12.381381034851074 28
1698183641858 11.289345741271973 29
1698183642240 10.786914825439453 30
1698183642646 12.402873992919922 31
1698183643032 11.855194091796875 32
1698183643425 12.705480575561523 33
1698183643825 12.875994682312012 34
1698183644204 11.711379051208496 35
1698183644627 11.100210189819336 36
1698183645039 11.84802532196045 37
1698183645423 11.251660346984863 38
1698183645877 11.60470962524414 39
1698183646322 10.858689308166504 40
1698183646794 10.675466537475586 41
1698183647261 11.570483207702637 42
1698183647848 11.856935501098633 43
1698183648250 11.259169578552246 44
1698183648664 11.132087707519531 45
1698183649055 10.849207878112793 46
1698183649439 10.500892639160156 47
1698183649840 12.199570655822754 48
1698183650239 11.195286750793457 49
