1698181250126 59915.01171875 0
1698181250363 26697.6796875 1
1698181250603 14787.6240234375 2
1698181250849 15876.529296875 3
1698181251079 14031.83984375 4
1698181251309 14048.400390625 5
1698181251530 9190.0625 6
1698181251764 14942.634765625 7
1698181252015 7892.6376953125 8
1698181252258 4694.41357421875 9
1698181252492 7561.5078125 10
1698181252728 12994.9755859375 11
1698181252975 1066.5831298828125 12
1698181253212 4095.46728515625 13
1698181253509 5700.2412109375 14
1698181253796 8715.8310546875 15
1698181254053 9905.7607421875 16
1698181254310 6100.77294921875 17
1698181254586 573.3431396484375 18
1698181254841 4707.0556640625 19
1698181255084 2991.454833984375 20
1698181255349 13934.587890625 21
1698181255626 5887.36328125 22
1698181255886 2486.184326171875 23
1698181256126 7083.03076171875 24
1698181256360 2673.696533203125 25
1698181256608 7448.19140625 26
1698181256835 11771.11328125 27
1698181257067 2135.878662109375 28
1698181257303 7933.48681640625 29
1698181257545 9872.318359375 30
1698181257777 5721.8486328125 31
1698181258025 7913.4052734375 32
1698181258249 7186.0859375 33
1698181258483 1706.169189453125 34
1698181258713 8578.568359375 35
1698181258944 698.0654296875 36
1698181259192 5846.1640625 37
1698181259449 784.9364013671875 38
1698181259688 1981.7998046875 39
1698181259920 6253.716796875 40
1698181260159 9185.4326171875 41
1698181260386 3721.242431640625 42
1698181260614 10633.2041015625 43
1698181260845 8090.58642578125 44
1698181261091 13959.16015625 45
1698181261321 6950.37890625 46
1698181261549 14183.9619140625 47
1698181261777 1377.932373046875 48
1698181262017 7609.220703125 49
