1698155209329 68.82760620117188 0
1698155209975 44.88042068481445 1
1698155210590 30.732648849487305 2
1698155211331 26.896154403686523 3
1698155212562 24.791217803955078 4
1698155213420 22.720516204833984 5
1698155214354 21.46937370300293 6
1698155215123 18.516708374023438 7
1698155215736 17.656469345092773 8
1698155216390 17.052806854248047 9
1698155217039 16.674283981323242 10
1698155217620 16.63665771484375 11
1698155218255 15.15776252746582 12
1698155218933 14.99703311920166 13
1698155219483 14.218067169189453 14
1698155220080 13.805734634399414 15
1698155220692 13.393800735473633 16
1698155221281 13.032609939575195 17
1698155221842 13.067270278930664 18
1698155222433 12.85641860961914 19
1698155222996 11.884143829345703 20
1698155223552 12.088560104370117 21
1698155224088 12.335042953491211 22
1698155224626 12.51713752746582 23
1698155225200 11.68101978302002 24
1698155225805 11.879083633422852 25
1698155226403 12.358845710754395 26
1698155226955 11.658364295959473 27
1698155227537 11.959456443786621 28
1698155228101 11.63741683959961 29
1698155228718 11.76482105255127 30
1698155229269 11.668203353881836 31
1698155229873 12.020854949951172 32
1698155230459 11.692523956298828 33
1698155231021 11.5623140335083 34
1698155231626 11.555660247802734 35
1698155232171 11.335888862609863 36
1698155232757 11.460230827331543 37
1698155233412 11.432609558105469 38
1698155234099 11.109172821044922 39
1698155234649 11.587950706481934 40
1698155235303 11.04088020324707 41
1698155235887 11.083742141723633 42
