1698185591279 1395.5389404296875 0
1698185591388 247.85806274414062 1
1698185591498 201.42373657226562 2
1698185591607 200.11041259765625 3
1698185591728 182.6914825439453 4
1698185591855 218.0914306640625 5
1698185591980 164.93212890625 6
1698185592105 159.4348602294922 7
1698185592215 159.45066833496094 8
1698185592336 196.1774139404297 9
1698185592482 145.15191650390625 10
1698185592606 139.12831115722656 11
1698185592733 143.32594299316406 12
1698185592872 139.3439178466797 13
1698185592995 154.4382781982422 14
1698185593105 167.28590393066406 15
1698185593223 146.22845458984375 16
1698185593332 148.63719177246094 17
1698185593444 150.47361755371094 18
1698185593565 158.74452209472656 19
1698185593677 145.5290069580078 20
1698185593803 128.5831298828125 21
1698185593941 169.3214111328125 22
1698185594064 148.47732543945312 23
1698185594175 142.69293212890625 24
1698185594296 137.05482482910156 25
1698185594440 130.10467529296875 26
1698185594563 135.8964080810547 27
1698185594714 129.36114501953125 28
1698185594862 124.17047119140625 29
1698185595013 122.40653228759766 30
1698185595145 139.35733032226562 31
1698185595268 159.2736358642578 32
1698185595399 137.9385986328125 33
1698185595525 142.40631103515625 34
1698185595656 154.2350311279297 35
1698185595779 143.715087890625 36
1698185595905 136.13941955566406 37
1698185596035 120.41169738769531 38
1698185596164 134.50892639160156 39
1698185596289 123.76872253417969 40
1698185596426 119.37029266357422 41
1698185596614 102.29716491699219 42
1698185596780 131.3444061279297 43
1698185596913 111.0258560180664 44
1698185597043 121.92737579345703 45
1698185597170 128.45489501953125 46
1698185597294 133.1992950439453 47
1698185597444 142.95802307128906 48
1698185597611 123.15042877197266 49
