1698186920050 0.39983946084976196 0
1698186920153 0.17538271844387054 1
1698186920261 0.09510426223278046 2
1698186920370 0.0980338603258133 3
1698186920491 0.07505721598863602 4
1698186920625 0.0703561007976532 5
1698186920735 0.06523127853870392 6
1698186920855 0.0682421326637268 7
1698186920968 0.06279010325670242 8
1698186921103 0.07135304808616638 9
1698186921220 0.06370768696069717 10
1698186921337 0.06839636713266373 11
1698186921460 0.06693018227815628 12
1698186921590 0.05264903977513313 13
1698186921703 0.0548289492726326 14
1698186921828 0.0607159323990345 15
1698186921940 0.046893563121557236 16
1698186922057 0.06099926307797432 17
1698186922179 0.06238061562180519 18
1698186922293 0.04968060925602913 19
1698186922413 0.059416595846414566 20
1698186922533 0.047518983483314514 21
1698186922675 0.04635035619139671 22
1698186922797 0.0530095212161541 23
1698186922918 0.052444953471422195 24
1698186923040 0.045525744557380676 25
1698186923160 0.04664802923798561 26
1698186923278 0.045776546001434326 27
1698186923394 0.04373643547296524 28
1698186923534 0.04466326907277107 29
1698186923661 0.04899543151259422 30
1698186923787 0.045840565115213394 31
1698186923910 0.04752378538250923 32
1698186924039 0.04312902316451073 33
1698186924166 0.043683167546987534 34
1698186924301 0.03730786591768265 35
1698186924434 0.040291301906108856 36
1698186924558 0.03771907463669777 37
1698186924686 0.03924507647752762 38
1698186924815 0.03694302588701248 39
1698186924940 0.04016430675983429 40
1698186925093 0.03672928363084793 41
1698186925237 0.04097679257392883 42
1698186925375 0.03481437265872955 43
1698186925528 0.03884052485227585 44
1698186925678 0.0415622740983963 45
1698186925827 0.03733060508966446 46
1698186925957 0.04046531021595001 47
1698186926102 0.040016110986471176 48
1698186926226 0.041032277047634125 49
