1698171939663 70142.578125 0
1698171939817 138242.6875 1
1698171939975 56602.35546875 2
1698171940132 26186.869140625 3
1698171940303 41183.953125 4
1698171940456 31907.91015625 5
1698171940614 11934.1787109375 6
1698171940832 21954.181640625 7
1698171941053 17447.03515625 8
1698171941228 15306.5234375 9
1698171941403 13008.2763671875 10
1698171941563 37186.15625 11
1698171941726 31941.619140625 12
1698171941891 12417.57421875 13
1698171942041 32101.111328125 14
1698171942208 37673.015625 15
1698171942420 4476.88671875 16
1698171942585 20399.19140625 17
1698171942875 27833.455078125 18
1698171943125 23146.24609375 19
1698171943355 10985.6337890625 20
1698171943543 6948.82275390625 21
1698171943828 22805.908203125 22
1698171944042 20748.763671875 23
1698171944251 25506.65625 24
1698171944455 16302.8955078125 25
1698171944657 32120.5390625 26
1698171944841 22721.728515625 27
1698171945020 38192.171875 28
1698171945248 14383.9453125 29
1698171945473 17931.39453125 30
1698171945643 30427.439453125 31
1698171945810 23647.2109375 32
1698171945962 26530.943359375 33
1698171946120 15227.8359375 34
1698171946258 14646.4951171875 35
1698171946413 16412.8984375 36
1698171946553 31900.927734375 37
1698171946700 29432.068359375 38
1698171946863 20279.044921875 39
1698171947039 6860.71923828125 40
1698171947214 16231.90625 41
1698171947382 25394.193359375 42
1698171947539 9344.703125 43
1698171947720 12845.962890625 44
1698171947860 12097.005859375 45
1698171948016 13101.3134765625 46
1698171948171 19117.08203125 47
1698171948338 4551.59228515625 48
1698171948484 34980.3359375 49
