1698150815611 50.151954650878906 0
1698150816484 29.832921981811523 1
1698150817268 25.595056533813477 2
1698150818043 23.00665855407715 3
1698150818802 21.547164916992188 4
1698150819576 21.102081298828125 5
1698150820396 19.762420654296875 6
1698150821178 19.555194854736328 7
1698150821965 19.032894134521484 8
1698150822804 18.27928352355957 9
1698150823638 18.6484375 10
1698150824403 17.980276107788086 11
1698150825161 17.90874481201172 12
1698150825977 17.619287490844727 13
1698150826734 17.5562744140625 14
1698150827511 17.96161460876465 15
1698150828334 17.62923240661621 16
1698150829131 16.738311767578125 17
1698150829926 16.665454864501953 18
