1698176094415 0.054661527276039124 0
1698176094751 0.013080603443086147 1
1698176095045 0.011212906800210476 2
1698176095362 0.009938834235072136 3
1698176095721 0.008183160796761513 4
1698176096038 0.010821697302162647 5
1698176096448 0.007893471047282219 6
1698176096762 0.006081206724047661 7
1698176097103 0.007587937638163567 8
1698176098215 0.006971424445509911 9
1698176098560 0.0069242422468960285 10
1698176098874 0.006332630291581154 11
1698176099192 0.006586678791791201 12
1698176099534 0.006264581345021725 13
1698176099847 0.006252924911677837 14
1698176100156 0.0063012647442519665 15
1698176100478 0.00661815982311964 16
1698176100823 0.009052606299519539 17
1698176101151 0.0071361493319272995 18
1698176101488 0.006104205269366503 19
1698176101797 0.006825924385339022 20
1698176102117 0.005871674511581659 21
1698176102443 0.005410993937402964 22
1698176102758 0.005505463574081659 23
1698176103074 0.005758318118751049 24
1698176103372 0.006403760053217411 25
1698176103691 0.005661243572831154 26
1698176104007 0.007064534816890955 27
1698176104326 0.005395299755036831 28
1698176104694 0.006190419662743807 29
1698176105015 0.006803798954933882 30
1698176105326 0.00634993240237236 31
1698176105822 0.006317859515547752 32
1698176106235 0.005290165077894926 33
1698176106757 0.005982693284749985 34
1698176107082 0.006516250781714916 35
1698176107426 0.006217362824827433 36
1698176107823 0.005802363622933626 37
1698176108129 0.006814491469413042 38
1698176108461 0.005648388992995024 39
1698176108911 0.005297536496073008 40
1698176109283 0.005512407049536705 41
1698176109606 0.006107662338763475 42
1698176109978 0.005095841363072395 43
1698176110297 0.005708370823413134 44
1698176110628 0.0047158473171293736 45
1698176111135 0.005987068172544241 46
1698176111477 0.0054809050634503365 47
1698176111803 0.004977090284228325 48
1698176112162 0.006223346572369337 49
1698176112492 0.00641168188303709 50
1698176112819 0.005512857344001532 51
1698176113218 0.006253871135413647 52
1698176113680 0.005351502913981676 53
1698176114001 0.004996045958250761 54
1698176114297 0.006058113649487495 55
1698176114646 0.004881031811237335 56
1698176115171 0.004943965468555689 57
1698176115531 0.004898155573755503 58
1698176115918 0.00402921624481678 59
1698176116248 0.005281500052660704 60
1698176116579 0.004726884420961142 61
1698176116903 0.005278170108795166 62
1698176117255 0.005557808559387922 63
1698176117567 0.005458593834191561 64
1698176117898 0.004984203726053238 65
1698176118241 0.005301391705870628 66
1698176118550 0.0061230710707604885 67
1698176118871 0.005111131351441145 68
1698176119192 0.005974976345896721 69
1698176119516 0.004514820408076048 70
1698176119832 0.0047136214561760426 71
1698176120162 0.005612505599856377 72
1698176120481 0.005350182298570871 73
1698176120796 0.00501371081918478 74
1698176121138 0.0060915532521903515 75
1698176121450 0.006140050012618303 76
1698176121782 0.004527293145656586 77
1698176122116 0.006005886010825634 78
1698176122468 0.005708015989512205 79
1698176122778 0.004829002544283867 80
1698176123076 0.0047758822329342365 81
1698176123410 0.004503604024648666 82
1698176123767 0.005170630291104317 83
1698176124092 0.004428098443895578 84
1698176124447 0.004250208381563425 85
1698176124770 0.00473038200289011 86
1698176125125 0.004511970095336437 87
1698176125445 0.00498846685513854 88
1698176125753 0.0046555111184716225 89
1698176126094 0.005375302862375975 90
1698176126422 0.0049572596326470375 91
1698176126738 0.005241765175014734 92
1698176127058 0.00440581701695919 93
1698176127382 0.004399057012051344 94
1698176127702 0.004746702965348959 95
1698176128016 0.006436809431761503 96
1698176128401 0.004749601241201162 97
1698176128756 0.005116472020745277 98
1698176129071 0.00523796584457159 99
