1698176755553 0.260998010635376 0
1698176755707 0.015398743562400341 1
1698176755906 0.011287710629403591 2
1698176756150 0.009161899797618389 3
1698176756323 0.00947658997029066 4
1698176756470 0.008955026045441628 5
1698176756598 0.008388656191527843 6
1698176756735 0.0071591567248106 7
1698176756865 0.007984054274857044 8
1698176757003 0.0071301148273050785 9
1698176757138 0.006262369453907013 10
1698176757285 0.0055570765398442745 11
1698176757454 0.00594578729942441 12
1698176757594 0.0055231619626283646 13
1698176757736 0.00593528663739562 14
1698176757875 0.005487868096679449 15
1698176758005 0.0050810216926038265 16
1698176758142 0.0052595119923353195 17
1698176758283 0.005267012864351273 18
1698176758424 0.004845660645514727 19
1698176758585 0.0048823049291968346 20
1698176758726 0.00445359805598855 21
1698176758859 0.004980939440429211 22
1698176758998 0.004637951496988535 23
1698176759142 0.004323439672589302 24
1698176759285 0.004567969590425491 25
1698176759433 0.004201706498861313 26
1698176759584 0.003894183784723282 27
1698176759723 0.004327746573835611 28
1698176759860 0.004166741389781237 29
1698176760006 0.004288910422474146 30
1698176760151 0.004145155195146799 31
1698176760283 0.004002430010586977 32
1698176760425 0.0036137693095952272 33
1698176760586 0.0045033907517790794 34
1698176760741 0.004175386857241392 35
1698176760929 0.003994893282651901 36
1698176761074 0.0037036375142633915 37
1698176761257 0.0036569228395819664 38
1698176761407 0.004061923827975988 39
1698176761574 0.0044392310082912445 40
1698176761760 0.004420981276780367 41
1698176761898 0.004078794736415148 42
1698176762040 0.0038476029876619577 43
1698176762188 0.004184427205473185 44
1698176762345 0.0033889319747686386 45
1698176762523 0.003875971073284745 46
1698176762674 0.003414024133235216 47
1698176762816 0.0036320462822914124 48
1698176762956 0.003643409116193652 49
