1698180300406 0.11180782318115234 0
1698180300510 0.031638309359550476 1
1698180300611 0.024836817756295204 2
1698180300713 0.021039744839072227 3
1698180300820 0.01888090744614601 4
1698180300925 0.014938236214220524 5
1698180301025 0.01565246284008026 6
1698180301155 0.017386605963110924 7
1698180301261 0.015063107013702393 8
1698180301370 0.01494682114571333 9
1698180301478 0.014136753976345062 10
1698180301588 0.016284726560115814 11
1698180301693 0.01390247792005539 12
1698180301798 0.01312667690217495 13
1698180301900 0.012389515526592731 14
1698180302002 0.013663886114954948 15
1698180302107 0.013092825189232826 16
1698180302211 0.01122158020734787 17
1698180302325 0.014649786055088043 18
1698180302427 0.012632408179342747 19
1698180302527 0.012301813811063766 20
1698180302624 0.014174826443195343 21
1698180302726 0.013801313005387783 22
1698180302827 0.014114216901361942 23
1698180302940 0.011959616094827652 24
1698180303079 0.011443689465522766 25
1698180303212 0.012711038812994957 26
1698180303347 0.01223298255354166 27
1698180303483 0.011415308341383934 28
1698180303610 0.012229419313371181 29
1698180303715 0.010958493687212467 30
1698180303822 0.011179788038134575 31
1698180303927 0.012439833022654057 32
1698180304055 0.012989738024771214 33
1698180304220 0.010725678876042366 34
1698180304354 0.011751901358366013 35
1698180304479 0.010410834103822708 36
1698180304590 0.011699297465384007 37
1698180304701 0.009983589872717857 38
1698180304815 0.010885365307331085 39
1698180304931 0.009733092039823532 40
1698180305068 0.011621737852692604 41
1698180305313 0.011095802299678326 42
1698180305431 0.011671684682369232 43
1698180305541 0.011544773355126381 44
1698180305648 0.010743794031441212 45
1698180305758 0.009158414788544178 46
1698180305870 0.010989648289978504 47
1698180305995 0.011214813217520714 48
1698180306117 0.009613425470888615 49
1698180306225 0.010499545373022556 50
1698180306335 0.00942430179566145 51
1698180306443 0.010706860572099686 52
1698180306553 0.00990218110382557 53
1698180306661 0.008867896161973476 54
1698180306769 0.010304601863026619 55
1698180306880 0.011160803958773613 56
1698180306990 0.010670428164303303 57
1698180307097 0.009359513409435749 58
1698180307221 0.010438618250191212 59
1698180307328 0.009733491577208042 60
1698180307434 0.010760625824332237 61
1698180307544 0.00963555183261633 62
1698180307651 0.010161909274756908 63
1698180307762 0.009632978588342667 64
1698180307870 0.009224914945662022 65
1698180307977 0.0088320542126894 66
1698180308084 0.010437133722007275 67
1698180308214 0.011573807336390018 68
1698180308320 0.010924858041107655 69
1698180308431 0.010139544494450092 70
1698180308544 0.009516349993646145 71
1698180308650 0.010406200774013996 72
1698180308757 0.010840230621397495 73
1698180308863 0.010643402114510536 74
1698180308969 0.010178957134485245 75
1698180309076 0.009691810235381126 76
1698180309185 0.012185415253043175 77
1698180309315 0.008872974663972855 78
1698180309421 0.009091698564589024 79
1698180309531 0.01024396438151598 80
1698180309639 0.010633513331413269 81
1698180309747 0.010626190342009068 82
1698180309855 0.008065268397331238 83
1698180309964 0.009642527438700199 84
1698180310071 0.010798993520438671 85
1698180310177 0.008396309800446033 86
1698180310298 0.009145204909145832 87
1698180310418 0.009225842542946339 88
1698180310527 0.010170841589570045 89
1698180310634 0.00927871186286211 90
1698180310739 0.009769846685230732 91
1698180310842 0.008873797953128815 92
1698180310949 0.009922646917402744 93
1698180311058 0.009256230667233467 94
1698180311158 0.009714614599943161 95
1698180311259 0.008365791290998459 96
1698180311361 0.010136725381016731 97
1698180311466 0.008883628994226456 98
1698180311573 0.009142480790615082 99
