1698179786698 0.04339958727359772 0
1698179786866 0.0042177229188382626 1
1698179787042 0.00318247452378273 2
1698179787219 0.0029182692524045706 3
1698179787392 0.002826865529641509 4
1698179787576 0.002480736467987299 5
1698179787749 0.0028716884553432465 6
1698179787922 0.00260851439088583 7
1698179788129 0.0024196682497859 8
1698179788342 0.0023760206531733274 9
1698179788573 0.0023879765067249537 10
1698179788741 0.002121394034475088 11
1698179788922 0.0022389241494238377 12
1698179789114 0.002198023023083806 13
1698179789335 0.0016679313266649842 14
1698179789507 0.0018794859061017632 15
1698179789685 0.0017243798356503248 16
1698179789893 0.0018229827983304858 17
1698179790087 0.001706998678855598 18
1698179790260 0.0019042897038161755 19
1698179790436 0.0018820293480530381 20
1698179790605 0.0018807918531820178 21
1698179790787 0.0017457356443628669 22
1698179790961 0.0014664909103885293 23
1698179791130 0.0015373642090708017 24
1698179791300 0.001547754742205143 25
1698179791478 0.001232560258358717 26
1698179791655 0.001448082854039967 27
1698179791816 0.0014855117769911885 28
1698179791976 0.0014202024322003126 29
1698179792142 0.0013871616683900356 30
1698179792312 0.001516961958259344 31
1698179792489 0.0015152861597016454 32
1698179792676 0.001599539420567453 33
1698179792861 0.0014890616293996572 34
1698179793030 0.0014828656567260623 35
1698179793207 0.0011993091320618987 36
1698179793380 0.001301416545175016 37
1698179793569 0.001294442918151617 38
1698179793740 0.001327145961113274 39
1698179793912 0.0013184783747419715 40
1698179794124 0.0011229455703869462 41
1698179794297 0.0012085578637197614 42
1698179794473 0.001372394384816289 43
1698179794648 0.0012285656994208694 44
1698179794830 0.0012916757259517908 45
1698179795006 0.0013372472021728754 46
1698179795176 0.001278929878026247 47
1698179795347 0.0011512463679537177 48
1698179795511 0.0011098659597337246 49
