1698185335762 2057.53125 0
1698185336140 598.706787109375 1
1698185336464 275.7153015136719 2
1698185336853 300.4952697753906 3
1698185337208 383.6065979003906 4
1698185337535 352.9774169921875 5
1698185337847 223.2596893310547 6
1698185338194 206.71377563476562 7
1698185338512 303.3445739746094 8
1698185338826 321.0826416015625 9
1698185339163 180.30885314941406 10
1698185339483 294.0744323730469 11
1698185339792 251.61004638671875 12
1698185340126 244.73292541503906 13
1698185340468 341.62347412109375 14
1698185340791 203.4932098388672 15
1698185341097 248.63723754882812 16
1698185341444 258.151123046875 17
1698185341757 241.14035034179688 18
1698185342085 287.3641357421875 19
1698185342426 354.8445739746094 20
1698185342746 199.83187866210938 21
1698185343064 211.0399932861328 22
1698185343403 166.82345581054688 23
1698185343723 219.18508911132812 24
1698185344039 164.2584228515625 25
1698185344373 210.21580505371094 26
1698185344687 216.76516723632812 27
1698185345015 217.9165496826172 28
1698185345355 368.6689453125 29
1698185345671 193.90818786621094 30
1698185345983 185.83914184570312 31
1698185346359 286.0001525878906 32
1698185346767 214.96939086914062 33
1698185347094 201.2838134765625 34
1698185347434 260.7502136230469 35
1698185347777 171.37521362304688 36
1698185348133 230.74514770507812 37
1698185348510 205.88485717773438 38
1698185348854 164.18479919433594 39
1698185349226 254.72891235351562 40
1698185349603 187.6275177001953 41
1698185349912 242.64219665527344 42
1698185350220 413.6010437011719 43
1698185350566 205.3507080078125 44
1698185350888 213.85577392578125 45
1698185351204 176.29373168945312 46
1698185351558 185.73123168945312 47
1698185351868 329.6489562988281 48
1698185352205 202.76025390625 49
