1698162567051 0.14508779346942902 0
1698162568334 0.06492513418197632 1
1698162569658 0.04776066169142723 2
1698162570914 0.038531020283699036 3
1698162572217 0.033082425594329834 4
1698162573853 0.03036494553089142 5
1698162575718 0.027818413451313972 6
1698162577209 0.02612403593957424 7
1698162578575 0.024914991110563278 8
1698162580096 0.023461397737264633 9
1698162581622 0.023338163271546364 10
1698162583093 0.022211013361811638 11
1698162584562 0.02141973376274109 12
1698162586054 0.02155883237719536 13
1698162587685 0.02155139110982418 14
1698162589082 0.021048983559012413 15
1698162590644 0.020858606323599815 16
1698162592120 0.020981227979063988 17
1698162593569 0.02166673168540001 18
