1698154793481 0.06288322806358337 0
1698154794240 0.03405323624610901 1
1698154795144 0.020842699334025383 2
1698154795938 0.016295479610562325 3
1698154796735 0.013597705401480198 4
1698154797490 0.011330844834446907 5
1698154798235 0.00983628910034895 6
1698154798984 0.008549106307327747 7
1698154800097 0.007967393845319748 8
1698154800990 0.007329761981964111 9
1698154801740 0.006980854086577892 10
1698154802539 0.006252166349440813 11
1698154803309 0.006107547786086798 12
1698154804053 0.005773697514086962 13
1698154804798 0.005638341419398785 14
1698154805521 0.0055971769616007805 15
1698154806264 0.005053865257650614 16
1698154806991 0.005087053403258324 17
1698154807696 0.004949796013534069 18
1698154808474 0.004780154209583998 19
1698154809208 0.004839110188186169 20
1698154810104 0.004785830620676279 21
1698154810984 0.004539476707577705 22
1698154811754 0.00451305415481329 23
1698154812501 0.004456816241145134 24
1698154813385 0.004751028027385473 25
1698154814162 0.004466022830456495 26
1698154814960 0.004314938094466925 27
1698154815990 0.004399911034852266 28
