1698183541141 512.6358032226562 0
1698183541313 103.08829498291016 1
1698183541502 40.8133430480957 2
1698183541665 36.97569274902344 3
1698183541833 37.225807189941406 4
1698183542060 38.29421615600586 5
1698183542270 30.323469161987305 6
1698183542504 31.493038177490234 7
1698183542687 30.72516632080078 8
1698183542891 33.5015869140625 9
1698183543097 25.35483741760254 10
1698183543310 27.78314208984375 11
1698183543514 23.382308959960938 12
1698183543689 24.480897903442383 13
1698183543878 23.30398941040039 14
1698183544055 25.210079193115234 15
1698183544226 25.633703231811523 16
1698183544416 22.4791259765625 17
1698183544597 19.020877838134766 18
1698183544771 23.584726333618164 19
1698183544962 20.19333267211914 20
1698183545135 23.209917068481445 21
1698183545307 17.635740280151367 22
1698183545512 22.059152603149414 23
1698183545692 18.424928665161133 24
1698183545867 19.2091121673584 25
1698183546043 19.56351661682129 26
1698183546224 19.63106346130371 27
1698183546409 17.09387969970703 28
1698183546591 18.307907104492188 29
1698183546776 14.119428634643555 30
1698183546938 17.00349235534668 31
1698183547111 16.88319206237793 32
1698183547284 16.557376861572266 33
1698183547479 18.05860137939453 34
1698183547659 16.10429573059082 35
1698183547831 14.538722038269043 36
1698183548003 16.165346145629883 37
1698183548163 17.528553009033203 38
1698183548340 19.3474063873291 39
1698183548543 16.390626907348633 40
1698183548717 15.925812721252441 41
1698183548889 14.831266403198242 42
1698183549064 15.26850414276123 43
1698183549240 14.055091857910156 44
1698183549423 16.342676162719727 45
1698183549614 13.128177642822266 46
1698183549793 13.98911190032959 47
1698183549964 16.845468521118164 48
1698183550136 15.227206230163574 49
