1698176799378 32.8885498046875 0
1698176799685 10.808921813964844 1
1698176799947 8.159086227416992 2
1698176800237 7.197534084320068 3
1698176800503 7.103666305541992 4
1698176800766 6.784317493438721 5
1698176801031 6.729022979736328 6
1698176801304 6.647371768951416 7
1698176801571 6.670722961425781 8
1698176801838 6.412265777587891 9
1698176802099 6.088479995727539 10
1698176802377 6.372663497924805 11
1698176802639 6.169303894042969 12
1698176802893 6.133111953735352 13
1698176803172 6.053787708282471 14
1698176803441 6.091371536254883 15
1698176803699 6.1303277015686035 16
1698176803966 5.884453773498535 17
1698176804258 6.2122650146484375 18
1698176804520 5.801770210266113 19
1698176804778 6.36314058303833 20
1698176805045 6.020331859588623 21
1698176805399 5.623643398284912 22
1698176805669 5.715219974517822 23
1698176805931 6.12075138092041 24
1698176806223 5.997331619262695 25
1698176806490 5.44766902923584 26
1698176806756 5.485340118408203 27
1698176807056 6.028299808502197 28
1698176807367 5.942929267883301 29
1698176807635 5.523125171661377 30
1698176807945 5.5522780418396 31
1698176808260 5.62944221496582 32
1698176808557 5.567428112030029 33
1698176808901 5.756505966186523 34
1698176809178 5.27409029006958 35
1698176809605 5.8400421142578125 36
1698176809910 5.282382488250732 37
1698176810212 5.345324993133545 38
1698176810514 5.269318580627441 39
1698176810805 5.641650676727295 40
1698176811079 5.4286627769470215 41
1698176811375 5.324075222015381 42
1698176811731 5.648626804351807 43
1698176812090 5.290897846221924 44
1698176812405 6.057650089263916 45
1698176812688 5.04350471496582 46
1698176812989 5.1207594871521 47
1698176813291 6.009969234466553 48
1698176813575 5.304903984069824 49
