1698183402244 106.5254135131836 0
1698183402415 32.406307220458984 1
1698183402586 22.965457916259766 2
1698183402756 26.357866287231445 3
1698183402946 19.26962661743164 4
1698183403147 22.34554100036621 5
1698183403328 17.16213607788086 6
1698183403506 16.15210723876953 7
1698183403683 16.512855529785156 8
1698183403859 16.79777717590332 9
1698183404036 16.77898406982422 10
1698183404226 17.43640899658203 11
1698183404408 16.764375686645508 12
1698183404590 17.580232620239258 13
1698183404780 15.834944725036621 14
1698183405044 15.428959846496582 15
1698183405276 14.148265838623047 16
1698183405458 13.737024307250977 17
1698183405639 14.642881393432617 18
1698183405826 13.474809646606445 19
1698183406006 13.379681587219238 20
1698183406206 14.981649398803711 21
1698183406390 14.002082824707031 22
1698183406569 12.733509063720703 23
1698183406746 13.10522747039795 24
1698183406932 13.246733665466309 25
1698183407125 15.392114639282227 26
1698183407326 14.702698707580566 27
1698183407512 13.35438346862793 28
1698183407695 11.949212074279785 29
1698183407874 11.305866241455078 30
1698183408054 14.600447654724121 31
1698183408270 14.373372077941895 32
1698183408466 12.873855590820312 33
1698183408647 16.708744049072266 34
1698183408822 14.616666793823242 35
1698183408996 15.503893852233887 36
1698183409182 13.017690658569336 37
1698183409369 13.844411849975586 38
1698183409572 12.336079597473145 39
1698183409801 13.428784370422363 40
1698183410039 13.05506420135498 41
1698183410241 12.580897331237793 42
1698183410423 13.025123596191406 43
1698183410605 11.821432113647461 44
1698183410830 13.220924377441406 45
1698183411067 12.70556354522705 46
1698183411300 12.469191551208496 47
1698183411503 11.443968772888184 48
1698183411691 11.123090744018555 49
