1698183402244 24.921525955200195 0
1698183402415 13.147282600402832 1
1698183402586 11.799113273620605 2
1698183402756 11.488703727722168 3
1698183402946 10.742682456970215 4
1698183403147 11.22745132446289 5
1698183403328 10.15092658996582 6
1698183403506 9.67993450164795 7
1698183403683 9.820140838623047 8
1698183403859 9.605011940002441 9
1698183404036 9.424215316772461 10
1698183404226 9.468757629394531 11
1698183404408 9.040226936340332 12
1698183404590 8.89087200164795 13
1698183404780 9.073890686035156 14
1698183405044 9.278162002563477 15
1698183405276 8.878509521484375 16
1698183405458 8.779092788696289 17
1698183405639 8.435054779052734 18
1698183405826 8.34390640258789 19
1698183406006 8.27304458618164 20
1698183406206 8.576786994934082 21
1698183406390 8.564850807189941 22
1698183406569 8.111653327941895 23
1698183406746 8.332965850830078 24
1698183406932 8.049535751342773 25
1698183407125 8.72065544128418 26
1698183407326 8.337018966674805 27
1698183407512 8.149680137634277 28
1698183407695 7.829726696014404 29
1698183407874 7.816420078277588 30
1698183408054 8.474730491638184 31
1698183408270 8.435172080993652 32
1698183408466 7.87047815322876 33
1698183408647 8.96837043762207 34
1698183408822 7.989587306976318 35
1698183408996 8.622530937194824 36
1698183409182 7.925421237945557 37
1698183409369 7.7563395500183105 38
1698183409572 8.51204776763916 39
1698183409801 8.349471092224121 40
1698183410039 7.780909061431885 41
1698183410241 7.6812639236450195 42
1698183410423 8.501976013183594 43
1698183410605 7.9401445388793945 44
1698183410830 8.036873817443848 45
1698183411067 7.780892372131348 46
1698183411300 7.841065883636475 47
1698183411503 7.966900825500488 48
1698183411691 7.713846206665039 49
