1698184761710 60.339088439941406 0
1698184761831 26.954370498657227 1
1698184761961 22.550256729125977 2
1698184762092 20.189661026000977 3
1698184762228 17.624679565429688 4
1698184762372 18.40357208251953 5
1698184762495 18.178775787353516 6
1698184762623 17.66519546508789 7
1698184762750 16.64713478088379 8
1698184762879 15.94832992553711 9
1698184763007 14.715736389160156 10
1698184763133 15.484561920166016 11
1698184763275 15.347936630249023 12
1698184763415 15.915068626403809 13
1698184763550 15.686919212341309 14
1698184763682 14.605134010314941 15
1698184763810 14.713056564331055 16
1698184763943 14.847318649291992 17
1698184764074 13.926178932189941 18
1698184764209 14.249831199645996 19
1698184764341 13.335352897644043 20
1698184764464 13.739553451538086 21
1698184764595 14.27413272857666 22
1698184764727 13.924149513244629 23
1698184764857 13.93944263458252 24
1698184764985 14.103045463562012 25
1698184765137 13.636231422424316 26
1698184765264 13.746459007263184 27
1698184765393 13.94854736328125 28
1698184765522 13.231451988220215 29
1698184765650 13.997363090515137 30
1698184765770 13.752634048461914 31
1698184765900 13.451774597167969 32
1698184766031 13.94412899017334 33
1698184766169 13.23758602142334 34
1698184766301 13.92798137664795 35
1698184766434 13.759023666381836 36
1698184766567 13.12076473236084 37
1698184766697 14.040459632873535 38
1698184766823 12.874774932861328 39
1698184766954 13.26969051361084 40
1698184767095 13.659661293029785 41
1698184767227 13.385479927062988 42
1698184767352 13.7769775390625 43
1698184767483 13.183127403259277 44
1698184767618 13.092405319213867 45
1698184767756 12.870604515075684 46
1698184767890 13.92141056060791 47
1698184768009 12.628340721130371 48
1698184768158 13.132728576660156 49
