1698188255070 38717.48828125 0
1698188255230 5489.728515625 1
1698188255375 1144.1712646484375 2
1698188255510 1079.3348388671875 3
1698188255656 787.5859375 4
1698188255804 811.7522583007812 5
1698188255948 772.6456298828125 6
1698188256091 706.9677124023438 7
1698188256259 631.0426025390625 8
1698188256403 670.1535034179688 9
1698188256546 649.9417724609375 10
1698188256687 576.518798828125 11
1698188256815 633.923095703125 12
1698188256953 553.1448974609375 13
1698188257094 624.4552001953125 14
1698188257240 574.761474609375 15
1698188257384 537.1000366210938 16
1698188257515 553.9727172851562 17
1698188257647 473.2979431152344 18
1698188257789 545.8135986328125 19
1698188257924 546.0746459960938 20
1698188258062 486.3201599121094 21
1698188258199 532.6630859375 22
1698188258348 479.2586364746094 23
1698188258490 527.025390625 24
1698188258628 484.881103515625 25
1698188258765 508.1029968261719 26
1698188258901 452.7576599121094 27
1698188259036 485.48309326171875 28
1698188259172 467.9440002441406 29
1698188259326 487.28546142578125 30
1698188259460 427.5611267089844 31
1698188259591 487.22613525390625 32
1698188259734 448.33843994140625 33
1698188259877 504.6830749511719 34
1698188260008 455.5513610839844 35
1698188260141 484.1396789550781 36
1698188260292 379.2591552734375 37
1698188260434 398.7017517089844 38
1698188260572 412.6365966796875 39
1698188260720 399.00634765625 40
1698188260883 447.5126037597656 41
1698188261037 469.41461181640625 42
1698188261199 455.2958068847656 43
1698188261413 449.9790344238281 44
1698188261602 399.95263671875 45
1698188261759 388.6682434082031 46
1698188261895 436.0831298828125 47
1698188262029 400.10211181640625 48
1698188262167 374.7477722167969 49
