1698230934924 5.615716457366943 0
1698230936294 2.419137477874756 1
1698230937004 1.2779712677001953 2
1698230937657 0.946412980556488 3
1698230937986 0.8636433482170105 4
1698230938309 0.793176531791687 5
1698230938962 0.646879255771637 6
1698230939294 0.6504484415054321 7
1698230939615 0.588140070438385 8
1698230940217 0.5602077841758728 9
1698230940557 0.5359010696411133 10
1698230940876 0.48684361577033997 11
1698230941211 0.48029908537864685 12
1698230941526 0.4658816158771515 13
1698230941875 0.43739354610443115 14
1698230942534 0.3997116982936859 15
1698230942858 0.40719687938690186 16
1698230943172 0.3677700459957123 17
1698230943502 0.36722278594970703 18
1698230943836 0.37625357508659363 19
1698230944161 0.353594571352005 20
1698230944489 0.34582090377807617 21
1698230944800 0.31686076521873474 22
1698230945394 0.3385859727859497 23
1698230946090 0.30383652448654175 24
1698230946426 0.3181034028530121 25
1698230946750 0.3024629056453705 26
1698230947082 0.29478442668914795 27
1698230947455 0.29740479588508606 28
1698230947943 0.2792280316352844 29
1698230949559 0.3193282186985016 30
1698230951533 0.3013896346092224 31
1698230951914 0.2792110741138458 32
1698230952287 0.2682661712169647 33
1698230953968 0.26440978050231934 34
1698230955638 0.276721715927124 35
1698230956010 0.26019006967544556 36
1698230956665 0.2647227942943573 37
1698230957059 0.26605990529060364 38
1698230958281 0.24687300622463226 39
1698230958631 0.24814212322235107 40
1698230960296 0.26272115111351013 41
1698230962018 0.2543094754219055 42
1698230963674 0.22559380531311035 43
1698230964066 0.25203222036361694 44
1698230965679 0.22710628807544708 45
1698230966048 0.2289336919784546 46
1698230968129 0.22848549485206604 47
1698230968512 0.2292626053094864 48
1698230968859 0.22089368104934692 49
