1698181857346 33.08336639404297 0
1698181857453 7.1887431144714355 1
1698181857556 6.558075428009033 2
1698181857658 6.521376609802246 3
1698181857792 6.572949409484863 4
1698181857900 6.3668389320373535 5
1698181858011 6.306658744812012 6
1698181858116 6.118792533874512 7
1698181858218 6.116738319396973 8
1698181858324 6.185858249664307 9
1698181858440 6.164057731628418 10
1698181858544 6.143924713134766 11
1698181858648 6.078784942626953 12
1698181858774 6.365866661071777 13
1698181858888 5.925939559936523 14
1698181859005 6.274778366088867 15
1698181859108 5.701269626617432 16
1698181859210 5.959931373596191 17
1698181859319 6.244384288787842 18
1698181859449 5.866916656494141 19
1698181859557 5.996738433837891 20
1698181859681 5.947473526000977 21
1698181859889 6.127425193786621 22
1698181859993 5.766658782958984 23
1698181860094 5.940549373626709 24
1698181860197 5.621938228607178 25
1698181860300 5.969814300537109 26
1698181860404 5.933166980743408 27
1698181860511 5.559213161468506 28
1698181860621 5.84301233291626 29
1698181860758 6.009354591369629 30
1698181860928 5.880150318145752 31
1698181861044 5.735962867736816 32
1698181861149 5.615942478179932 33
1698181861256 5.429141998291016 34
1698181861361 5.535846710205078 35
1698181861478 5.570235729217529 36
1698181861588 5.450954914093018 37
1698181861714 5.593636989593506 38
1698181861874 5.700831413269043 39
1698181862010 5.623649597167969 40
1698181862115 5.500539779663086 41
1698181862223 5.546557426452637 42
1698181862339 5.977276802062988 43
1698181862446 5.898538589477539 44
1698181862551 5.886716365814209 45
1698181862653 5.627876281738281 46
1698181862759 5.9081220626831055 47
1698181862887 5.916805744171143 48
1698181863020 5.564980983734131 49
