1698156824117 82.20230865478516 0
1698156824347 49.852046966552734 1
1698156824759 41.19982147216797 2
1698156825086 38.65596008300781 3
1698156825394 35.8720588684082 4
1698156825720 33.307743072509766 5
1698156825969 30.588489532470703 6
1698156826229 29.168384552001953 7
1698156826511 27.718313217163086 8
1698156826748 26.968021392822266 9
1698156827036 26.18829917907715 10
1698156827303 25.529220581054688 11
1698156827542 24.616113662719727 12
1698156827784 24.116004943847656 13
1698156828079 23.551305770874023 14
1698156828330 22.896495819091797 15
1698156828622 22.479806900024414 16
1698156828888 22.060327529907227 17
1698156829163 21.700197219848633 18
1698156829428 21.3966121673584 19
1698156829673 21.467039108276367 20
1698156829930 21.15715789794922 21
1698156830191 21.058366775512695 22
1698156830440 20.9677734375 23
1698156830742 20.78303337097168 24
1698156830986 20.58859634399414 25
1698156831240 20.54328727722168 26
1698156831498 20.551834106445312 27
1698156831757 20.19315528869629 28
1698156831998 20.371784210205078 29
