1698178793666 11083.0849609375 0
1698178793855 13088.859375 1
1698178794044 6752.78662109375 2
1698178794259 9241.951171875 3
1698178794456 7821.517578125 4
1698178794656 10048.4150390625 5
1698178794844 7495.55810546875 6
1698178795040 6559.71923828125 7
1698178795247 10551.3076171875 8
1698178795442 9737.142578125 9
1698178795637 6397.181640625 10
1698178795830 5254.53515625 11
1698178796026 4892.10986328125 12
1698178796235 10986.88671875 13
1698178796438 7128.7158203125 14
1698178796644 4558.732421875 15
1698178796841 9864.1171875 16
1698178797037 9501.4833984375 17
1698178797233 10483.162109375 18
1698178797427 10877.271484375 19
1698178797620 4134.82861328125 20
1698178797824 2218.064208984375 21
1698178798048 3980.009765625 22
1698178798250 9489.8564453125 23
1698178798460 4204.64306640625 24
1698178798657 1456.9549560546875 25
1698178798854 6006.16796875 26
1698178799052 6934.33447265625 27
1698178799251 1313.3516845703125 28
1698178799449 1015.2908325195312 29
1698178799646 5937.716796875 30
1698178799866 3626.458740234375 31
1698178800060 4227.3935546875 32
1698178800266 1295.3314208984375 33
1698178800468 4332.16943359375 34
1698178800695 1604.1497802734375 35
1698178800950 2259.102294921875 36
1698178801164 912.6549072265625 37
1698178801351 5363.68798828125 38
1698178801608 2676.688232421875 39
1698178801834 6231.40869140625 40
1698178802044 2848.28759765625 41
1698178802255 1878.3240966796875 42
1698178802604 476.3499755859375 43
1698178802807 9524.6240234375 44
1698178803022 635.8790893554688 45
1698178803231 4579.60498046875 46
1698178803429 11148.34375 47
1698178803633 8797.494140625 48
1698178803828 65.46976470947266 49
