1698181686631 22.147472381591797 0
1698181686821 8.821686744689941 1
1698181687039 8.599841117858887 2
1698181687283 10.564573287963867 3
1698181687500 9.10004997253418 4
1698181687711 7.465925216674805 5
1698181687928 7.80429220199585 6
1698181688144 7.196609973907471 7
1698181688364 6.380564212799072 8
1698181688577 5.73954439163208 9
1698181688796 6.912141799926758 10
1698181689041 7.171417713165283 11
1698181689268 6.980725288391113 12
1698181689482 7.211305141448975 13
1698181689692 6.47991943359375 14
1698181689933 6.579290866851807 15
1698181690238 6.054068565368652 16
1698181690469 7.722890853881836 17
1698181690689 5.9115681648254395 18
1698181690920 5.926707744598389 19
1698181691211 6.794772624969482 20
1698181691433 9.686517715454102 21
1698181691646 6.806438446044922 22
1698181691867 6.45627498626709 23
1698181692095 6.371028900146484 24
1698181692312 7.998913288116455 25
1698181692544 6.075032711029053 26
1698181692763 8.76314640045166 27
1698181692987 7.71018648147583 28
1698181693233 7.538981914520264 29
1698181693444 6.589662551879883 30
1698181693652 6.6024932861328125 31
1698181693861 6.626667022705078 32
1698181694088 6.990359783172607 33
1698181694301 5.994610786437988 34
1698181694514 5.532829284667969 35
1698181694770 7.613765239715576 36
1698181695041 6.928530216217041 37
1698181695266 6.647539138793945 38
1698181695484 7.05211067199707 39
1698181695697 6.97735071182251 40
1698181695911 6.839725971221924 41
1698181696139 6.7596564292907715 42
1698181696355 6.606609344482422 43
1698181696565 6.884289264678955 44
1698181696776 9.859212875366211 45
1698181696992 6.784206867218018 46
1698181697231 5.822700500488281 47
1698181697449 6.63296365737915 48
1698181697684 6.994054794311523 49
