1698161829542 73.3899917602539 0
1698161829982 50.00114822387695 1
1698161830409 42.096832275390625 2
1698161830904 32.39270782470703 3
1698161831407 26.633283615112305 4
1698161831828 24.56325340270996 5
1698161832234 22.717622756958008 6
1698161832683 21.80531120300293 7
1698161833104 20.30158805847168 8
1698161833538 19.814756393432617 9
1698161833983 18.584529876708984 10
1698161834421 17.962636947631836 11
1698161834889 17.185121536254883 12
1698161835389 16.938371658325195 13
1698161835820 16.11201286315918 14
1698161836306 15.695174217224121 15
1698161836707 15.5421781539917 16
1698161837175 15.02418327331543 17
1698161837631 14.805712699890137 18
1698161838122 14.576557159423828 19
1698161838669 13.974015235900879 20
1698161839124 14.138433456420898 21
1698161839664 14.052788734436035 22
1698161840068 13.567655563354492 23
1698161840465 13.7661714553833 24
1698161840886 13.52264404296875 25
1698161841360 13.33586311340332 26
1698161841886 13.309530258178711 27
1698161842345 13.391999244689941 28
1698161842799 13.176340103149414 29
1698161843311 12.958510398864746 30
