1698186463617 4205.8046875 0
1698186463779 7022.68896484375 1
1698186463939 24746.666015625 2
1698186464107 21228.83984375 3
1698186464297 45623.234375 4
1698186464454 60255.44921875 5
1698186464617 39743.06640625 6
1698186464786 40892.59765625 7
1698186464948 68845.3203125 8
1698186465116 51371.01171875 9
1698186465293 40484.41015625 10
1698186465466 29263.1328125 11
1698186465630 37976.39453125 12
1698186465798 26104.025390625 13
1698186465963 18556.857421875 14
1698186466127 38727.65234375 15
1698186466300 24685.94921875 16
1698186466455 12553.0830078125 17
1698186466621 16853.375 18
1698186466786 27823.337890625 19
1698186466951 21386.107421875 20
1698186467123 38554.6484375 21
1698186467301 21649.966796875 22
1698186467471 14599.267578125 23
1698186467637 42374.49609375 24
1698186467799 29056.162109375 25
1698186467960 35364.48828125 26
1698186468153 30836.095703125 27
1698186468342 10373.06640625 28
1698186468508 28556.53125 29
1698186468724 28860.6484375 30
1698186468915 33291.52734375 31
1698186469079 33052.6171875 32
1698186469265 23166.162109375 33
1698186469432 16428.990234375 34
1698186469640 37177.65234375 35
1698186469844 40304.35546875 36
1698186470027 29517.755859375 37
1698186470221 37553.53125 38
1698186470396 21702.650390625 39
1698186470568 35899.25390625 40
1698186470747 21476.6796875 41
1698186470948 29871.931640625 42
1698186471146 44301.0625 43
1698186471334 8055.45166015625 44
1698186471496 30417.234375 45
1698186471652 36155.46875 46
1698186471811 53023.3046875 47
1698186471990 43539.08984375 48
1698186472156 15279.8994140625 49
