1698185742652 26.593576431274414 0
1698185742893 8.720491409301758 1
1698185743130 4.809642314910889 2
1698185743386 4.799127101898193 3
1698185743627 4.013770580291748 4
1698185743864 3.8474252223968506 5
1698185744110 3.847938060760498 6
1698185744373 4.465342044830322 7
1698185744612 3.5593020915985107 8
1698185744854 3.6205756664276123 9
1698185745094 3.0929439067840576 10
1698185745372 2.995274305343628 11
1698185745660 3.011615753173828 12
1698185745951 3.2891438007354736 13
1698185746178 2.7670905590057373 14
1698185746430 2.485659122467041 15
1698185746717 2.937837600708008 16
1698185746968 2.3273420333862305 17
1698185747224 2.7527308464050293 18
1698185747508 2.432419538497925 19
1698185747766 2.8776464462280273 20
1698185748029 2.3355042934417725 21
1698185748330 2.612468957901001 22
1698185748569 2.5428991317749023 23
1698185748810 2.213592529296875 24
1698185749046 2.7644662857055664 25
1698185749319 2.2346930503845215 26
1698185749565 2.18387770652771 27
1698185749800 2.327150821685791 28
1698185750033 2.1739258766174316 29
1698185750264 2.375845193862915 30
1698185750526 2.1480817794799805 31
1698185750771 2.196741819381714 32
1698185751010 2.2689194679260254 33
1698185751247 2.290250301361084 34
1698185751498 2.0083985328674316 35
1698185751741 2.2645111083984375 36
1698185751985 2.170985460281372 37
1698185752233 2.282524585723877 38
1698185752487 2.2375614643096924 39
1698185752730 2.1185576915740967 40
1698185752966 2.150275707244873 41
1698185753240 2.300670623779297 42
1698185753481 2.375211238861084 43
1698185753731 2.1888742446899414 44
1698185753966 1.7579069137573242 45
1698185754198 2.228558301925659 46
1698185754456 2.1161296367645264 47
1698185754699 2.0968427658081055 48
1698185754935 1.8645137548446655 49
