1698161331650 17597.166015625 0
1698161333065 83070.71875 1
1698161334423 63892.26953125 2
1698161335700 68201.2109375 3
1698161336983 75186.234375 4
1698161338242 70437.578125 5
1698161339679 68474.90625 6
1698161341284 59141.046875 7
1698161342554 60475.25 8
1698161343856 52166.515625 9
1698161345145 60946.2421875 10
1698161346417 55873.11328125 11
1698161348055 44900.01953125 12
1698161349632 51022.1015625 13
1698161351379 40885.2421875 14
1698161352702 64236.36328125 15
1698161354037 46557.0390625 16
1698161355607 54976.98046875 17
1698161356911 58804.0234375 18
1698161358247 60219.9296875 19
