1698155649391 91281.15625 0
1698155651052 82411.78125 1
1698155652501 72680.1328125 2
1698155653798 56824.59765625 3
1698155655114 63124.82421875 4
1698155656498 64835.08203125 5
1698155657978 48488.375 6
1698155659337 57156.640625 7
1698155660930 59757.73828125 8
1698155662295 61174.15625 9
1698155663607 53101.44921875 10
1698155665111 54080.9140625 11
1698155666793 49439.9921875 12
1698155668172 57480.25390625 13
1698155669543 58524.58984375 14
1698155671030 45773.41796875 15
1698155672356 55113.17578125 16
1698155673708 43307.80859375 17
1698155675360 39154.61328125 18
1698155676851 48168.5625 19
1698155678291 56316.69140625 20
1698155679843 48118.62109375 21
1698155681406 41608.20703125 22
1698155682812 41738.46875 23
