1698160806101 93.64447021484375 0
1698160806460 79.81315612792969 1
1698160806782 62.86848449707031 2
1698160807204 40.49236297607422 3
1698160807511 33.60390853881836 4
1698160807779 31.145328521728516 5
1698160808090 29.364479064941406 6
1698160808393 28.33067512512207 7
1698160808693 27.767074584960938 8
1698160808957 26.62459373474121 9
1698160809280 26.614891052246094 10
1698160809643 25.209041595458984 11
1698160809989 25.11058235168457 12
1698160810393 24.516830444335938 13
1698160810690 24.021820068359375 14
1698160810999 23.741456985473633 15
1698160811357 23.51857566833496 16
1698160811621 23.114665985107422 17
1698160811893 23.00191307067871 18
1698160812168 22.830488204956055 19
1698160812424 22.500499725341797 20
1698160812845 22.194486618041992 21
1698160813178 22.07213020324707 22
1698160813436 21.644100189208984 23
1698160813700 21.711772918701172 24
1698160813967 21.221622467041016 25
1698160814244 21.62790870666504 26
1698160814524 21.346946716308594 27
1698160814926 21.335792541503906 28
1698160815306 21.0689640045166 29
1698160815707 20.727401733398438 30
1698160815987 20.66392707824707 31
1698160816326 20.902231216430664 32
1698160816739 20.386402130126953 33
