1698172735329 0.08203157037496567 0
1698172735534 0.010217826813459396 1
1698172735695 0.007793265860527754 2
1698172735887 0.006879148073494434 3
1698172736179 0.007748580537736416 4
1698172736468 0.005750979762524366 5
1698172736630 0.006124981213361025 6
1698172736809 0.00522415479645133 7
1698172736993 0.0061399070546031 8
1698172737207 0.004918924067169428 9
1698172737439 0.0043880390003323555 10
1698172737631 0.005380429793149233 11
1698172737815 0.0045172967948019505 12
1698172737985 0.004634652752429247 13
1698172738183 0.004603854846209288 14
1698172738452 0.004128911066800356 15
1698172738647 0.004588564392179251 16
1698172738827 0.004262993112206459 17
1698172739143 0.00427804933860898 18
1698172739354 0.003984309267252684 19
1698172739546 0.004521277733147144 20
1698172739738 0.004314206074923277 21
1698172739909 0.004480560775846243 22
1698172740169 0.003982855472713709 23
1698172740422 0.004204861354082823 24
1698172740724 0.004058515187352896 25
1698172740901 0.003980920650064945 26
1698172741048 0.0037108492106199265 27
1698172741212 0.003945006523281336 28
1698172741364 0.0041280100122094154 29
1698172741529 0.0038251483347266912 30
1698172741684 0.0040796794928610325 31
1698172741835 0.004077149089425802 32
1698172741978 0.0035821357741951942 33
1698172742132 0.004403622355312109 34
1698172742272 0.0036189663223922253 35
1698172742413 0.003689888631924987 36
1698172742555 0.003330809995532036 37
1698172742700 0.003969243727624416 38
1698172742852 0.003438548883423209 39
1698172743006 0.0036148533690720797 40
1698172743176 0.0034729705657809973 41
1698172743308 0.003477211110293865 42
1698172743449 0.0032458193600177765 43
1698172743604 0.0035922096576541662 44
1698172743765 0.0035882589872926474 45
1698172743919 0.003358886344358325 46
1698172744080 0.0033103146124631166 47
1698172744238 0.0033744589891284704 48
1698172744380 0.0037403639871627092 49
