1698184833940 221.73008728027344 0
1698184834066 108.09562683105469 1
1698184834208 93.9418716430664 2
1698184834338 96.70063781738281 3
1698184834464 83.34628295898438 4
1698184834594 75.19783020019531 5
1698184834711 72.31121826171875 6
1698184834834 72.00811767578125 7
1698184834952 59.65239334106445 8
1698184835222 74.51618957519531 9
1698184835351 76.2884750366211 10
1698184835480 81.7529525756836 11
1698184835606 66.195068359375 12
1698184835738 75.5295181274414 13
1698184835857 74.41502380371094 14
1698184835974 66.15753936767578 15
1698184836102 66.39899444580078 16
1698184836229 89.6810531616211 17
1698184836357 65.49360656738281 18
1698184836484 68.64840698242188 19
1698184836613 85.79700469970703 20
1698184836749 66.43512725830078 21
1698184836876 59.2022705078125 22
1698184836994 76.2217025756836 23
1698184837120 62.8472785949707 24
1698184837247 72.9615249633789 25
1698184837378 61.42082595825195 26
1698184837506 66.8284912109375 27
1698184837632 65.06566619873047 28
1698184837766 50.83732223510742 29
1698184837899 54.09761047363281 30
1698184838028 63.93303298950195 31
1698184838158 55.62250518798828 32
1698184838288 55.9361457824707 33
1698184838418 51.20875549316406 34
1698184838545 48.19469451904297 35
1698184838675 53.03734588623047 36
1698184838827 51.085594177246094 37
1698184838958 44.22797393798828 38
1698184839086 50.78886795043945 39
1698184839223 60.87675094604492 40
1698184839361 44.20876693725586 41
1698184839491 60.200340270996094 42
1698184839624 55.40354919433594 43
1698184839755 46.224613189697266 44
1698184839886 43.54483413696289 45
1698184840013 47.78425979614258 46
1698184840142 52.55247497558594 47
1698184840268 47.822872161865234 48
1698184840410 39.53599166870117 49
