1698179839545 0.10748123377561569 0
1698179839740 0.0288576390594244 1
1698179839932 0.020261388272047043 2
1698179840116 0.02076024003326893 3
1698179840317 0.019777148962020874 4
1698179840505 0.01880696788430214 5
1698179840685 0.017099151387810707 6
1698179840873 0.018702205270528793 7
1698179841063 0.021823085844516754 8
1698179841252 0.018178608268499374 9
1698179841456 0.016513055190443993 10
1698179841638 0.013552875258028507 11
1698179841844 0.015377264469861984 12
1698179842035 0.01595454104244709 13
1698179842221 0.013907041400671005 14
1698179842435 0.015801817178726196 15
1698179842614 0.01398077979683876 16
1698179842808 0.011608974076807499 17
1698179842997 0.013560115359723568 18
1698179843184 0.019274594262242317 19
1698179843395 0.015008953399956226 20
1698179843587 0.012347344309091568 21
1698179843772 0.012450824491679668 22
1698179843964 0.011835820972919464 23
1698179844152 0.013240299187600613 24
1698179844361 0.014367557130753994 25
1698179844556 0.012671179138123989 26
1698179844749 0.01594134233891964 27
1698179844940 0.013537817634642124 28
1698179845166 0.011496653780341148 29
1698179845359 0.011861332692205906 30
1698179845549 0.012558002956211567 31
1698179845738 0.010889478027820587 32
1698179845960 0.0109940180554986 33
1698179846206 0.010897638276219368 34
1698179846446 0.011762004345655441 35
1698179846626 0.011207781732082367 36
1698179846824 0.012694266624748707 37
1698179847056 0.011460579000413418 38
1698179847262 0.012451371178030968 39
1698179847498 0.011718370951712132 40
1698179847709 0.01069994643330574 41
1698179847934 0.013660197146236897 42
1698179848131 0.012083196081221104 43
1698179848321 0.012913435697555542 44
1698179848532 0.01172806415706873 45
1698179848723 0.009716108441352844 46
1698179848921 0.013716154731810093 47
1698179849115 0.013054934330284595 48
1698179849313 0.0110172089189291 49
