1698231222905 5.276193141937256 0
1698231224098 2.088724374771118 1
1698231224591 0.8449615240097046 2
1698231225053 0.609255850315094 3
1698231225975 0.5066983699798584 4
1698231226404 0.38889235258102417 5
1698231226827 0.3140149414539337 6
1698231227786 0.3096977770328522 7
1698231228212 0.25675463676452637 8
1698231229582 0.247341588139534 9
1698231230019 0.2429802417755127 10
1698231230449 0.22603364288806915 11
1698231230869 0.2126093953847885 12
1698231231292 0.23892395198345184 13
1698231232672 0.20667172968387604 14
1698231233138 0.2023756355047226 15
1698231234556 0.19836772978305817 16
1698231235041 0.19108465313911438 17
1698231236159 0.2088758647441864 18
1698231237040 0.2160525619983673 19
1698231238175 0.20189610123634338 20
1698231239334 0.194168820977211 21
1698231240663 0.1730826050043106 22
1698231241266 0.18828029930591583 23
1698231241761 0.18256868422031403 24
1698231242325 0.18011917173862457 25
1698231242761 0.17422440648078918 26
1698231244480 0.18015837669372559 27
1698231245245 0.179131880402565 28
1698231245740 0.17234598100185394 29
1698231247186 0.15876887738704681 30
1698231247660 0.16668368875980377 31
1698231249267 0.16613559424877167 32
1698231250891 0.1611238420009613 33
1698231251379 0.17456641793251038 34
1698231252563 0.15492311120033264 35
1698231253778 0.15059342980384827 36
1698231255327 0.15008191764354706 37
