1698226848427 28594.501953125 0
1698226849987 30284.283203125 1
1698226851548 15969.5908203125 2
1698226852010 18002.236328125 3
1698226852416 14420.712890625 4
1698226853914 24197.166015625 5
1698226854351 17309.08203125 6
1698226854810 13477.3828125 7
1698226855323 22408.60546875 8
1698226856093 23643.1171875 9
1698226857788 20827.919921875 10
1698226858359 16273.470703125 11
1698226858754 14022.7744140625 12
1698226859195 12462.4931640625 13
1698226859606 13020.8818359375 14
1698226860838 15050.8515625 15
1698226861791 17170.453125 16
1698226862224 14379.8359375 17
1698226862678 21207.5859375 18
1698226863548 22430.802734375 19
1698226863970 10302.1728515625 20
1698226864929 13122.0146484375 21
1698226866456 13394.57421875 22
1698226866927 19766.30859375 23
1698226868280 12308.962890625 24
1698226868742 11198.8623046875 25
1698226869164 18176.701171875 26
1698226870347 11604.958984375 27
1698226870767 12238.28125 28
1698226871661 16199.71875 29
1698226873634 13595.2109375 30
1698226875798 12471.3095703125 31
1698226876275 15546.5830078125 32
1698226877813 19563.625 33
1698226878295 14429.265625 34
1698226878747 15186.0498046875 35
1698226880073 22414.24609375 36
1698226881396 13056.94140625 37
1698226881853 12248.1357421875 38
1698226883410 11986.6357421875 39
1698226884934 15905.52734375 40
1698226885437 15703.4970703125 41
1698226887012 19714.1640625 42
1698226887511 12851.595703125 43
1698226887949 18956.10546875 44
1698226888421 13538.0966796875 45
1698226889435 18201.12890625 46
1698226890897 17080.615234375 47
1698226892375 20170.830078125 48
1698226893554 16407.265625 49
