1698188489987 40.517189025878906 0
1698188490189 10.12814712524414 1
1698188490435 5.952905178070068 2
1698188490638 7.569848537445068 3
1698188490849 8.883646965026855 4
1698188491044 7.793331623077393 5
1698188491254 6.856861114501953 6
1698188491503 6.876259803771973 7
1698188491766 5.235418796539307 8
1698188492040 9.55612850189209 9
1698188492255 5.454984188079834 10
1698188492483 6.708571910858154 11
1698188492682 6.752899169921875 12
1698188492897 6.826836585998535 13
1698188493162 7.206807613372803 14
1698188493417 5.625170707702637 15
1698188493648 5.253481388092041 16
1698188493873 5.664435863494873 17
1698188494115 5.040688991546631 18
1698188494355 5.3252692222595215 19
1698188494636 7.75720739364624 20
1698188494879 6.077833652496338 21
1698188495098 5.8704915046691895 22
1698188495310 6.372981071472168 23
1698188495539 6.135361671447754 24
1698188495753 6.829598426818848 25
1698188495970 5.026709079742432 26
1698188496184 5.014716148376465 27
1698188496385 5.685611724853516 28
1698188496621 5.26185417175293 29
1698188496829 5.160789489746094 30
1698188497038 5.529444217681885 31
1698188497239 4.663752555847168 32
1698188497449 4.836400508880615 33
1698188497671 5.5083160400390625 34
1698188497883 6.489508628845215 35
1698188498094 6.152527332305908 36
1698188498306 5.315658092498779 37
1698188498531 6.044266223907471 38
1698188498736 5.6225738525390625 39
1698188498946 7.955924034118652 40
1698188499154 6.02371883392334 41
1698188499368 7.469536304473877 42
1698188499605 6.73944616317749 43
1698188499820 6.774643421173096 44
1698188500033 5.446792125701904 45
1698188500239 5.671909332275391 46
1698188500460 5.380898952484131 47
1698188500676 4.722847938537598 48
1698188500883 5.644356727600098 49
