1698229883627 5.949838161468506 0
1698229884570 5.695953369140625 1
1698229886258 4.592185974121094 2
1698229887463 1.8434860706329346 3
1698229889630 1.0678555965423584 4
1698229890466 0.7726128101348877 5
1698229892255 0.5519593358039856 6
1698229893125 0.7098941802978516 7
1698229894006 0.43549472093582153 8
1698229895725 0.4155346155166626 9
1698229896559 0.34954822063446045 10
1698229897403 0.27644991874694824 11
1698229898275 0.2483653724193573 12
1698229899105 0.28254061937332153 13
1698229900778 0.22358880937099457 14
1698229902282 0.20768223702907562 15
1698229903652 0.1911032795906067 16
1698229904516 0.1780168116092682 17
1698229906985 0.1869005411863327 18
1698229908304 0.19743627309799194 19
1698229909806 0.1637142151594162 20
1698229911149 0.13860855996608734 21
1698229912286 0.1425390988588333 22
1698229913645 0.11382117867469788 23
1698229915162 0.12846732139587402 24
1698229916970 0.1479056179523468 25
1698229918392 0.13930393755435944 26
1698229920082 0.15365815162658691 27
1698229921979 0.13498008251190186 28
1698229923556 0.14756792783737183 29
1698229925121 0.13552451133728027 30
1698229926251 0.1283128708600998 31
1698229927741 0.12235261499881744 32
1698229929296 0.11997897177934647 33
1698229930203 0.12430759519338608 34
1698229931222 0.1283385008573532 35
1698229932163 0.12517385184764862 36
1698229934293 0.13203780353069305 37
1698229935805 0.13260407745838165 38
1698229938005 0.1295952945947647 39
1698229940005 0.13693058490753174 40
1698229941891 0.12483599781990051 41
1698229943311 0.12351792305707932 42
1698229944322 0.12808024883270264 43
1698229946013 0.11878159642219543 44
1698229947092 0.13935837149620056 45
1698229949093 0.14049914479255676 46
1698229950701 0.13060830533504486 47
1698229951740 0.1485447734594345 48
1698229952797 0.14504916965961456 49
