1698178083009 33.697792053222656 0
1698178083095 10.952226638793945 1
1698178083185 9.31137466430664 2
1698178083271 8.716202735900879 3
1698178083360 8.290270805358887 4
1698178083447 8.32214069366455 5
1698178083534 8.318554878234863 6
1698178083626 8.252982139587402 7
1698178083714 7.816039562225342 8
1698178083818 7.328284740447998 9
1698178083911 7.470301628112793 10
1698178084003 7.49954891204834 11
1698178084094 7.252180099487305 12
1698178084182 7.4824018478393555 13
1698178084270 7.105460166931152 14
1698178084375 7.064703464508057 15
1698178084471 7.036131381988525 16
1698178084562 7.23616886138916 17
1698178084653 7.395299911499023 18
1698178084746 6.929823398590088 19
1698178084840 6.944165229797363 20
1698178084931 6.8480143547058105 21
1698178085021 7.542664051055908 22
1698178085109 7.178969860076904 23
1698178085202 6.8389058113098145 24
1698178085294 6.634370803833008 25
1698178085384 6.890337944030762 26
1698178085474 6.621879577636719 27
1698178085562 6.537078857421875 28
1698178085652 6.726947784423828 29
1698178085740 6.784067630767822 30
1698178085847 6.3952741622924805 31
1698178085936 6.434100151062012 32
1698178086031 6.537734508514404 33
1698178086131 6.6367692947387695 34
1698178086229 6.556918144226074 35
1698178086330 6.720254898071289 36
1698178086419 6.4665632247924805 37
1698178086506 6.936417102813721 38
1698178086603 6.811610698699951 39
1698178086698 6.584831237792969 40
1698178086789 6.865512371063232 41
1698178086884 6.756877899169922 42
1698178086983 6.460136890411377 43
1698178087074 6.547050952911377 44
1698178087166 6.475729465484619 45
1698178087258 6.387282371520996 46
1698178087351 6.339455604553223 47
1698178087449 6.516784191131592 48
1698178087579 6.201861381530762 49
