1698157218850 0.5320315957069397 0
1698157219533 0.3098098039627075 1
1698157220206 0.25092247128486633 2
1698157220939 0.2051878720521927 3
1698157221691 0.1678600162267685 4
1698157222415 0.14829128980636597 5
1698157223220 0.133742094039917 6
1698157223993 0.12373045831918716 7
1698157224692 0.1135810986161232 8
1698157225488 0.10705441981554031 9
1698157226452 0.09879288077354431 10
1698157227454 0.09327221661806107 11
1698157228344 0.08918362110853195 12
1698157229206 0.08333958685398102 13
1698157229897 0.08117435872554779 14
1698157230739 0.07638978213071823 15
1698157231675 0.07289335131645203 16
1698157232569 0.06919825822114944 17
1698157233314 0.06972139328718185 18
1698157234166 0.06574857234954834 19
1698157235001 0.0634242594242096 20
1698157235988 0.06332714110612869 21
1698157236886 0.06204375624656677 22
1698157237691 0.05841801315546036 23
1698157238466 0.05754521116614342 24
1698157239163 0.05533790588378906 25
1698157239900 0.05481764301657677 26
1698157240567 0.052540265023708344 27
