1698231094796 79.53609466552734 0
1698231095150 57.7138786315918 1
1698231095467 50.015586853027344 2
1698231095774 45.759700775146484 3
1698231096089 41.998443603515625 4
1698231096421 37.55647277832031 5
1698231096751 36.88481140136719 6
1698231097083 34.73705291748047 7
1698231097424 34.31343078613281 8
1698231097756 32.74635696411133 9
1698231098995 31.062576293945312 10
1698231099345 30.36043357849121 11
1698231100003 29.15129852294922 12
1698231100408 28.72164535522461 13
1698231100743 28.845224380493164 14
1698231101073 27.700010299682617 15
1698231101404 26.87278175354004 16
1698231101706 26.623361587524414 17
1698231102007 24.554025650024414 18
1698231102290 25.435340881347656 19
1698231102592 24.43324851989746 20
1698231102891 24.10175895690918 21
1698231103182 24.569581985473633 22
1698231103482 23.595869064331055 23
1698231103760 23.838172912597656 24
1698231104056 23.01043128967285 25
1698231104381 22.873624801635742 26
1698231104670 22.56412124633789 27
1698231104968 22.550678253173828 28
1698231105252 22.43901252746582 29
1698231105551 22.275320053100586 30
1698231105877 21.84737777709961 31
1698231106174 21.486276626586914 32
1698231106486 20.61905288696289 33
1698231106767 21.44798469543457 34
1698231107066 21.2305965423584 35
1698231107398 20.459875106811523 36
1698231107681 19.802637100219727 37
1698231107970 20.197193145751953 38
1698231108279 19.88037109375 39
1698231108594 19.726572036743164 40
1698231108894 19.736255645751953 41
1698231109186 19.20282554626465 42
1698231109760 18.971454620361328 43
1698231110047 18.646108627319336 44
1698231110339 18.49628448486328 45
1698231110653 18.39458656311035 46
1698231110936 18.375181198120117 47
1698231111236 17.990930557250977 48
1698231111575 18.194454193115234 49
