1698161173835 0.050241511315107346 0
1698161174799 0.02384963072836399 1
1698161175953 0.012842895463109016 2
1698161176874 0.009150820784270763 3
1698161177799 0.006448385305702686 4
1698161178729 0.004867423791438341 5
1698161179672 0.003986900672316551 6
1698161180926 0.003634472144767642 7
1698161182053 0.0033848965540528297 8
1698161183085 0.0032933964394032955 9
1698161184242 0.0031493825372308493 10
1698161185158 0.003308042883872986 11
1698161186128 0.0032445855904370546 12
1698161187026 0.0031776130199432373 13
