1698166927230 35.23686218261719 0
1698166927531 19.700998306274414 1
1698166927854 17.77422523498535 2
1698166928251 16.430044174194336 3
1698166928674 15.76744270324707 4
1698166929013 15.644427299499512 5
1698166929475 16.018442153930664 6
1698166929867 15.79135513305664 7
1698166930321 15.803177833557129 8
1698166930623 15.610235214233398 9
1698166930954 15.501786231994629 10
1698166931270 16.599315643310547 11
1698166931568 15.627032279968262 12
1698166931892 15.307066917419434 13
1698166932193 15.297033309936523 14
1698166932500 15.775644302368164 15
1698166932786 15.699645042419434 16
1698166933123 15.125295639038086 17
1698166933508 15.425485610961914 18
1698166933826 15.524026870727539 19
1698166934160 15.452264785766602 20
1698166934568 15.428040504455566 21
1698166935129 15.225534439086914 22
1698166935582 15.102478981018066 23
1698166935964 15.239078521728516 24
1698166936281 15.058456420898438 25
1698166936623 15.274778366088867 26
1698166936910 15.733431816101074 27
1698166937300 15.589000701904297 28
1698166937628 15.253037452697754 29
1698166937966 15.018696784973145 30
1698166938250 15.256156921386719 31
1698166938571 15.013124465942383 32
1698166938859 15.332393646240234 33
1698166939203 14.945643424987793 34
1698166939606 14.779293060302734 35
1698166940019 15.203970909118652 36
1698166940429 14.994232177734375 37
1698166940826 15.377446174621582 38
1698166941171 15.262395858764648 39
1698166941463 15.212203025817871 40
1698166941754 14.967488288879395 41
1698166942059 14.933065414428711 42
1698166942357 15.6497163772583 43
1698166942646 14.857911109924316 44
1698166942929 14.946961402893066 45
1698166943219 14.848755836486816 46
1698166943499 15.014134407043457 47
1698166943797 15.105813980102539 48
1698166944071 14.843154907226562 49
