1698167166510 0.0652870386838913 0
1698167166702 0.01875353418290615 1
1698167166887 0.015849823132157326 2
1698167167083 0.014657169580459595 3
1698167167276 0.012453073635697365 4
1698167167457 0.012412972748279572 5
1698167167650 0.011991932988166809 6
1698167167878 0.011486461386084557 7
1698167168158 0.01075927633792162 8
1698167168346 0.011333298869431019 9
1698167168512 0.010622400790452957 10
1698167168746 0.010650012642145157 11
1698167168972 0.010809618048369884 12
1698167169138 0.009760196320712566 13
1698167169388 0.009676186367869377 14
1698167169583 0.0099452780559659 15
1698167169809 0.009708459489047527 16
1698167169992 0.009569870308041573 17
1698167170170 0.009028634987771511 18
1698167170346 0.009012057445943356 19
1698167170540 0.009134454652667046 20
1698167170730 0.008841796778142452 21
1698167170895 0.008131471462547779 22
1698167171092 0.008672750554978848 23
1698167171262 0.007896007969975471 24
1698167171427 0.008641413412988186 25
1698167171621 0.008094805292785168 26
1698167171812 0.008408813737332821 27
1698167172051 0.007940500974655151 28
1698167172344 0.008178179152309895 29
1698167172557 0.008040713146328926 30
1698167172791 0.00785090122371912 31
1698167172979 0.007731996010988951 32
1698167173190 0.007823596708476543 33
1698167173565 0.007749941665679216 34
1698167173761 0.007604758720844984 35
1698167173933 0.0072872219607234 36
1698167174123 0.0073069739155471325 37
1698167174307 0.007284647785127163 38
1698167174491 0.007622180040925741 39
1698167174729 0.007613783236593008 40
1698167175009 0.00720327440649271 41
1698167175289 0.006877330597490072 42
1698167175493 0.006991142872720957 43
1698167175697 0.007114526350051165 44
1698167175870 0.006617977283895016 45
1698167176055 0.0069617656990885735 46
1698167176225 0.007040656637400389 47
1698167176434 0.007050166837871075 48
1698167176609 0.006883198395371437 49
