1698167166510 36.654052734375 0
1698167166702 21.55962562561035 1
1698167166887 17.666059494018555 2
1698167167083 16.88981056213379 3
1698167167276 15.601109504699707 4
1698167167457 15.140625 5
1698167167650 14.931611061096191 6
1698167167878 14.528480529785156 7
1698167168158 14.039908409118652 8
1698167168346 14.39090347290039 9
1698167168512 13.725071907043457 10
1698167168746 13.669254302978516 11
1698167168972 14.003299713134766 12
1698167169138 12.810084342956543 13
1698167169388 12.819696426391602 14
1698167169583 12.95068359375 15
1698167169809 12.819109916687012 16
1698167169992 12.640064239501953 17
1698167170170 12.390690803527832 18
1698167170346 12.49919605255127 19
1698167170540 12.379168510437012 20
1698167170730 12.085412979125977 21
1698167170895 11.434886932373047 22
1698167171092 11.817803382873535 23
1698167171262 11.485533714294434 24
1698167171427 11.962966918945312 25
1698167171621 11.410957336425781 26
1698167171812 11.680023193359375 27
1698167172051 11.020472526550293 28
1698167172344 11.174592018127441 29
1698167172557 11.297782897949219 30
1698167172791 11.355073928833008 31
1698167172979 10.941065788269043 32
1698167173190 10.937178611755371 33
1698167173565 11.09432315826416 34
1698167173761 10.887475967407227 35
1698167173933 10.594165802001953 36
1698167174123 10.477243423461914 37
1698167174307 10.460994720458984 38
1698167174491 10.984908103942871 39
1698167174729 10.579898834228516 40
1698167175009 10.83077621459961 41
1698167175289 10.33866024017334 42
1698167175493 10.304171562194824 43
1698167175697 10.43817138671875 44
1698167175870 10.33012580871582 45
1698167176055 10.52966594696045 46
1698167176225 10.339341163635254 47
1698167176434 10.324313163757324 48
1698167176609 10.47170352935791 49
