1698187496832 1.4975008964538574 0
1698187497151 0.3965795934200287 1
1698187497490 0.27595245838165283 2
1698187497818 0.26396769285202026 3
1698187498141 0.24650885164737701 4
1698187498503 0.29297569394111633 5
1698187498838 0.2368222326040268 6
1698187499168 0.2592966854572296 7
1698187499523 0.23361025750637054 8
1698187499851 0.23027561604976654 9
1698187500178 0.2135053426027298 10
1698187500530 0.295717716217041 11
1698187500848 0.2418857365846634 12
1698187501204 0.19968506693840027 13
1698187501534 0.2166721522808075 14
1698187501861 0.25214332342147827 15
1698187502195 0.22537502646446228 16
1698187502571 0.21381424367427826 17
1698187502905 0.20463766157627106 18
1698187503236 0.23349876701831818 19
1698187503579 0.20816956460475922 20
1698187503920 0.19629143178462982 21
1698187504252 0.18633894622325897 22
1698187504601 0.22109487652778625 23
1698187504952 0.19382700324058533 24
1698187505294 0.22282062470912933 25
1698187505632 0.21819767355918884 26
1698187505964 0.1848907619714737 27
1698187506318 0.21227337419986725 28
1698187506650 0.2183527797460556 29
1698187507014 0.18243920803070068 30
1698187507463 0.1761324256658554 31
1698187507798 0.1943095475435257 32
1698187508133 0.20620471239089966 33
1698187508548 0.19652006030082703 34
1698187508958 0.22736084461212158 35
1698187509347 0.20092050731182098 36
1698187509690 0.18795594573020935 37
1698187510090 0.2034893035888672 38
1698187510467 0.24041332304477692 39
1698187510801 0.19521154463291168 40
1698187511165 0.21603378653526306 41
1698187511499 0.2078562080860138 42
1698187511825 0.20988978445529938 43
1698187512187 0.24988479912281036 44
1698187512513 0.22814442217350006 45
1698187512835 0.18842345476150513 46
1698187513157 0.20579059422016144 47
1698187513504 0.17880888283252716 48
1698187513826 0.19383706152439117 49
