1698187496832 19.937450408935547 0
1698187497151 10.938759803771973 1
1698187497490 9.334705352783203 2
1698187497818 8.62739372253418 3
1698187498141 8.817995071411133 4
1698187498503 9.514538764953613 5
1698187498838 8.358016967773438 6
1698187499168 8.327796936035156 7
1698187499523 7.857863903045654 8
1698187499851 7.95677375793457 9
1698187500178 7.839052677154541 10
1698187500530 9.427787780761719 11
1698187500848 8.595477104187012 12
1698187501204 7.453488349914551 13
1698187501534 7.880260944366455 14
1698187501861 8.14730453491211 15
1698187502195 7.851385593414307 16
1698187502571 7.713349342346191 17
1698187502905 7.41998291015625 18
1698187503236 7.961174488067627 19
1698187503579 7.449220657348633 20
1698187503920 7.349569797515869 21
1698187504252 7.3140058517456055 22
1698187504601 7.402322769165039 23
1698187504952 7.336127758026123 24
1698187505294 7.673821926116943 25
1698187505632 7.2345051765441895 26
1698187505964 6.843645095825195 27
1698187506318 7.3825483322143555 28
1698187506650 7.2420172691345215 29
1698187507014 6.891190052032471 30
1698187507463 6.9860639572143555 31
1698187507798 7.115532398223877 32
1698187508133 7.194284439086914 33
1698187508548 7.339893817901611 34
1698187508958 8.047433853149414 35
1698187509347 6.908890247344971 36
1698187509690 6.985302925109863 37
1698187510090 7.741734981536865 38
1698187510467 8.576096534729004 39
1698187510801 7.2538557052612305 40
1698187511165 7.01548433303833 41
1698187511499 6.783139228820801 42
1698187511825 7.772101402282715 43
1698187512187 8.481659889221191 44
1698187512513 7.805814743041992 45
1698187512835 6.547605514526367 46
1698187513157 7.383458137512207 47
1698187513504 6.9829888343811035 48
1698187513826 7.4715423583984375 49
