1698153048319 26330.4375 0
1698153048893 86950.78125 1
1698153049440 39095.83984375 2
1698153050097 37460.640625 3
1698153050796 31728.58203125 4
1698153051404 30617.919921875 5
1698153051973 30490.765625 6
1698153052533 23783.0703125 7
1698153053195 21354.611328125 8
1698153053774 27047.9375 9
1698153054365 20749.509765625 10
1698153054992 19717.271484375 11
1698153055582 28621.052734375 12
1698153056214 25323.751953125 13
1698153056764 23671.771484375 14
1698153057322 17626.8984375 15
1698153057837 27113.765625 16
1698153058410 21874.177734375 17
1698153058927 22563.62109375 18
1698153059465 19843.359375 19
1698153059998 21925.556640625 20
1698153060535 28341.751953125 21
1698153061072 24182.66796875 22
1698153061621 29845.822265625 23
1698153062156 21388.125 24
1698153062678 17712.26171875 25
1698153063254 17770.919921875 26
1698153063801 22992.544921875 27
1698153064326 16680.896484375 28
1698153064863 15343.8828125 29
1698153065394 24754.390625 30
1698153065911 16748.537109375 31
1698153066479 19393.8671875 32
1698153067022 12476.7919921875 33
1698153067559 28583.134765625 34
1698153068080 14915.7001953125 35
1698153068615 19672.4453125 36
1698153069194 9112.6494140625 37
1698153069740 18250.701171875 38
1698153070269 20068.35546875 39
1698153070965 20672.109375 40
1698153071499 13160.4873046875 41
1698153072048 13737.3935546875 42
1698153072598 22608.375 43
1698153073120 12071.744140625 44
1698153073661 6533.748046875 45
1698153074204 21322.376953125 46
1698153074754 8834.392578125 47
1698153075292 10253.76171875 48
1698153075895 17374.177734375 49
1698153076422 18254.30859375 50
1698153077019 17307.265625 51
1698153077551 19853.0703125 52
1698153078067 24674.818359375 53
