1698157957147 16838.87109375 0
1698157957486 64518.40234375 1
1698157957749 62107.83984375 2
1698157958039 72500.5 3
1698157958291 75681.6953125 4
1698157958589 50763.94140625 5
1698157958854 52580.65234375 6
1698157959126 45648.17578125 7
1698157959406 51334.0 8
1698157959699 60636.48828125 9
1698157959970 53263.7734375 10
1698157960258 53314.015625 11
1698157960572 47544.9609375 12
1698157960941 53703.73828125 13
1698157961248 56525.80859375 14
1698157961541 47760.1640625 15
1698157961832 57529.6171875 16
1698157962114 45057.85546875 17
1698157962367 43080.38671875 18
