1698174597771 22.75582504272461 0
1698174597963 12.522587776184082 1
1698174598176 9.339275360107422 2
1698174598370 9.288961410522461 3
1698174598575 8.514323234558105 4
1698174598768 8.080714225769043 5
1698174598963 7.628274440765381 6
1698174599153 8.284500122070312 7
1698174599373 7.668216228485107 8
1698174599575 6.970270156860352 9
1698174599779 7.062134265899658 10
1698174599975 7.498032093048096 11
1698174600181 7.650874614715576 12
1698174600397 6.719706058502197 13
1698174600623 6.805006980895996 14
1698174600817 6.599727153778076 15
1698174601047 6.673396587371826 16
1698174601292 7.309751510620117 17
1698174601494 7.2129011154174805 18
1698174601725 6.46744441986084 19
1698174602054 6.374169826507568 20
1698174602327 6.490480422973633 21
1698174602554 7.848330974578857 22
1698174602782 6.964480400085449 23
1698174603012 6.367462635040283 24
1698174603312 6.958650588989258 25
1698174603585 6.301948070526123 26
1698174603803 6.395473480224609 27
1698174604009 6.179347991943359 28
1698174604207 6.381977081298828 29
1698174604402 6.291319847106934 30
1698174604658 7.922162055969238 31
1698174604866 6.1532440185546875 32
1698174605069 6.099812030792236 33
1698174605386 7.13705587387085 34
1698174605651 5.929133415222168 35
1698174605879 6.320164680480957 36
1698174606089 6.4491472244262695 37
1698174606319 5.885526180267334 38
1698174606537 5.754349708557129 39
1698174606760 5.792856216430664 40
1698174606972 6.591610908508301 41
1698174607292 6.55399227142334 42
1698174607506 5.834375381469727 43
1698174607736 5.7886061668396 44
1698174608007 6.144794940948486 45
1698174608276 5.851511478424072 46
1698174608502 5.724061012268066 47
1698174608729 6.043567657470703 48
1698174608936 5.959289073944092 49
