1698161213245 98.30805206298828 0
1698161213552 83.72314453125 1
1698161213833 66.0125961303711 2
1698161214130 47.717037200927734 3
1698161214493 43.78799057006836 4
1698161214830 40.51679229736328 5
1698161215181 36.855934143066406 6
1698161215509 34.07425308227539 7
1698161215860 32.178192138671875 8
1698161216158 31.21050262451172 9
1698161216461 30.266908645629883 10
1698161216790 29.58748435974121 11
1698161217090 28.798582077026367 12
1698161217466 27.82809066772461 13
1698161217758 27.239601135253906 14
1698161218058 26.492084503173828 15
1698161218345 26.31899070739746 16
1698161218637 25.48111343383789 17
1698161218930 25.12782859802246 18
1698161219234 24.59178924560547 19
1698161219543 23.960979461669922 20
1698161219843 23.635303497314453 21
1698161220130 23.255483627319336 22
1698161220424 22.884746551513672 23
1698161220733 22.439289093017578 24
1698161221092 22.171527862548828 25
1698161221418 21.99041748046875 26
1698161221697 21.797143936157227 27
1698161221995 21.39987564086914 28
1698161222285 21.228668212890625 29
1698161222613 21.15349578857422 30
1698161222910 20.900217056274414 31
1698161223203 20.636005401611328 32
1698161223520 20.72319221496582 33
1698161223869 20.590456008911133 34
1698161224238 20.262935638427734 35
1698161224600 20.214637756347656 36
1698161224908 19.87199592590332 37
1698161225191 19.920244216918945 38
1698161225476 19.923141479492188 39
1698161225775 19.900074005126953 40
1698161226080 19.502954483032227 41
1698161226382 19.4837703704834 42
1698161226682 19.488834381103516 43
1698161227017 19.225496292114258 44
1698161227353 19.16948127746582 45
1698161227742 19.035293579101562 46
1698161228097 19.2094669342041 47
1698161228438 18.925447463989258 48
1698161228722 18.683595657348633 49
1698161229027 18.5654296875 50
1698161229333 18.68864631652832 51
1698161229643 18.495975494384766 52
1698161229930 18.39980125427246 53
1698161230210 18.612598419189453 54
1698161230502 18.41912269592285 55
1698161230799 18.31315040588379 56
1698161231263 18.186113357543945 57
1698161231604 18.10003662109375 58
1698161231934 17.852096557617188 59
1698161232225 17.879758834838867 60
1698161232543 17.85768699645996 61
1698161232907 17.621347427368164 62
1698161233310 17.713077545166016 63
1698161233614 17.43028450012207 64
1698161233914 17.35371208190918 65
1698161234217 17.266841888427734 66
1698161234517 17.447521209716797 67
1698161234889 17.068010330200195 68
1698161235275 17.205917358398438 69
1698161235590 17.132177352905273 70
1698161235917 16.96085548400879 71
1698161236209 16.69279670715332 72
1698161236510 16.928298950195312 73
1698161236809 16.6806697845459 74
1698161237092 16.87575912475586 75
1698161237386 16.611862182617188 76
1698161237679 16.531217575073242 77
1698161237978 16.52398681640625 78
1698161238276 16.37867546081543 79
1698161238584 16.47865867614746 80
1698161238916 16.397293090820312 81
1698161239229 16.467992782592773 82
1698161239519 16.328704833984375 83
1698161239834 16.1313533782959 84
1698161240141 16.257661819458008 85
1698161240446 16.201332092285156 86
1698161240772 15.968307495117188 87
1698161241110 16.37994384765625 88
