1698182411187 22.69587516784668 0
1698182411570 12.503168106079102 1
1698182411953 10.353365898132324 2
1698182412352 9.833972930908203 3
1698182412733 11.066773414611816 4
1698182413121 9.55080795288086 5
1698182413516 9.854910850524902 6
1698182413898 8.86374568939209 7
1698182414301 9.024555206298828 8
1698182414709 8.722260475158691 9
1698182415173 8.101277351379395 10
1698182415565 9.425623893737793 11
1698182415962 11.495064735412598 12
1698182416370 9.650278091430664 13
1698182416758 8.047348976135254 14
1698182417152 8.990960121154785 15
