1698174991628 52.4646110534668 0
1698174991892 21.002893447875977 1
1698174992156 16.551776885986328 2
1698174992426 14.011845588684082 3
1698174992712 13.13036823272705 4
1698174993042 11.617734909057617 5
1698174993306 11.42778491973877 6
1698174993565 11.428866386413574 7
1698174993829 11.171186447143555 8
1698174994096 10.358814239501953 9
1698174994353 10.207193374633789 10
1698174994613 9.769408226013184 11
1698174994877 9.629194259643555 12
1698174995175 9.635461807250977 13
1698174995442 9.572027206420898 14
1698174995705 9.572783470153809 15
1698174995980 10.324488639831543 16
1698174996242 8.763421058654785 17
1698174996503 8.54885482788086 18
1698174996842 8.671116828918457 19
1698174997142 8.642561912536621 20
1698174997510 8.426689147949219 21
1698174997939 8.795915603637695 22
1698174998332 8.273018836975098 23
1698174998695 8.506155014038086 24
1698174998982 8.426932334899902 25
1698174999270 8.67890739440918 26
1698174999592 8.249091148376465 27
1698174999869 8.21834659576416 28
1698175000152 7.938018798828125 29
1698175000556 7.578220367431641 30
1698175000862 7.837292194366455 31
1698175001169 7.69529914855957 32
1698175001460 7.863095760345459 33
1698175001749 7.794769763946533 34
1698175002017 8.188140869140625 35
1698175002337 7.906728744506836 36
1698175002760 7.5653300285339355 37
1698175003018 7.9556660652160645 38
1698175003323 7.996654510498047 39
1698175003637 7.67482852935791 40
1698175003896 7.4551682472229 41
1698175004178 7.993643760681152 42
1698175004452 7.712876796722412 43
1698175004702 7.673664569854736 44
1698175004974 7.142280578613281 45
1698175005274 7.376766681671143 46
1698175005531 7.4832892417907715 47
1698175005917 7.3836350440979 48
1698175006274 7.175797939300537 49
