1698187046330 1.5177770853042603 0
1698187046560 0.2791551947593689 1
1698187046778 0.24864836037158966 2
1698187047000 0.2510722875595093 3
1698187047257 0.2110995501279831 4
1698187047488 0.19152820110321045 5
1698187047718 0.24532534182071686 6
1698187047946 0.23549099266529083 7
1698187048197 0.21021196246147156 8
1698187048432 0.2057887315750122 9
1698187048658 0.20114125311374664 10
1698187048889 0.16568370163440704 11
1698187049117 0.2161378413438797 12
1698187049376 0.2469598799943924 13
1698187049611 0.16708660125732422 14
1698187049845 0.1784326434135437 15
1698187050067 0.2035241276025772 16
1698187050308 0.16148266196250916 17
1698187050545 0.18090543150901794 18
1698187050774 0.1872711032629013 19
1698187051028 0.1741383671760559 20
1698187051339 0.16703738272190094 21
1698187051656 0.2180207371711731 22
1698187051884 0.20852325856685638 23
1698187052119 0.17501118779182434 24
1698187052378 0.1821979433298111 25
1698187052652 0.16568906605243683 26
1698187052915 0.16405236721038818 27
1698187053184 0.16637395322322845 28
1698187054019 0.16089914739131927 29
1698187054319 0.17159101366996765 30
1698187054577 0.1722889244556427 31
1698187054822 0.163075789809227 32
1698187055061 0.18319503962993622 33
1698187055321 0.15804928541183472 34
1698187055564 0.1622338742017746 35
1698187055803 0.16588661074638367 36
1698187056034 0.15164096653461456 37
1698187056283 0.1543368101119995 38
1698187056531 0.15818840265274048 39
1698187056765 0.15956532955169678 40
1698187056999 0.15451683104038239 41
1698187057238 0.1613665521144867 42
1698187057507 0.13915088772773743 43
1698187057745 0.1375458985567093 44
1698187057996 0.1398882269859314 45
1698187058261 0.1552422046661377 46
1698187058515 0.14080418646335602 47
1698187058741 0.15568381547927856 48
1698187058981 0.16703200340270996 49
