1698187046330 18.67176628112793 0
1698187046560 8.40964412689209 1
1698187046778 7.90891695022583 2
1698187047000 8.131062507629395 3
1698187047257 7.765839576721191 4
1698187047488 7.102330207824707 5
1698187047718 8.209708213806152 6
1698187047946 7.975456237792969 7
1698187048197 7.4202494621276855 8
1698187048432 7.591348648071289 9
1698187048658 7.176491737365723 10
1698187048889 6.635375499725342 11
1698187049117 8.029574394226074 12
1698187049376 8.627523422241211 13
1698187049611 6.551431179046631 14
1698187049845 6.874549388885498 15
1698187050067 6.780677318572998 16
1698187050308 6.545133113861084 17
1698187050545 6.716431140899658 18
1698187050774 6.871283531188965 19
1698187051028 6.757164478302002 20
1698187051339 6.5819854736328125 21
1698187051656 7.461455345153809 22
1698187051884 7.290299892425537 23
1698187052119 6.882174968719482 24
1698187052378 6.73331880569458 25
1698187052652 6.060198783874512 26
1698187052915 6.4532904624938965 27
1698187053184 6.620575904846191 28
1698187054019 6.484301567077637 29
1698187054319 6.464087009429932 30
1698187054577 6.744999885559082 31
1698187054822 6.771187782287598 32
1698187055061 6.834897518157959 33
1698187055321 6.335291385650635 34
1698187055564 6.177275657653809 35
1698187055803 6.809637546539307 36
1698187056034 6.411719799041748 37
1698187056283 5.979369163513184 38
1698187056531 6.326522350311279 39
1698187056765 6.400775909423828 40
1698187056999 6.32208776473999 41
1698187057238 6.3375043869018555 42
1698187057507 6.078920364379883 43
1698187057745 6.281826972961426 44
1698187057996 6.0518670082092285 45
1698187058261 6.3511528968811035 46
1698187058515 6.112854957580566 47
1698187058741 6.508753299713135 48
1698187058981 6.683859348297119 49
