1698178290601 0.002374413423240185 0
1698178290947 0.0005733593716286123 1
1698178291212 0.00011436679778853431 2
1698178291479 0.00012752373004332185 3
1698178291749 9.713701001601294e-05 4
1698178292037 0.00012355482613202184 5
1698178292304 0.00010568496509222314 6
1698178292584 0.00011239948798902333 7
1698178292842 0.0001102411697502248 8
1698178293119 0.0001031351785059087 9
1698178293415 0.00010237486276309937 10
1698178293691 9.951915853889659e-05 11
1698178294016 0.00010641127300914377 12
1698178294366 0.0001225403102580458 13
1698178294637 0.00010819563613040373 14
1698178294969 0.00011415628978284076 15
1698178295260 8.713023999007419e-05 16
1698178295559 9.485298505751416e-05 17
1698178295866 9.64904684224166e-05 18
1698178296147 0.0001029782069963403 19
1698178296409 9.199328633258119e-05 20
1698178296678 9.809282346395776e-05 21
1698178296961 8.943639841163531e-05 22
1698178297233 7.795888814143836e-05 23
1698178297523 9.089586819754913e-05 24
1698178297788 8.510513725923374e-05 25
1698178298069 8.826767589198425e-05 26
1698178298350 0.00010121350351255387 27
1698178298621 9.591692651156336e-05 28
1698178298893 9.957540169125423e-05 29
1698178299176 8.377141784876585e-05 30
1698178299458 9.646850958233699e-05 31
1698178299728 9.6577474323567e-05 32
1698178299996 0.0001056299515767023 33
1698178300254 0.00010248136095469818 34
1698178300527 8.723088831175119e-05 35
1698178300794 8.872432954376563e-05 36
1698178301082 9.386002056999132e-05 37
1698178301349 9.1063033323735e-05 38
1698178301624 8.249813254224136e-05 39
1698178301951 8.832282765069976e-05 40
1698178302215 9.313229384133592e-05 41
1698178302496 0.0001024626471917145 42
1698178302765 0.00011376754264347255 43
1698178303035 9.74007707554847e-05 44
1698178303291 9.01923340279609e-05 45
1698178303568 0.00010021254274761304 46
1698178303870 9.469793440075591e-05 47
1698178304148 9.007156040752307e-05 48
1698178304419 8.75728510436602e-05 49
