1698172457461 0.07686420530080795 0
1698172457619 0.009515131823718548 1
1698172457765 0.008966744877398014 2
1698172457895 0.007231680676341057 3
1698172458030 0.006058126222342253 4
1698172458197 0.006274123210459948 5
1698172458340 0.005802077241241932 6
1698172458498 0.00560191972181201 7
1698172458645 0.0052666510455310345 8
1698172458813 0.005080445669591427 9
1698172458956 0.004826247692108154 10
1698172459108 0.005118058994412422 11
1698172459280 0.0050107757560908794 12
1698172459444 0.004403929226100445 13
1698172459590 0.004863278940320015 14
1698172459743 0.004604093264788389 15
1698172459904 0.004223169293254614 16
1698172460062 0.0048281545750796795 17
1698172460214 0.004341878462582827 18
1698172460361 0.004158597439527512 19
1698172460526 0.0040331329219043255 20
1698172460665 0.004147402010858059 21
1698172460806 0.005014935042709112 22
1698172460954 0.004517489578574896 23
1698172461104 0.0042734406888484955 24
1698172461273 0.004068105015903711 25
1698172461473 0.003934395499527454 26
1698172461661 0.004011513199657202 27
1698172461816 0.003967443946748972 28
1698172461988 0.003942382987588644 29
1698172462248 0.004296384751796722 30
1698172462436 0.004301104694604874 31
1698172462573 0.004045022651553154 32
1698172462726 0.004183287266641855 33
1698172462879 0.00417120149359107 34
1698172463028 0.003612977685406804 35
1698172463159 0.0038875089958310127 36
1698172463298 0.0038711191155016422 37
1698172463470 0.003796767443418503 38
1698172463623 0.004392907489091158 39
1698172463774 0.0037481484469026327 40
1698172463916 0.0035850892309099436 41
1698172464082 0.0036142070312052965 42
1698172464227 0.0035910478327423334 43
1698172464399 0.003863696241751313 44
1698172464558 0.00386272300966084 45
1698172464718 0.0037953457795083523 46
1698172464869 0.003946960903704166 47
1698172465038 0.003920454066246748 48
1698172465224 0.0035643752198666334 49
