1698184955848 199.38613891601562 0
1698184955961 66.78321838378906 1
1698184956074 51.03567123413086 2
1698184956191 45.456138610839844 3
1698184956296 35.618473052978516 4
1698184956396 40.98403549194336 5
1698184956503 27.593734741210938 6
1698184956629 36.544498443603516 7
1698184956756 26.593421936035156 8
1698184956872 28.779359817504883 9
1698184956977 29.36793327331543 10
1698184957090 33.230228424072266 11
1698184957197 24.409963607788086 12
1698184957309 24.699907302856445 13
1698184957415 25.003868103027344 14
1698184957517 23.152170181274414 15
1698184957620 27.783737182617188 16
1698184957721 21.139741897583008 17
1698184957824 25.571659088134766 18
1698184957921 27.244544982910156 19
1698184958018 23.222074508666992 20
1698184958135 20.999217987060547 21
1698184958236 22.877485275268555 22
1698184958336 24.737985610961914 23
1698184958434 23.355621337890625 24
1698184958534 26.497365951538086 25
1698184958634 22.646358489990234 26
1698184958731 19.76382064819336 27
1698184958829 21.101154327392578 28
1698184958925 20.34166145324707 29
1698184959021 23.344133377075195 30
1698184959140 19.071605682373047 31
1698184959246 20.41178321838379 32
1698184959351 19.983531951904297 33
1698184959449 22.361522674560547 34
1698184959547 20.61284065246582 35
1698184959645 18.558856964111328 36
1698184959745 20.683225631713867 37
1698184959843 23.42836570739746 38
1698184959940 19.256946563720703 39
1698184960044 22.462661743164062 40
1698184960163 20.59672737121582 41
1698184960273 18.415727615356445 42
1698184960377 21.65243148803711 43
1698184960474 19.097442626953125 44
1698184960573 20.077531814575195 45
1698184960677 20.276737213134766 46
1698184960774 20.031818389892578 47
1698184960869 21.18177032470703 48
1698184960967 20.23386001586914 49
1698184961064 17.342609405517578 50
1698184961179 21.237024307250977 51
1698184961283 21.099674224853516 52
1698184961386 20.73008155822754 53
1698184961483 18.22049331665039 54
1698184961583 18.086458206176758 55
1698184961679 15.821834564208984 56
1698184961784 21.380096435546875 57
1698184961886 18.460405349731445 58
1698184961996 17.312175750732422 59
1698184962099 17.45895767211914 60
1698184962217 18.301677703857422 61
1698184962323 19.77277183532715 62
1698184962434 19.449317932128906 63
1698184962537 18.99932861328125 64
1698184962638 18.82549476623535 65
1698184962736 22.9976749420166 66
1698184962833 17.646804809570312 67
1698184962933 17.6801700592041 68
1698184963036 17.01908302307129 69
1698184963148 20.057653427124023 70
1698184963257 17.770936965942383 71
1698184963358 17.2744197845459 72
1698184963460 21.472509384155273 73
1698184963566 17.705350875854492 74
1698184963664 18.597461700439453 75
1698184963767 19.782245635986328 76
1698184963866 17.902603149414062 77
1698184963971 17.79363441467285 78
1698184964067 19.84101104736328 79
1698184964189 21.46356964111328 80
1698184964293 17.586811065673828 81
1698184964391 17.438919067382812 82
1698184964490 20.285205841064453 83
1698184964586 17.822067260742188 84
1698184964686 15.842390060424805 85
1698184964785 17.236289978027344 86
1698184964886 19.445579528808594 87
1698184964985 19.246564865112305 88
1698184965081 18.441553115844727 89
1698184965202 16.689970016479492 90
1698184965315 16.642244338989258 91
1698184965420 19.829984664916992 92
1698184965514 17.875032424926758 93
1698184965615 17.44659423828125 94
1698184965717 17.483943939208984 95
1698184965814 17.117631912231445 96
1698184965922 17.123098373413086 97
1698184966024 17.938711166381836 98
1698184966117 16.77707290649414 99
