1698179974980 34.99795913696289 0
1698179975146 17.611957550048828 1
1698179975314 14.795352935791016 2
1698179975511 14.382416725158691 3
1698179975699 15.578185081481934 4
1698179975872 14.18620491027832 5
1698179976048 14.021834373474121 6
1698179976224 14.299812316894531 7
1698179976399 13.085824012756348 8
1698179976563 12.920742988586426 9
1698179976762 13.93056869506836 10
1698179976956 12.13306713104248 11
1698179977128 12.691227912902832 12
1698179977301 12.477767944335938 13
1698179977474 12.979757308959961 14
1698179977672 12.894174575805664 15
1698179977848 11.880064964294434 16
1698179978012 12.905755043029785 17
1698179978189 12.044090270996094 18
1698179978361 13.978387832641602 19
1698179978561 11.992613792419434 20
1698179978748 11.696889877319336 21
1698179978927 12.086702346801758 22
1698179979107 11.813455581665039 23
1698179979295 11.627578735351562 24
1698179979517 12.797962188720703 25
1698179979720 12.605989456176758 26
1698179979928 14.780515670776367 27
1698179980124 13.9739351272583 28
1698179980373 13.026176452636719 29
1698179980554 15.401473999023438 30
1698179980743 14.225069999694824 31
1698179980924 14.069710731506348 32
1698179981106 14.159930229187012 33
1698179981285 15.160833358764648 34
1698179981460 16.069856643676758 35
1698179981651 15.536581993103027 36
1698179981845 17.14468765258789 37
1698179982024 16.5687198638916 38
1698179982200 17.485641479492188 39
1698179982392 16.887081146240234 40
1698179982579 17.902435302734375 41
1698179982761 17.95041847229004 42
1698179982941 17.060218811035156 43
1698179983110 18.306087493896484 44
1698179983291 19.806747436523438 45
1698179983525 18.60846710205078 46
1698179983702 19.596681594848633 47
1698179983880 18.448678970336914 48
1698179984058 20.07156753540039 49
