1698184527421 97.76318359375 0
1698184527574 82.82733917236328 1
1698184527720 50.25414276123047 2
1698184527869 41.48078155517578 3
1698184528017 31.409915924072266 4
1698184528190 25.2669734954834 5
1698184528340 21.939748764038086 6
1698184528493 19.22300148010254 7
1698184528645 18.443744659423828 8
1698184528793 18.05791473388672 9
1698184528941 16.787723541259766 10
1698184529095 16.861982345581055 11
1698184529245 16.926984786987305 12
1698184529397 16.940418243408203 13
1698184529546 16.758874893188477 14
1698184529698 16.109928131103516 15
1698184529849 15.364954948425293 16
1698184530000 15.248699188232422 17
1698184530153 15.567667007446289 18
1698184530308 15.071419715881348 19
1698184530463 15.024797439575195 20
1698184530610 14.833211898803711 21
1698184530769 14.621626853942871 22
1698184530929 14.751612663269043 23
1698184531082 14.696676254272461 24
1698184531231 13.932519912719727 25
1698184531384 14.141955375671387 26
1698184531540 13.769587516784668 27
1698184531705 14.077596664428711 28
1698184531850 13.566612243652344 29
1698184532047 13.588579177856445 30
1698184532226 13.57602310180664 31
1698184532424 13.55219554901123 32
1698184532603 13.570029258728027 33
1698184532778 13.658849716186523 34
1698184532942 13.678438186645508 35
1698184533105 13.326040267944336 36
1698184533364 12.6921968460083 37
1698184533592 12.906346321105957 38
1698184533789 12.774687767028809 39
1698184533948 13.051085472106934 40
1698184534118 13.184706687927246 41
1698184534275 12.4219970703125 42
1698184534434 12.958683013916016 43
1698184534590 12.423762321472168 44
1698184534752 12.932226181030273 45
1698184534925 13.245884895324707 46
1698184535081 13.541162490844727 47
1698184535230 12.30291748046875 48
1698184535383 12.744284629821777 49
