1698180697496 0.15562666952610016 0
1698180697598 0.013244620524346828 1
1698180697725 0.010109934024512768 2
1698180697832 0.00914569292217493 3
1698180697940 0.00967149157077074 4
1698180698050 0.008016560226678848 5
1698180698165 0.007316770497709513 6
1698180698272 0.0071437726728618145 7
1698180698391 0.006008777767419815 8
1698180698497 0.00649249367415905 9
1698180698622 0.0067159561440348625 10
1698180698746 0.006129952613264322 11
1698180698856 0.0069905975833535194 12
1698180698980 0.0066056507639586926 13
1698180699091 0.005339771043509245 14
1698180699207 0.006482372060418129 15
1698180699313 0.006079323589801788 16
1698180699440 0.006453125737607479 17
1698180699567 0.0061257099732756615 18
1698180699696 0.005327371880412102 19
1698180699823 0.006001555360853672 20
1698180699936 0.005013932473957539 21
1698180700057 0.004735760856419802 22
1698180700186 0.004850815515965223 23
1698180700300 0.004226348362863064 24
1698180700423 0.0050117275677621365 25
1698180700548 0.0049581145867705345 26
1698180700704 0.00510003138333559 27
1698180700882 0.005085689015686512 28
1698180701028 0.004404658451676369 29
1698180701178 0.0041842334903776646 30
1698180701312 0.005168756935745478 31
1698180701448 0.004279160872101784 32
1698180701583 0.00508931465446949 33
1698180701741 0.0045779915526509285 34
1698180701875 0.004796948283910751 35
1698180702007 0.004567960277199745 36
1698180702131 0.003958815708756447 37
1698180702248 0.004222646821290255 38
1698180702373 0.004591094329953194 39
1698180702498 0.003921356052160263 40
1698180702626 0.005008028820157051 41
1698180702773 0.004782745148986578 42
1698180702897 0.0042615849524736404 43
1698180703024 0.003897507442161441 44
1698180703149 0.004355435259640217 45
1698180703262 0.003979490604251623 46
1698180703382 0.003940834663808346 47
1698180703494 0.004032397177070379 48
1698180703626 0.003894873894751072 49
