1698180851041 2275454.25 0
1698180851569 96324.65625 1
1698180852109 101405.4765625 2
1698180852722 67308.953125 3
1698180853289 82189.8046875 4
1698180853837 56394.32421875 5
1698180854367 123103.9140625 6
1698180854952 93227.375 7
1698180855509 55696.890625 8
1698180856043 77664.90625 9
1698180856571 67590.515625 10
1698180857076 57443.21875 11
1698180857623 64916.6328125 12
1698180858143 58054.83203125 13
1698180858666 76120.9296875 14
1698180859181 45503.77734375 15
1698180859716 61150.27734375 16
1698180860219 49910.609375 17
1698180860754 56972.7265625 18
1698180861280 54008.64453125 19
1698180861819 40879.8046875 20
1698180862366 57601.51953125 21
1698180862891 290894.625 22
1698180863498 140515.75 23
1698180864057 146872.90625 24
1698180864664 78537.46875 25
1698180865167 82778.890625 26
1698180865713 146820.828125 27
1698180866231 80283.4921875 28
1698180866753 84731.921875 29
1698180867263 50552.96875 30
1698180867805 41489.8203125 31
1698180868317 70816.96875 32
1698180868850 58541.1328125 33
1698180869389 48956.625 34
1698180869911 56068.48828125 35
1698180870449 64266.921875 36
1698180870979 60638.46875 37
1698180871507 51597.34375 38
1698180872024 61246.109375 39
1698180872565 71750.96875 40
1698180873088 116326.6484375 41
1698180873622 66404.65625 42
1698180874180 118816.9921875 43
1698180874775 93707.03125 44
1698180875348 63983.890625 45
1698180875898 61258.109375 46
1698180876437 82998.2890625 47
1698180876954 65585.4140625 48
1698180877472 71417.9296875 49
