1698180851041 69.75395202636719 0
1698180851569 12.156072616577148 1
1698180852109 12.01452922821045 2
1698180852722 11.436659812927246 3
1698180853289 10.684778213500977 4
1698180853837 10.75894832611084 5
1698180854367 12.904077529907227 6
1698180854952 13.932598114013672 7
1698180855509 9.861659049987793 8
1698180856043 13.355095863342285 9
1698180856571 11.52844524383545 10
1698180857076 10.424001693725586 11
1698180857623 10.11890697479248 12
1698180858143 10.212776184082031 13
1698180858666 10.493096351623535 14
1698180859181 9.177274703979492 15
1698180859716 10.647679328918457 16
1698180860219 10.220589637756348 17
1698180860754 10.52752685546875 18
1698180861280 9.498804092407227 19
1698180861819 9.337876319885254 20
1698180862366 10.353428840637207 21
1698180862891 27.265981674194336 22
1698180863498 15.97430419921875 23
1698180864057 15.011028289794922 24
1698180864664 12.328922271728516 25
1698180865167 12.296333312988281 26
1698180865713 15.156611442565918 27
1698180866231 11.975939750671387 28
1698180866753 13.627066612243652 29
1698180867263 10.230164527893066 30
1698180867805 8.982763290405273 31
1698180868317 11.376459121704102 32
1698180868850 11.010794639587402 33
1698180869389 9.905903816223145 34
1698180869911 12.045881271362305 35
1698180870449 10.634522438049316 36
1698180870979 10.8994779586792 37
1698180871507 9.822437286376953 38
1698180872024 9.981108665466309 39
1698180872565 12.739585876464844 40
1698180873088 13.01908016204834 41
1698180873622 11.510406494140625 42
1698180874180 15.006187438964844 43
1698180874775 12.71306037902832 44
1698180875348 10.925299644470215 45
1698180875898 10.529759407043457 46
1698180876437 13.259064674377441 47
1698180876954 11.202985763549805 48
1698180877472 12.13813304901123 49
