1698187737231 2.204068660736084 0
1698187737646 0.30072468519210815 1
1698187738043 0.2249344140291214 2
1698187738523 0.19897304475307465 3
1698187739020 0.23817689716815948 4
1698187739422 0.22657865285873413 5
1698187739891 0.20466145873069763 6
1698187740336 0.17739178240299225 7
1698187740768 0.1574726104736328 8
1698187741248 0.1975102424621582 9
1698187741705 0.18045563995838165 10
1698187742099 0.2215820848941803 11
1698187742484 0.16894051432609558 12
1698187742901 0.231044203042984 13
1698187743295 0.15596279501914978 14
1698187743690 0.15220481157302856 15
1698187744119 0.20072197914123535 16
1698187744506 0.18922945857048035 17
1698187744902 0.19649145007133484 18
1698187745321 0.17880617082118988 19
1698187745715 0.14818957448005676 20
1698187746107 0.16034840047359467 21
1698187746498 0.1470334380865097 22
1698187746898 0.15549321472644806 23
1698187747310 0.16577431559562683 24
1698187747711 0.16051381826400757 25
1698187748102 0.14810116589069366 26
1698187748489 0.16337896883487701 27
1698187748882 0.16985578835010529 28
1698187749324 0.14729467034339905 29
1698187749730 0.18939386308193207 30
1698187750119 0.15008363127708435 31
1698187750532 0.1632625162601471 32
1698187750925 0.17880339920520782 33
1698187751327 0.1589832901954651 34
1698187751723 0.16911247372627258 35
1698187752137 0.15827201306819916 36
1698187752559 0.1753465235233307 37
1698187753062 0.14052270352840424 38
1698187753495 0.16715878248214722 39
1698187753893 0.22839869558811188 40
1698187754350 0.16296552121639252 41
1698187754902 0.1559520661830902 42
1698187755406 0.1580328643321991 43
1698187755850 0.1734754592180252 44
1698187756328 0.14874306321144104 45
1698187756730 0.1435430347919464 46
1698187757142 0.1539362668991089 47
1698187757531 0.14419497549533844 48
1698187757933 0.1597798615694046 49
