1698187737231 25.026256561279297 0
1698187737646 8.5347261428833 1
1698187738043 7.848042011260986 2
1698187738523 7.204202651977539 3
1698187739020 8.174413681030273 4
1698187739422 7.667317867279053 5
1698187739891 7.423430919647217 6
1698187740336 6.4558210372924805 7
1698187740768 6.227866172790527 8
1698187741248 6.786555290222168 9
1698187741705 6.576401710510254 10
1698187742099 7.42190408706665 11
1698187742484 6.621226787567139 12
1698187742901 7.656045913696289 13
1698187743295 6.2934465408325195 14
1698187743690 5.995409965515137 15
1698187744119 6.9520440101623535 16
1698187744506 6.83352518081665 17
1698187744902 6.921579837799072 18
1698187745321 6.478066921234131 19
1698187745715 6.044229507446289 20
1698187746107 6.076094627380371 21
1698187746498 5.881017208099365 22
1698187746898 6.056227684020996 23
1698187747310 6.42368221282959 24
1698187747711 5.967483043670654 25
1698187748102 5.823738098144531 26
1698187748489 6.1465840339660645 27
1698187748882 6.52150297164917 28
1698187749324 5.805079936981201 29
1698187749730 6.978680610656738 30
1698187750119 5.771038055419922 31
1698187750532 6.707858562469482 32
1698187750925 6.584601879119873 33
1698187751327 5.754118919372559 34
1698187751723 6.672790050506592 35
1698187752137 6.0018415451049805 36
1698187752559 6.641566753387451 37
1698187753062 5.514628887176514 38
1698187753495 6.164767742156982 39
1698187753893 7.501595973968506 40
1698187754350 6.242623805999756 41
1698187754902 5.95272970199585 42
1698187755406 5.971207141876221 43
1698187755850 6.417654991149902 44
1698187756328 5.839870452880859 45
1698187756730 5.791159629821777 46
1698187757142 5.695590019226074 47
1698187757531 5.521906852722168 48
1698187757933 5.704608917236328 49
