1698161373532 126798.8359375 0
1698161373764 112594.8671875 1
1698161374000 60625.42578125 2
1698161374255 73582.359375 3
1698161374501 78231.296875 4
1698161374757 70434.734375 5
1698161375016 66400.09375 6
1698161375315 78591.2109375 7
1698161375660 66895.375 8
1698161375936 78303.515625 9
1698161376170 78738.7421875 10
1698161376443 60139.63671875 11
1698161376846 72774.5234375 12
1698161377163 67523.6953125 13
1698161377474 61003.97265625 14
1698161377781 66737.296875 15
1698161378065 63799.0 16
