1698178388553 0.04831034690141678 0
1698178388811 0.010366932488977909 1
1698178389064 0.0017820806242525578 2
1698178389316 0.001416506594978273 3
1698178389567 0.0013078722404316068 4
1698178389890 0.001542550977319479 5
1698178390144 0.001414741389453411 6
1698178390383 0.0013466950040310621 7
1698178390637 0.0013959965435788035 8
1698178390906 0.0012027031043544412 9
1698178391170 0.001308409497141838 10
1698178391412 0.0014231191016733646 11
1698178391660 0.001323647447861731 12
1698178391940 0.0011933732312172651 13
1698178392187 0.0013646407751366496 14
1698178392428 0.001410184777341783 15
1698178392727 0.0012804680736735463 16
1698178392970 0.001242978498339653 17
1698178393237 0.001151564298197627 18
1698178393495 0.0011545814340934157 19
1698178393831 0.001110767712816596 20
1698178394099 0.0011958950199186802 21
1698178394398 0.001247756415978074 22
1698178394698 0.0011973105138167739 23
1698178395147 0.0011298604076728225 24
1698178395397 0.0011708923848345876 25
1698178395648 0.0010966816917061806 26
1698178395899 0.0011289163958281279 27
1698178396148 0.0010806889040395617 28
1698178396394 0.0012534578563645482 29
1698178396642 0.0012615830637514591 30
1698178396901 0.0010568329598754644 31
1698178397153 0.0011436891509220004 32
1698178397401 0.0010603009723126888 33
1698178397670 0.0010560123482719064 34
1698178397934 0.0011377951595932245 35
1698178398184 0.0011104918085038662 36
1698178398457 0.0010339636355638504 37
1698178398706 0.000984859885647893 38
1698178398955 0.0009435335523448884 39
1698178399201 0.0008864370174705982 40
1698178399472 0.0009393604705110192 41
1698178399714 0.0009164276998490095 42
1698178399952 0.0009667614358477294 43
1698178400188 0.0008720495388843119 44
1698178400429 0.0008949370821937919 45
1698178400673 0.0010973259340971708 46
1698178400989 0.0008855649502947927 47
1698178401239 0.0009215400787070394 48
1698178401481 0.000879505998454988 49
