1698178388553 113565.921875 0
1698178388811 39167.16796875 1
1698178389064 24979.703125 2
1698178389316 9753.3662109375 3
1698178389567 8615.02734375 4
1698178389890 4608.29052734375 5
1698178390144 6699.5107421875 6
1698178390383 6962.37109375 7
1698178390637 9808.8642578125 8
1698178390906 7908.09765625 9
1698178391170 11486.197265625 10
1698178391412 6622.99072265625 11
1698178391660 5845.375 12
1698178391940 13052.1875 13
1698178392187 5298.4912109375 14
1698178392428 1920.2830810546875 15
1698178392727 4945.0400390625 16
1698178392970 866.12890625 17
1698178393237 6692.92724609375 18
1698178393495 4683.04638671875 19
1698178393831 13186.138671875 20
1698178394099 898.0076293945312 21
1698178394398 10623.685546875 22
1698178394698 848.55615234375 23
1698178395147 7630.640625 24
1698178395397 9809.421875 25
1698178395648 6643.1552734375 26
1698178395899 12351.48046875 27
1698178396148 3200.9228515625 28
1698178396394 4784.40625 29
1698178396642 11777.24609375 30
1698178396901 9960.5712890625 31
1698178397153 12599.671875 32
1698178397401 7335.49755859375 33
1698178397670 5766.47998046875 34
1698178397934 11381.53125 35
1698178398184 11821.5146484375 36
1698178398457 10278.8828125 37
1698178398706 5776.65283203125 38
1698178398955 6565.13427734375 39
1698178399201 2683.8125 40
1698178399472 6726.837890625 41
1698178399714 11901.822265625 42
1698178399952 7376.4443359375 43
1698178400188 4002.45654296875 44
1698178400429 4772.9248046875 45
1698178400673 12201.080078125 46
1698178400989 10415.5458984375 47
1698178401239 4273.8212890625 48
1698178401481 9827.015625 49
