1698171954182 0.011599513702094555 0
1698171954519 0.0012600414920598269 1
1698171954851 0.0012414093362167478 2
1698171955255 0.0013277785619720817 3
1698171955618 0.0011463954579085112 4
1698171955968 0.0009414709638804197 5
1698171956364 0.0009841133141890168 6
1698171956820 0.0010438334429636598 7
1698171957277 0.0011812467128038406 8
1698171957744 0.0010489921551197767 9
1698171958169 0.0008968163165263832 10
1698171958566 0.000866102462168783 11
1698171958971 0.0009307847358286381 12
1698171959478 0.0008199831936508417 13
1698171959915 0.0008247606456279755 14
1698171960257 0.0008961418643593788 15
1698171960653 0.0009844242595136166 16
1698171961023 0.0008432735339738429 17
1698171961397 0.0008704892243258655 18
1698171961827 0.0007365504861809313 19
1698171962213 0.0007563611725345254 20
1698171962534 0.0008895147475413978 21
1698171962917 0.0008131013019010425 22
1698171963268 0.0007620833348482847 23
1698171963616 0.0007823812193237245 24
1698171963937 0.0008042316185310483 25
1698171964261 0.0007130772573873401 26
1698171964602 0.000891410221811384 27
1698171964972 0.0008759936317801476 28
1698171965293 0.000774777086917311 29
