1698180223339 0.18306711316108704 0
1698180223487 0.04943108931183815 1
1698180223629 0.03409024327993393 2
1698180223769 0.030860695987939835 3
1698180223915 0.030110904946923256 4
1698180224069 0.02780480869114399 5
1698180224212 0.02642134577035904 6
1698180224356 0.023131752386689186 7
1698180224511 0.0232565775513649 8
1698180224663 0.022888604551553726 9
1698180224800 0.023715989664196968 10
1698180224944 0.020075615495443344 11
1698180225113 0.023414326831698418 12
1698180225279 0.02192458137869835 13
1698180225437 0.025234181433916092 14
1698180225590 0.019559655338525772 15
1698180225745 0.020327690988779068 16
1698180225895 0.019252069294452667 17
1698180226108 0.020164521411061287 18
1698180226297 0.023519715294241905 19
1698180226460 0.017886312678456306 20
1698180226614 0.021144002676010132 21
1698180226794 0.020166920498013496 22
1698180226971 0.017269136384129524 23
1698180227222 0.02056494913995266 24
1698180227454 0.020545868203043938 25
1698180227643 0.021157002076506615 26
1698180227789 0.020703213289380074 27
1698180227942 0.019846078008413315 28
1698180228102 0.021732108667492867 29
1698180228259 0.01799655333161354 30
1698180228417 0.01817929372191429 31
1698180228572 0.01906820945441723 32
1698180228728 0.020351776853203773 33
1698180228874 0.01920696720480919 34
1698180229029 0.018286025151610374 35
1698180229203 0.01857217401266098 36
1698180229359 0.01940997503697872 37
1698180229502 0.018706290051341057 38
1698180229659 0.01855909638106823 39
1698180229813 0.017673799768090248 40
1698180229966 0.01910512149333954 41
1698180230133 0.016166789457201958 42
1698180230293 0.015794003382325172 43
1698180230446 0.0170880239456892 44
1698180230606 0.018662001937627792 45
1698180230762 0.016145892441272736 46
1698180230918 0.01765614189207554 47
1698180231078 0.017381615936756134 48
1698180231249 0.01788683608174324 49
