1698180075310 0.21558663249015808 0
1698180075463 0.0458376444876194 1
1698180075644 0.035273320972919464 2
1698180075795 0.03356115520000458 3
1698180075955 0.028915418311953545 4
1698180076110 0.03002197854220867 5
1698180076263 0.02319447323679924 6
1698180076403 0.027103673666715622 7
1698180076550 0.02295566350221634 8
1698180076703 0.023084731772542 9
1698180076859 0.02163788676261902 10
1698180076999 0.02088681049644947 11
1698180077150 0.021973568946123123 12
1698180077298 0.02181107923388481 13
1698180077445 0.024289799854159355 14
1698180077593 0.022883139550685883 15
1698180077747 0.021325843408703804 16
1698180077898 0.021830225363373756 17
1698180078053 0.020390866324305534 18
1698180078208 0.01671048067510128 19
1698180078355 0.019376855343580246 20
1698180078505 0.015616614371538162 21
1698180078653 0.01845140941441059 22
1698180078799 0.015324217267334461 23
1698180078943 0.017969205975532532 24
1698180079081 0.015984417870640755 25
1698180079231 0.015474047511816025 26
1698180079385 0.01661144383251667 27
1698180079546 0.019030077382922173 28
1698180079692 0.019114116206765175 29
1698180079845 0.015868160873651505 30
1698180079993 0.016281122341752052 31
1698180080141 0.017347045242786407 32
1698180080288 0.01754692569375038 33
1698180080424 0.0161439161747694 34
1698180080567 0.017425131052732468 35
1698180080713 0.014668858610093594 36
1698180080873 0.016566544771194458 37
1698180081024 0.013105050660669804 38
1698180081174 0.01423592958599329 39
1698180081320 0.014679781161248684 40
1698180081464 0.01412527821958065 41
1698180081608 0.01577742025256157 42
1698180081765 0.015108084306120872 43
1698180081922 0.013819622807204723 44
1698180082067 0.012736944481730461 45
1698180082222 0.014770560897886753 46
1698180082383 0.016096897423267365 47
1698180082532 0.015463210642337799 48
1698180082679 0.013080794364213943 49
