1698154935444 0.06087632104754448 0
1698154936011 0.03182923048734665 1
1698154936537 0.021193329244852066 2
1698154937013 0.01474485732614994 3
1698154937471 0.012398459017276764 4
1698154937935 0.010316275991499424 5
1698154938379 0.008792135864496231 6
1698154938842 0.007547998800873756 7
1698154939286 0.006679653190076351 8
1698154939761 0.005983443930745125 9
1698154940245 0.005484331864863634 10
1698154940701 0.005011789500713348 11
1698154941357 0.004644755274057388 12
1698154941835 0.004381347447633743 13
1698154942357 0.00396662438288331 14
1698154942943 0.0037536288145929575 15
1698154943566 0.0036470715422183275 16
1698154944062 0.0033395583741366863 17
1698154944540 0.0032695364207029343 18
1698154945000 0.0029803039506077766 19
1698154945507 0.0029422033112496138 20
1698154946028 0.0028987748082727194 21
1698154946602 0.0027282421942800283 22
1698154947097 0.0027412844356149435 23
1698154947550 0.0026955201756209135 24
1698154948040 0.0026656065601855516 25
1698154948487 0.0026760001201182604 26
1698154948934 0.0026591643691062927 27
1698154949383 0.002550323260948062 28
1698154949892 0.0026367998216301203 29
1698154950535 0.002581453649327159 30
1698154951361 0.002593932207673788 31
1698154951845 0.002536049345508218 32
1698154952338 0.002592044183984399 33
1698154952780 0.0027057137340307236 34
