1698173617526 77.20691680908203 0
1698173617768 24.584388732910156 1
1698173617971 20.724409103393555 2
1698173618175 27.34292984008789 3
1698173618385 22.422252655029297 4
1698173618587 12.332717895507812 5
1698173618791 10.920918464660645 6
1698173618993 27.43088150024414 7
1698173619192 16.615507125854492 8
1698173619408 21.09267807006836 9
1698173619606 19.50957679748535 10
1698173619842 11.733519554138184 11
1698173620099 14.076582908630371 12
1698173620304 18.428621292114258 13
1698173620527 19.88112449645996 14
1698173620847 14.335861206054688 15
1698173621218 22.616958618164062 16
1698173621520 16.56521224975586 17
1698173621924 19.255016326904297 18
1698173622144 21.126049041748047 19
1698173622453 17.597652435302734 20
1698173622703 23.755590438842773 21
1698173623083 13.538640975952148 22
1698173623386 15.938551902770996 23
1698173623654 17.553176879882812 24
1698173624010 11.692278861999512 25
1698173624333 17.540647506713867 26
1698173624540 12.372123718261719 27
1698173624735 14.499762535095215 28
1698173624986 12.963358879089355 29
1698173625196 19.208547592163086 30
1698173625373 15.753358840942383 31
1698173625577 16.59909439086914 32
1698173625782 14.501860618591309 33
1698173626050 23.93197250366211 34
1698173626325 21.413145065307617 35
1698173626526 13.855878829956055 36
1698173626752 16.782779693603516 37
1698173626954 20.675464630126953 38
1698173627157 14.046707153320312 39
1698173627439 15.4028959274292 40
1698173627672 19.250551223754883 41
1698173627975 19.36250114440918 42
1698173628213 21.193065643310547 43
1698173628426 16.54869270324707 44
1698173628642 10.670929908752441 45
1698173628841 15.90544605255127 46
1698173629044 12.313119888305664 47
1698173629287 13.822640419006348 48
1698173629504 19.389747619628906 49
