1698162204982 0.18271102011203766 0
1698162207713 0.0917937383055687 1
1698162212230 0.05940357968211174 2
1698162214972 0.048341866582632065 3
1698162217581 0.04016093164682388 4
1698162220462 0.0357983224093914 5
1698162223919 0.031196512281894684 6
1698162227757 0.028894124552607536 7
1698162230422 0.02611563540995121 8
1698162233359 0.0255352221429348 9
1698162236053 0.023532088845968246 10
1698162238613 0.022877858951687813 11
1698162241737 0.02237088419497013 12
1698162245002 0.02156030386686325 13
1698162248018 0.020571064203977585 14
1698162250931 0.020407140254974365 15
1698162253944 0.020426811650395393 16
1698162257173 0.019686173647642136 17
1698162259904 0.019968295469880104 18
1698162262614 0.0195867158472538 19
1698162265754 0.01941111870110035 20
1698162268477 0.01929590478539467 21
1698162271498 0.019036026671528816 22
1698162274529 0.01896866038441658 23
1698162277759 0.01912730187177658 24
