1698180712458 0.3377319276332855 0
1698180712566 0.05073891207575798 1
1698180712676 0.01594899781048298 2
1698180712784 0.016933711245656013 3
1698180712903 0.010789541527628899 4
1698180713030 0.010569094680249691 5
1698180713137 0.009424470365047455 6
1698180713269 0.009911295026540756 7
1698180713378 0.01041350606828928 8
1698180713497 0.010215377435088158 9
1698180713604 0.008547774516046047 10
1698180713710 0.008352840319275856 11
1698180713829 0.009652487002313137 12
1698180713935 0.010559658519923687 13
1698180714040 0.009651713073253632 14
1698180714153 0.00874258391559124 15
