1698179482770 0.0661000907421112 0
1698179483206 0.028820212930440903 1
1698179483713 0.02438465878367424 2
1698179484109 0.022507939487695694 3
1698179484580 0.019442573189735413 4
1698179485080 0.019391002133488655 5
1698179485518 0.017909890040755272 6
1698179485937 0.018197420984506607 7
1698179486296 0.016243327409029007 8
1698179486672 0.015552307479083538 9
1698179487105 0.013280156068503857 10
1698179487491 0.014678697101771832 11
1698179487933 0.013300329446792603 12
1698179488341 0.012899716384708881 13
1698179488781 0.0107384929433465 14
1698179489229 0.01276747789233923 15
1698179489650 0.01278628595173359 16
1698179490097 0.012777885422110558 17
1698179490473 0.012484973296523094 18
1698179490875 0.011581786908209324 19
1698179491245 0.01117919571697712 20
1698179491622 0.012851206585764885 21
1698179492027 0.01242509763687849 22
1698179492402 0.01138638611882925 23
1698179492808 0.011260856874287128 24
1698179493190 0.01087263971567154 25
1698179493562 0.010482086800038815 26
1698179493937 0.01041947677731514 27
1698179494309 0.011607994325459003 28
1698179494696 0.009949891828000546 29
1698179495071 0.011252593249082565 30
1698179495461 0.009712050668895245 31
1698179495827 0.010525038465857506 32
1698179496199 0.009921993128955364 33
1698179496586 0.009830111637711525 34
1698179496980 0.008937221951782703 35
1698179497354 0.011338097043335438 36
1698179497731 0.009574045427143574 37
1698179498110 0.009946666657924652 38
1698179498583 0.008753119967877865 39
1698179499022 0.009961237199604511 40
1698179499419 0.007886548526585102 41
1698179499900 0.007663159165531397 42
1698179500345 0.009295116178691387 43
1698179500748 0.009883692488074303 44
1698179501120 0.008646919392049313 45
1698179501478 0.009822815656661987 46
1698179501857 0.009145519696176052 47
1698179502224 0.008246821351349354 48
1698179502593 0.007987615652382374 49
