1698178021911 36.59546661376953 0
1698178022009 13.0377197265625 1
1698178022102 10.321575164794922 2
1698178022225 10.555959701538086 3
1698178022322 9.548832893371582 4
1698178022424 9.380512237548828 5
1698178022549 8.744308471679688 6
1698178022664 8.86711597442627 7
1698178022774 8.794564247131348 8
1698178022890 8.387340545654297 9
1698178023388 9.268994331359863 10
1698178023513 8.366780281066895 11
1698178023623 8.395094871520996 12
1698178023742 8.154810905456543 13
1698178023849 7.999269962310791 14
1698178023953 8.439552307128906 15
1698178024054 8.96728515625 16
1698178024160 8.572498321533203 17
1698178024273 7.834014892578125 18
1698178024376 7.722642421722412 19
1698178024476 7.655005931854248 20
1698178024601 8.297385215759277 21
1698178024698 7.6384429931640625 22
1698178024825 7.446888446807861 23
1698178024940 7.709945201873779 24
1698178025037 7.643020153045654 25
1698178025134 7.865880966186523 26
1698178025246 7.413571834564209 27
1698178025347 7.54484224319458 28
1698178025449 7.4405598640441895 29
1698178025553 7.298003673553467 30
1698178025652 6.938785552978516 31
1698178025752 7.5122270584106445 32
1698178025852 7.036804676055908 33
1698178025952 7.5250139236450195 34
1698178026051 7.153244972229004 35
1698178026153 7.218846321105957 36
1698178026274 7.100515365600586 37
1698178026376 7.324767589569092 38
1698178026478 7.106088638305664 39
1698178026580 6.970666408538818 40
1698178026704 6.98720121383667 41
1698178026870 7.542622089385986 42
1698178026986 7.1634345054626465 43
1698178027108 7.2199835777282715 44
1698178027244 6.768716812133789 45
1698178027368 7.087544918060303 46
1698178027486 7.079743385314941 47
1698178027597 7.572531223297119 48
1698178027701 7.091750621795654 49
