1698157025525 0.4248292148113251 0
1698157027022 0.24064399302005768 1
1698157029058 0.1607874035835266 2
1698157030814 0.12414318323135376 3
1698157032607 0.10373982787132263 4
1698157034284 0.08814259618520737 5
1698157035950 0.07873580604791641 6
1698157037721 0.07163192331790924 7
1698157039277 0.06597959250211716 8
1698157040745 0.06314772367477417 9
1698157042684 0.05827605724334717 10
1698157044343 0.054669782519340515 11
1698157045954 0.05273253470659256 12
1698157047520 0.0513637475669384 13
1698157049046 0.05176534503698349 14
