1698157025525 73.58345031738281 0
1698157027022 62.65378952026367 1
1698157029058 42.92945861816406 2
1698157030814 35.361656188964844 3
1698157032607 32.58976364135742 4
1698157034284 31.242441177368164 5
1698157035950 27.850156784057617 6
1698157037721 26.711029052734375 7
1698157039277 25.590333938598633 8
1698157040745 24.853679656982422 9
1698157042684 23.585603713989258 10
1698157044343 23.683013916015625 11
1698157045954 22.89875602722168 12
1698157047520 22.235248565673828 13
1698157049046 23.472137451171875 14
