1698153966668 0.054943155497312546 0
1698153967784 0.028559736907482147 1
1698153968890 0.018421534448862076 2
1698153970118 0.015465504489839077 3
1698153971283 0.012865760363638401 4
1698153972363 0.011040712706744671 5
1698153973514 0.009983701631426811 6
1698153974729 0.009034399874508381 7
1698153976025 0.00842330139130354 8
1698153977280 0.007802498061209917 9
1698153978617 0.007402042858302593 10
1698153979798 0.006870462093502283 11
1698153981025 0.0064728474244475365 12
1698153982271 0.006399713456630707 13
1698153983540 0.006079903803765774 14
1698153984747 0.005697735119611025 15
1698153986069 0.005725462920963764 16
1698153987455 0.005384206771850586 17
1698153988673 0.005286651197820902 18
1698153989989 0.005174180958420038 19
1698153991569 0.005301278550177813 20
1698153992620 0.005194744560867548 21
1698153993780 0.005162808112800121 22
