1698153966668 17982.853515625 0
1698153967784 84229.6796875 1
1698153968890 65685.515625 2
1698153970118 57427.20703125 3
1698153971283 59987.625 4
1698153972363 56651.11328125 5
1698153973514 57770.6953125 6
1698153974729 58780.91015625 7
1698153976025 56090.3125 8
1698153977280 57819.734375 9
1698153978617 59814.08984375 10
1698153979798 48464.4765625 11
1698153981025 53814.359375 12
1698153982271 49581.30859375 13
1698153983540 65749.6875 14
1698153984747 38447.16015625 15
1698153986069 58492.62890625 16
1698153987455 48139.0703125 17
1698153988673 48339.1640625 18
1698153989989 59348.2265625 19
1698153991569 43116.81640625 20
1698153992620 46340.2890625 21
1698153993780 51049.51953125 22
