1698172746105 53.84305191040039 0
1698172746265 16.99258804321289 1
1698172746409 13.571749687194824 2
1698172746566 12.764168739318848 3
1698172746724 11.170149803161621 4
1698172746877 10.67543888092041 5
1698172747023 10.169812202453613 6
1698172747181 10.314116477966309 7
1698172747367 10.437220573425293 8
1698172747540 9.85481071472168 9
1698172747705 10.081347465515137 10
1698172747863 9.51081371307373 11
1698172748024 9.492513656616211 12
1698172748271 9.445131301879883 13
1698172748422 9.423503875732422 14
1698172748601 9.377828598022461 15
1698172748781 9.191307067871094 16
1698172748944 9.103191375732422 17
1698172749108 9.364206314086914 18
1698172749269 8.451343536376953 19
1698172749465 8.685907363891602 20
1698172749631 8.78449535369873 21
1698172749852 9.002021789550781 22
1698172750046 8.98378849029541 23
1698172750207 9.15707778930664 24
1698172750371 8.908096313476562 25
1698172750552 8.738439559936523 26
1698172750724 8.51522445678711 27
1698172750882 9.188454627990723 28
1698172751037 8.725484848022461 29
1698172751206 8.805746078491211 30
1698172751398 8.632320404052734 31
1698172751570 8.548893928527832 32
1698172751817 8.697449684143066 33
1698172752034 8.343792915344238 34
1698172752196 8.633842468261719 35
1698172752407 8.303627967834473 36
1698172752646 8.463203430175781 37
1698172752837 8.76115608215332 38
1698172752993 8.415576934814453 39
1698172753139 8.749358177185059 40
1698172753300 8.361117362976074 41
1698172753471 8.102545738220215 42
1698172753612 8.402620315551758 43
1698172753768 8.235285758972168 44
1698172753918 8.52929401397705 45
1698172754083 8.264522552490234 46
1698172754291 8.063859939575195 47
1698172754473 7.850554466247559 48
1698172754650 8.136911392211914 49
