1698167479666 0.06441687047481537 0
1698167479965 0.02055056393146515 1
1698167480261 0.014802983961999416 2
1698167480473 0.012177367694675922 3
1698167480709 0.010784738697111607 4
1698167480940 0.010608628392219543 5
1698167481148 0.009720474481582642 6
1698167481361 0.010035518556833267 7
1698167481563 0.009684276767075062 8
1698167481763 0.0095219062641263 9
1698167481982 0.009059246629476547 10
1698167482196 0.00917491689324379 11
1698167482406 0.009129645302891731 12
1698167482620 0.009290261194109917 13
