1698183387877 222.44259643554688 0
1698183388141 21.78302001953125 1
1698183388379 20.3276424407959 2
1698183388613 18.40736961364746 3
1698183388830 17.372543334960938 4
1698183389046 18.05731773376465 5
1698183389296 15.937311172485352 6
1698183389612 17.86496353149414 7
1698183389872 21.09070587158203 8
1698183390697 16.222972869873047 9
1698183390916 15.757467269897461 10
1698183391134 17.05942726135254 11
1698183391342 14.546133995056152 12
1698183391563 16.935579299926758 13
1698183391773 14.62109375 14
1698183391990 14.57967758178711 15
1698183392192 12.198763847351074 16
1698183392402 13.514768600463867 17
1698183392606 13.166244506835938 18
1698183392823 12.54182243347168 19
1698183393054 12.499740600585938 20
1698183393274 13.452841758728027 21
1698183393492 11.440389633178711 22
1698183393702 13.528250694274902 23
1698183393912 13.361332893371582 24
1698183394121 11.866551399230957 25
1698183394340 10.033219337463379 26
1698183394550 12.644460678100586 27
1698183394753 12.988412857055664 28
1698183394967 10.631301879882812 29
1698183395178 12.103111267089844 30
1698183395409 12.476381301879883 31
1698183395623 11.633391380310059 32
1698183395840 9.771807670593262 33
1698183396057 11.222036361694336 34
1698183396265 11.772027015686035 35
1698183396478 12.604852676391602 36
1698183396712 11.18043327331543 37
1698183396921 12.060415267944336 38
1698183397130 12.173550605773926 39
1698183397343 12.906061172485352 40
1698183397557 12.09731674194336 41
1698183397767 11.073270797729492 42
1698183397986 9.653667449951172 43
1698183398220 12.414051055908203 44
1698183398438 10.181112289428711 45
1698183398667 10.160723686218262 46
1698183398889 10.406927108764648 47
1698183399092 10.50783634185791 48
1698183399330 9.604714393615723 49
