1698183387877 36.97951889038086 0
1698183388141 10.342883110046387 1
1698183388379 10.10280990600586 2
1698183388613 9.830918312072754 3
1698183388830 8.939879417419434 4
1698183389046 8.89700984954834 5
1698183389296 9.037562370300293 6
1698183389612 9.250245094299316 7
1698183389872 9.58024787902832 8
1698183390697 8.357237815856934 9
1698183390916 9.3473482131958 10
1698183391134 8.23656177520752 11
1698183391342 8.86678409576416 12
1698183391563 8.880358695983887 13
1698183391773 8.554228782653809 14
1698183391990 8.572713851928711 15
1698183392192 7.7134246826171875 16
1698183392402 8.81753921508789 17
1698183392606 8.290237426757812 18
1698183392823 8.055984497070312 19
1698183393054 7.825953006744385 20
1698183393274 8.130553245544434 21
1698183393492 7.752992630004883 22
1698183393702 7.491076469421387 23
1698183393912 7.387805938720703 24
1698183394121 7.955868721008301 25
1698183394340 7.386186599731445 26
1698183394550 7.4906840324401855 27
1698183394753 8.203770637512207 28
1698183394967 7.260600566864014 29
1698183395178 7.465707778930664 30
1698183395409 7.0028395652771 31
1698183395623 7.315601348876953 32
1698183395840 6.742121696472168 33
1698183396057 6.987970352172852 34
1698183396265 7.468580722808838 35
1698183396478 7.382552623748779 36
1698183396712 7.606227874755859 37
1698183396921 7.839759826660156 38
1698183397130 7.803805828094482 39
1698183397343 8.33639144897461 40
1698183397557 7.46921968460083 41
1698183397767 6.703691482543945 42
1698183397986 6.888312339782715 43
1698183398220 7.235564708709717 44
1698183398438 6.712245941162109 45
1698183398667 6.82298469543457 46
1698183398889 7.450359344482422 47
1698183399092 7.609689235687256 48
1698183399330 6.9536662101745605 49
