1698161498762 0.041797980666160583 0
1698161499278 0.016502512618899345 1
1698161499832 0.009666502475738525 2
1698161500354 0.0069281961768865585 3
1698161500863 0.005251553375273943 4
1698161501498 0.004177973605692387 5
1698161502014 0.0035654425155371428 6
1698161502546 0.0030949474312365055 7
1698161503110 0.002859798725694418 8
1698161503668 0.002623825566843152 9
1698161504267 0.0025727988686412573 10
1698161504795 0.0026729044038802385 11
1698161505321 0.002514745108783245 12
1698161505854 0.002462727716192603 13
1698161506354 0.002550238510593772 14
1698161506890 0.0025708675384521484 15
1698161507437 0.0025553752202540636 16
1698161507973 0.0024463438894599676 17
