1698160450460 66.04173278808594 0
1698160451062 43.39689254760742 1
1698160451661 28.017770767211914 2
1698160452273 22.055862426757812 3
1698160452858 20.519245147705078 4
1698160453466 18.63528060913086 5
1698160454048 17.06169891357422 6
1698160454741 16.12900733947754 7
1698160455596 14.740286827087402 8
1698160456303 14.54100227355957 9
1698160456904 13.518529891967773 10
1698160457503 12.991196632385254 11
1698160458072 12.884531021118164 12
1698160458652 12.894122123718262 13
1698160459266 12.84315013885498 14
1698160459873 12.721358299255371 15
1698160460489 12.20615005493164 16
1698160461072 12.424019813537598 17
1698160461675 12.574377059936523 18
1698160462338 12.030356407165527 19
1698160462996 11.943111419677734 20
1698160463725 12.320831298828125 21
1698160464419 12.393143653869629 22
1698160465117 11.970858573913574 23
1698160465723 11.710949897766113 24
