1698230176804 8.329336166381836 0
1698230177592 5.141049385070801 1
1698230178251 3.060810089111328 2
1698230180192 2.4462921619415283 3
1698230180857 2.0561230182647705 4
1698230181515 1.8509204387664795 5
1698230183921 1.641815185546875 6
1698230184618 1.4747599363327026 7
1698230185288 1.422409176826477 8
1698230185938 1.2762815952301025 9
1698230187551 1.2715859413146973 10
1698230188211 1.15208101272583 11
1698230189373 1.1423213481903076 12
1698230190016 1.0947264432907104 13
1698230191884 1.0174651145935059 14
1698230192538 1.059911847114563 15
1698230193268 0.9852591156959534 16
1698230194833 0.9284319281578064 17
1698230195722 0.8844717144966125 18
1698230196572 0.9191887974739075 19
1698230198155 0.890136182308197 20
1698230200089 0.8712660074234009 21
1698230201714 0.8028753399848938 22
1698230203539 0.7952244877815247 23
1698230205280 0.7567883133888245 24
1698230206791 0.7731585502624512 25
1698230208278 0.7239589691162109 26
1698230209528 0.7578643560409546 27
1698230210184 0.6921010613441467 28
1698230210868 0.7299307584762573 29
1698230211946 0.7267541289329529 30
1698230212616 0.6934585571289062 31
1698230213456 0.6244071125984192 32
1698230214578 0.6719131469726562 33
1698230216105 0.6509729623794556 34
1698230217721 0.6073659062385559 35
1698230219100 0.6612599492073059 36
1698230220683 0.6246684789657593 37
1698230222171 0.5941385626792908 38
1698230223919 0.6356762051582336 39
1698230224562 0.5999493598937988 40
1698230226341 0.6027089953422546 41
1698230228119 0.5735893249511719 42
1698230229921 0.5649047493934631 43
1698230231506 0.5300374627113342 44
1698230233102 0.5898329019546509 45
1698230233990 0.5691586136817932 46
1698230234751 0.5521671175956726 47
1698230235884 0.5299846529960632 48
1698230236527 0.5407912731170654 49
