1698180653345 0.08054612576961517 0
1698180653617 0.016957903280854225 1
1698180653819 0.013822643086314201 2
1698180654018 0.012382016517221928 3
1698180654215 0.009863452985882759 4
1698180654423 0.010641557164490223 5
1698180654622 0.01069885864853859 6
1698180654820 0.010413174517452717 7
1698180655012 0.0081052640452981 8
1698180655212 0.007966706529259682 9
1698180655424 0.008307899348437786 10
1698180655625 0.008338242769241333 11
1698180655818 0.008414815180003643 12
1698180656002 0.007980657741427422 13
1698180656198 0.007029366679489613 14
1698180656422 0.007349815219640732 15
1698180656605 0.008048721589148045 16
1698180656801 0.006481589749455452 17
1698180656997 0.007096221670508385 18
1698180657195 0.006882299669086933 19
1698180657413 0.006725030951201916 20
1698180657606 0.0069417026825249195 21
1698180657795 0.00676111551001668 22
1698180657979 0.00619962252676487 23
1698180658175 0.006545080803334713 24
1698180658407 0.007869955152273178 25
1698180658609 0.006384863052517176 26
1698180658801 0.006100260186940432 27
1698180658991 0.0055386400781571865 28
1698180659201 0.005831473972648382 29
1698180659412 0.006627821363508701 30
1698180659611 0.0062528639100492 31
1698180659806 0.005374860018491745 32
1698180660010 0.005551294889301062 33
1698180660222 0.0058755152858793736 34
1698180660432 0.006919068284332752 35
1698180660640 0.006435059942305088 36
1698180660844 0.006220769137144089 37
1698180661045 0.005913775414228439 38
1698180661247 0.005769944284111261 39
1698180661475 0.005222491919994354 40
1698180661718 0.005132988560944796 41
1698180661928 0.004888786934316158 42
1698180662144 0.00502023845911026 43
1698180662383 0.005168471951037645 44
1698180662595 0.005264410749077797 45
1698180662826 0.006297681014984846 46
1698180663023 0.0062779816798865795 47
1698180663219 0.00505359610542655 48
1698180663437 0.005429483018815517 49
