1698180653345 34.55119323730469 0
1698180653617 16.32691192626953 1
1698180653819 14.852031707763672 2
1698180654018 13.738356590270996 3
1698180654215 12.835826873779297 4
1698180654423 13.286337852478027 5
1698180654622 13.335193634033203 6
1698180654820 12.27532958984375 7
1698180655012 11.531765937805176 8
1698180655212 11.073128700256348 9
1698180655424 11.35980224609375 10
1698180655625 11.184351921081543 11
1698180655818 10.839771270751953 12
1698180656002 10.4591646194458 13
1698180656198 10.591499328613281 14
1698180656422 10.511157989501953 15
1698180656605 10.345904350280762 16
1698180656801 9.640514373779297 17
1698180656997 9.30691146850586 18
1698180657195 10.09658432006836 19
1698180657413 9.911420822143555 20
1698180657606 10.172544479370117 21
1698180657795 9.395556449890137 22
1698180657979 9.904897689819336 23
1698180658175 9.011088371276855 24
1698180658407 10.353486061096191 25
1698180658609 9.38029956817627 26
1698180658801 8.955201148986816 27
1698180658991 8.900484085083008 28
1698180659201 8.585896492004395 29
1698180659412 9.097970962524414 30
1698180659611 8.78995132446289 31
1698180659806 8.489468574523926 32
1698180660010 8.554167747497559 33
1698180660222 8.334376335144043 34
1698180660432 8.875755310058594 35
1698180660640 8.532798767089844 36
1698180660844 8.541581153869629 37
1698180661045 8.47704792022705 38
1698180661247 7.974632263183594 39
1698180661475 8.294760704040527 40
1698180661718 7.8422932624816895 41
1698180661928 7.6349711418151855 42
1698180662144 7.594972610473633 43
1698180662383 8.606938362121582 44
1698180662595 7.687869071960449 45
1698180662826 8.06753921508789 46
1698180663023 7.875178337097168 47
1698180663219 7.7242560386657715 48
1698180663437 7.66218900680542 49
