1698150090258 59.04092025756836 0
1698150090546 34.75096893310547 1
1698150090872 26.892169952392578 2
1698150091123 24.245986938476562 3
1698150091391 22.662885665893555 4
1698150091655 21.416961669921875 5
1698150091952 20.31955909729004 6
1698150092214 19.082399368286133 7
1698150092496 18.217697143554688 8
1698150092758 17.565229415893555 9
1698150093017 16.80299186706543 10
1698150093278 16.25040054321289 11
1698150093548 16.10674285888672 12
1698150093829 15.909942626953125 13
1698150094081 15.585474967956543 14
1698150094343 15.378632545471191 15
1698150094676 15.323447227478027 16
1698150095000 14.789436340332031 17
1698150095277 14.64622688293457 18
1698150095593 14.855403900146484 19
1698150095849 14.382753372192383 20
1698150096119 14.335824966430664 21
1698150096377 14.351072311401367 22
1698150096653 14.053666114807129 23
1698150096935 13.90975284576416 24
1698150097205 13.85210132598877 25
1698150097479 13.896960258483887 26
1698150097767 13.63082504272461 27
1698150098072 13.601134300231934 28
1698150098335 13.69019603729248 29
1698150098615 13.599888801574707 30
1698150098891 13.429162979125977 31
1698150099143 13.422009468078613 32
1698150099439 13.668652534484863 33
1698150099719 13.261995315551758 34
1698150100009 13.311928749084473 35
1698150100295 13.218369483947754 36
1698150100625 13.317359924316406 37
1698150100965 13.199827194213867 38
1698150101266 13.027273178100586 39
1698150101528 12.954588890075684 40
1698150101820 13.3851318359375 41
1698150102070 12.855122566223145 42
1698150102338 13.051065444946289 43
1698150102600 12.844268798828125 44
1698150102958 12.710005760192871 45
1698150103217 13.017967224121094 46
1698150103485 12.70131778717041 47
1698150103740 12.698052406311035 48
1698150104028 12.698042869567871 49
1698150104290 12.820651054382324 50
1698150104574 12.811861038208008 51
1698150104839 12.568145751953125 52
1698150105139 12.666888236999512 53
1698150105420 12.594239234924316 54
1698150105681 12.435784339904785 55
1698150105951 12.535416603088379 56
1698150106268 12.531575202941895 57
1698150106537 12.415077209472656 58
1698150106806 12.462364196777344 59
1698150107077 12.662507057189941 60
1698150107393 12.49683666229248 61
1698150107666 12.420353889465332 62
1698150107951 12.4297456741333 63
1698150108205 12.382220268249512 64
1698150108460 12.356318473815918 65
