1698185933893 13.815820693969727 0
1698185934040 1.4837595224380493 1
1698185934182 1.5438405275344849 2
1698185934334 1.5521279573440552 3
1698185934496 1.451116681098938 4
1698185934663 1.2432472705841064 5
1698185934815 1.317246675491333 6
1698185934961 1.5171037912368774 7
1698185935106 1.4397846460342407 8
1698185935255 1.3705757856369019 9
1698185935411 1.301216721534729 10
1698185935592 1.2489887475967407 11
1698185935740 1.4051772356033325 12
1698185935887 1.2290610074996948 13
1698185936033 1.4741705656051636 14
1698185936180 1.3732715845108032 15
1698185936325 1.3094805479049683 16
1698185936477 1.3730943202972412 17
1698185936636 1.3854498863220215 18
1698185936780 1.0282925367355347 19
1698185936926 1.239150047302246 20
1698185937071 1.1249192953109741 21
1698185937215 1.0542463064193726 22
1698185937395 0.9062376022338867 23
1698185937548 1.2068557739257812 24
1698185937693 0.99162358045578 25
1698185937839 1.0966861248016357 26
1698185937985 1.1853989362716675 27
1698185938128 1.2626484632492065 28
1698185938265 1.23484468460083 29
1698185938403 1.1477341651916504 30
1698185938551 1.1494070291519165 31
1698185938694 1.489919662475586 32
1698185938845 1.044274926185608 33
1698185938972 1.1010624170303345 34
1698185939112 1.191126823425293 35
1698185939240 1.0810718536376953 36
1698185939379 1.1928012371063232 37
1698185939528 0.9266836047172546 38
1698185939669 1.0922791957855225 39
1698185939808 1.2037317752838135 40
1698185939947 1.0593582391738892 41
1698185940085 1.0467087030410767 42
1698185940218 1.4515749216079712 43
1698185940355 1.0267878770828247 44
1698185940500 1.0364629030227661 45
1698185940654 1.0717016458511353 46
1698185940794 1.3375517129898071 47
1698185940932 1.0430902242660522 48
1698185941070 1.3108716011047363 49
