1698149272205 0.07269439846277237 0
1698149273510 0.039292074739933014 1
1698149274856 0.024086490273475647 2
1698149276300 0.01828405261039734 3
1698149277769 0.01508148293942213 4
1698149279088 0.012790127657353878 5
1698149280518 0.011587866581976414 6
1698149281886 0.010304484516382217 7
1698149283281 0.009101459756493568 8
1698149284598 0.008457806892693043 9
1698149285989 0.007647969294339418 10
1698149287392 0.007011459209024906 11
1698149288708 0.0066322642378509045 12
1698149290147 0.006269161123782396 13
1698149291611 0.00593387009575963 14
1698149292993 0.005738156847655773 15
1698149294303 0.005622221156954765 16
1698149295678 0.005308957304805517 17
1698149297150 0.004922934807837009 18
1698149298457 0.004887127783149481 19
1698149299845 0.004829420242458582 20
1698149301202 0.004675228148698807 21
1698149302647 0.005030288361012936 22
1698149304029 0.0047157336957752705 23
1698149305434 0.00466574402526021 24
