1698149272205 19006.95703125 0
1698149273510 131589.515625 1
1698149274856 109746.234375 2
1698149276300 125825.3203125 3
1698149277769 120556.171875 4
1698149279088 94634.1328125 5
1698149280518 96346.7578125 6
1698149281886 90632.0625 7
1698149283281 97393.3359375 8
1698149284598 122188.9609375 9
1698149285989 91451.0078125 10
1698149287392 101049.6484375 11
1698149288708 102840.1171875 12
1698149290147 94445.140625 13
1698149291611 90901.7734375 14
1698149292993 87672.3984375 15
1698149294303 91293.0390625 16
1698149295678 112558.9921875 17
1698149297150 94429.046875 18
1698149298457 83802.2421875 19
1698149299845 89166.8828125 20
1698149301202 89598.7265625 21
1698149302647 82117.53125 22
1698149304029 91877.9375 23
1698149305434 84339.8984375 24
