1698186193728 5.634336948394775 0
1698186193929 0.9828056693077087 1
1698186194128 0.7684729695320129 2
1698186194392 0.7977795600891113 3
1698186194635 0.7060722708702087 4
1698186194879 0.7799862623214722 5
1698186195113 0.8553982973098755 6
1698186195337 0.8275622129440308 7
1698186195536 0.7443453669548035 8
1698186195743 0.8068825602531433 9
1698186195947 0.8010817170143127 10
1698186196150 0.720359206199646 11
1698186196377 0.747060239315033 12
1698186196587 0.7565920352935791 13
1698186196791 0.6082861423492432 14
1698186196986 0.6663914322853088 15
1698186197187 0.6934023499488831 16
1698186197410 0.6686273813247681 17
1698186197613 0.6706490516662598 18
1698186197829 0.6829443573951721 19
1698186198056 0.6057806015014648 20
1698186198379 0.5750519037246704 21
1698186198604 0.5909489393234253 22
1698186198802 0.6451367139816284 23
1698186199003 0.6066085696220398 24
1698186199258 0.5721070170402527 25
1698186199504 0.6043362021446228 26
1698186199718 0.6693567037582397 27
1698186199930 0.6676565408706665 28
1698186200135 0.6364615559577942 29
1698186200370 0.5617878437042236 30
1698186200622 0.6127418279647827 31
1698186200856 0.6489947438240051 32
1698186201064 0.6918715834617615 33
1698186201267 0.5975257754325867 34
1698186201482 0.6069512367248535 35
1698186201683 0.7690091133117676 36
1698186201881 0.6896678805351257 37
1698186202079 0.6909192204475403 38
1698186202284 0.5756003260612488 39
1698186202503 0.6688554286956787 40
1698186202705 0.6104306578636169 41
1698186202899 0.6417880654335022 42
1698186203125 0.6309681534767151 43
1698186203340 0.7241820693016052 44
1698186203542 0.5814980268478394 45
1698186203748 0.6079912781715393 46
1698186203958 0.6272318959236145 47
1698186204160 0.5782470703125 48
1698186204378 0.5680992007255554 49
