1698149728323 0.05365392565727234 0
1698149729111 0.02610262855887413 1
1698149729961 0.01757935993373394 2
1698149730751 0.01494057010859251 3
1698149731517 0.01381000317633152 4
1698149732274 0.012705562636256218 5
1698149733060 0.01187319215387106 6
1698149733876 0.011745065450668335 7
1698149734628 0.010983487591147423 8
1698149735550 0.010651729069650173 9
1698149736289 0.0103808818385005 10
1698149737058 0.010126182809472084 11
1698149737871 0.00978561956435442 12
1698149738631 0.009686155244708061 13
1698149739390 0.009523319080471992 14
1698149740331 0.009466816671192646 15
1698149741097 0.00935524795204401 16
1698149741859 0.00917806662619114 17
1698149742601 0.009061484597623348 18
1698149743388 0.009091704152524471 19
1698149744125 0.00891053769737482 20
1698149744887 0.009091061539947987 21
