1698149728323 116735.390625 0
1698149729111 129141.9140625 1
1698149729961 118563.09375 2
1698149730751 101263.625 3
1698149731517 121775.1328125 4
1698149732274 99874.6640625 5
1698149733060 123444.7890625 6
1698149733876 98059.3359375 7
1698149734628 108754.359375 8
1698149735550 119750.4765625 9
1698149736289 109193.78125 10
1698149737058 114016.6953125 11
1698149737871 112153.9296875 12
1698149738631 94585.8359375 13
1698149739390 89781.4921875 14
1698149740331 98563.328125 15
1698149741097 105970.0625 16
1698149741859 91175.109375 17
1698149742601 112754.84375 18
1698149743388 115446.4296875 19
1698149744125 119177.1796875 20
1698149744887 83091.9453125 21
