1698167254708 0.031805720180273056 0
1698167255007 0.008131373673677444 1
1698167255289 0.007999798282980919 2
1698167255610 0.007976516149938107 3
1698167256193 0.007680010050535202 4
1698167256618 0.007923346012830734 5
1698167256926 0.007559067104011774 6
1698167257243 0.007790158037096262 7
1698167257518 0.00755655113607645 8
1698167257867 0.007843797095119953 9
1698167258189 0.007537961471825838 10
1698167258494 0.007324682082980871 11
1698167258771 0.0071912710554897785 12
1698167259043 0.007420707494020462 13
1698167259366 0.007248325739055872 14
1698167259657 0.007120036520063877 15
1698167260053 0.0072110313922166824 16
1698167260337 0.007657743990421295 17
1698167260636 0.0073285819962620735 18
1698167261082 0.007146888412535191 19
1698167261367 0.006979397963732481 20
1698167261641 0.007135498337447643 21
1698167261922 0.0073754191398620605 22
1698167262250 0.007667926140129566 23
1698167262561 0.007648440543562174 24
1698167262870 0.007135809864848852 25
1698167263300 0.007006790954619646 26
1698167263615 0.007671610917896032 27
1698167263906 0.007147821597754955 28
1698167264200 0.007003890350461006 29
1698167264483 0.006913398392498493 30
1698167264780 0.006725613959133625 31
1698167265061 0.0072197820991277695 32
1698167265486 0.007030374836176634 33
1698167265898 0.007050583139061928 34
1698167266183 0.007054098416119814 35
1698167266695 0.007268103305250406 36
1698167267172 0.00823401939123869 37
1698167267682 0.007275192532688379 38
1698167267968 0.007374907843768597 39
1698167268296 0.0068458011373877525 40
1698167268621 0.00671578710898757 41
1698167268935 0.006884734611958265 42
1698167269199 0.006997200660407543 43
1698167269528 0.006924753077328205 44
1698167269810 0.006957258563488722 45
1698167270127 0.006745315156877041 46
1698167270434 0.0070897056721150875 47
1698167270738 0.00665257265791297 48
1698167271029 0.006671214010566473 49
