1698167254708 23.305866241455078 0
1698167255007 12.774677276611328 1
1698167255289 11.810089111328125 2
1698167255610 11.578055381774902 3
1698167256193 11.368091583251953 4
1698167256618 11.609585762023926 5
1698167256926 11.372114181518555 6
1698167257243 11.712956428527832 7
1698167257518 11.484635353088379 8
1698167257867 11.386663436889648 9
1698167258189 11.22144603729248 10
1698167258494 11.026959419250488 11
1698167258771 10.886839866638184 12
1698167259043 11.02816104888916 13
1698167259366 11.034004211425781 14
1698167259657 10.747621536254883 15
1698167260053 11.127071380615234 16
1698167260337 11.350313186645508 17
1698167260636 10.830855369567871 18
1698167261082 10.701308250427246 19
1698167261367 10.506378173828125 20
1698167261641 10.707673072814941 21
1698167261922 10.91532039642334 22
1698167262250 11.666986465454102 23
1698167262561 11.431255340576172 24
1698167262870 10.502644538879395 25
1698167263300 10.46230411529541 26
1698167263615 11.384857177734375 27
1698167263906 10.7216796875 28
1698167264200 10.587061882019043 29
1698167264483 10.529842376708984 30
1698167264780 10.314713478088379 31
1698167265061 10.715699195861816 32
1698167265486 10.590002059936523 33
1698167265898 10.481186866760254 34
1698167266183 10.549063682556152 35
1698167266695 11.11655044555664 36
1698167267172 12.076118469238281 37
1698167267682 10.889837265014648 38
1698167267968 10.948659896850586 39
1698167268296 10.290345191955566 40
1698167268621 10.26791763305664 41
1698167268935 10.280705451965332 42
1698167269199 10.451640129089355 43
1698167269528 10.538328170776367 44
1698167269810 10.744734764099121 45
1698167270127 10.320013046264648 46
1698167270434 10.998788833618164 47
1698167270738 10.408365249633789 48
1698167271029 10.393518447875977 49
