1698174229857 34.94034194946289 0
1698174230222 19.680038452148438 1
1698174230550 17.4473876953125 2
1698174230870 16.06856918334961 3
1698174231218 16.00370216369629 4
1698174231664 16.33063316345215 5
1698174231986 14.272289276123047 6
1698174232336 15.515950202941895 7
1698174232659 14.388721466064453 8
1698174232992 14.194685935974121 9
1698174233354 13.30353832244873 10
1698174233852 14.06722640991211 11
1698174234270 13.33633041381836 12
1698174234599 12.629500389099121 13
1698174234925 12.303325653076172 14
1698174235286 11.358905792236328 15
1698174235757 12.232203483581543 16
1698174236128 11.41606330871582 17
1698174236450 12.47834300994873 18
1698174236777 11.997719764709473 19
1698174237135 11.656895637512207 20
1698174237510 10.805697441101074 21
1698174237911 12.446483612060547 22
1698174238266 11.198639869689941 23
1698174238572 11.325911521911621 24
1698174238888 10.42361831665039 25
1698174239195 9.90079116821289 26
1698174239588 10.329656600952148 27
1698174239993 10.600412368774414 28
1698174240416 10.641280174255371 29
1698174240754 12.055821418762207 30
1698174241080 11.116949081420898 31
1698174241437 9.819002151489258 32
1698174241907 10.230330467224121 33
1698174242246 10.114452362060547 34
1698174242594 10.417769432067871 35
1698174242939 10.127530097961426 36
1698174243264 10.029487609863281 37
1698174243618 10.31663703918457 38
1698174244046 10.866788864135742 39
1698174244436 10.600602149963379 40
1698174244787 10.156198501586914 41
1698174245114 10.15670394897461 42
1698174245478 9.978143692016602 43
1698174245941 9.647933006286621 44
1698174246252 10.509438514709473 45
1698174246609 9.908106803894043 46
1698174246922 9.473483085632324 47
1698174247249 9.537281036376953 48
1698174247627 10.026603698730469 49
