1698178745549 0.005670658778399229 0
1698178745659 0.001185656525194645 1
1698178745789 0.0011291623814031482 2
1698178745910 0.0011843910906463861 3
1698178746022 0.0011866462882608175 4
1698178746150 0.001034163753502071 5
1698178746274 0.0009853304363787174 6
1698178746410 0.000932811526581645 7
1698178746594 0.0010179671226069331 8
1698178746771 0.000908436079043895 9
1698178746926 0.0009382498683407903 10
1698178747054 0.0010167298605665565 11
1698178747188 0.0008394781034439802 12
1698178747323 0.0010370396776124835 13
1698178747537 0.0009562025661580265 14
1698178747722 0.0008946222369559109 15
1698178747862 0.0009246912668459117 16
1698178748005 0.0009417065302841365 17
1698178748169 0.0008203200995922089 18
1698178748333 0.0008140056161209941 19
1698178748485 0.0007942811935208738 20
1698178748609 0.0007369794766418636 21
1698178748742 0.0006804935983382165 22
1698178748874 0.0007750764489173889 23
1698178748998 0.0008197005372494459 24
1698178749127 0.0008654815028421581 25
1698178749257 0.0009509362280368805 26
1698178749389 0.0008459811797365546 27
1698178749537 0.0008708430686965585 28
1698178749687 0.0007958521018736064 29
1698178749812 0.0007193256751634181 30
1698178749967 0.0007553963805548847 31
1698178750100 0.0007813410484232008 32
1698178750232 0.0006580252083949745 33
1698178750361 0.0008251147228293121 34
1698178750494 0.0008545427699573338 35
1698178750633 0.0007823735359124839 36
1698178750760 0.0008007344440557063 37
1698178750892 0.00075145234586671 38
1698178751025 0.000749375787563622 39
1698178751155 0.0007788487710058689 40
1698178751276 0.0007655319641344249 41
1698178751394 0.0006496693822555244 42
1698178751522 0.000657346157822758 43
1698178751665 0.000799336121417582 44
1698178751793 0.000743288139346987 45
1698178751920 0.0008130987407639623 46
1698178752059 0.000743469747249037 47
1698178752183 0.0007455218001268804 48
1698178752295 0.0007676142267882824 49
