1698167118680 33.77295684814453 0
1698167118882 19.477367401123047 1
1698167119101 16.341718673706055 2
1698167119329 14.649922370910645 3
1698167119501 14.366753578186035 4
1698167119682 14.035279273986816 5
1698167119889 14.169854164123535 6
1698167120243 13.792102813720703 7
1698167120658 13.707932472229004 8
1698167120954 13.482698440551758 9
1698167121383 13.309279441833496 10
1698167121687 13.224311828613281 11
1698167122035 13.368029594421387 12
1698167122334 13.347042083740234 13
1698167122550 12.887282371520996 14
1698167122771 13.070028305053711 15
1698167122996 12.850927352905273 16
1698167123272 12.53316879272461 17
1698167123638 12.632591247558594 18
1698167124001 12.635202407836914 19
1698167124261 12.899603843688965 20
1698167124488 12.820112228393555 21
1698167124695 12.46711254119873 22
1698167124960 12.669775009155273 23
1698167125253 12.815052032470703 24
1698167125434 12.994486808776855 25
1698167125605 12.41002082824707 26
1698167125923 12.230237007141113 27
1698167126196 12.235053062438965 28
1698167126407 12.448648452758789 29
1698167126595 12.219715118408203 30
1698167126793 12.20656967163086 31
1698167126982 12.256656646728516 32
1698167127184 12.268322944641113 33
1698167127371 12.233478546142578 34
1698167127544 12.384363174438477 35
1698167127772 12.069171905517578 36
1698167127969 12.119946479797363 37
1698167128160 12.287790298461914 38
1698167128352 11.991703033447266 39
1698167128522 12.111482620239258 40
1698167128690 12.038009643554688 41
1698167128873 11.944210052490234 42
1698167129039 12.108198165893555 43
1698167129218 11.961130142211914 44
1698167129406 11.928977012634277 45
1698167129582 11.91291618347168 46
1698167129786 11.881346702575684 47
1698167129969 12.106298446655273 48
1698167130153 12.172677040100098 49
