1698183552577 63.09831237792969 0
1698183552692 36.30487823486328 1
1698183552808 10.629944801330566 2
1698183552907 4.833114147186279 3
1698183553002 5.021141052246094 4
1698183553097 4.716151237487793 5
1698183553197 4.6046247482299805 6
1698183553324 4.577735900878906 7
1698183553444 4.6623759269714355 8
1698183553575 4.783524036407471 9
1698183553681 4.391097068786621 10
1698183553788 4.886940956115723 11
1698183553900 4.488101005554199 12
1698183554013 4.652502059936523 13
1698183554114 4.5431647300720215 14
1698183554218 4.412339687347412 15
1698183554348 4.858283519744873 16
1698183554487 4.318178653717041 17
1698183554612 4.342963695526123 18
1698183554753 4.614251613616943 19
1698183554891 4.413084030151367 20
1698183555015 4.405392646789551 21
1698183555110 4.55639123916626 22
1698183555205 4.310884952545166 23
1698183555304 4.488604545593262 24
1698183555400 4.633670806884766 25
1698183555501 4.3334221839904785 26
1698183555606 4.413358211517334 27
1698183555702 4.425743103027344 28
1698183555799 4.506596565246582 29
1698183555896 4.299377918243408 30
1698183555998 4.458251476287842 31
1698183556102 4.380144119262695 32
1698183556229 4.340775966644287 33
1698183556328 4.426473617553711 34
1698183556429 4.262670040130615 35
1698183556526 4.349949359893799 36
1698183556624 4.477595806121826 37
1698183556725 4.573831081390381 38
1698183556824 4.52258825302124 39
1698183556923 4.433491230010986 40
1698183557016 4.392632961273193 41
1698183557107 4.398640155792236 42
1698183557199 4.333021640777588 43
1698183557294 4.260128498077393 44
1698183557386 4.4676432609558105 45
1698183557494 4.273226737976074 46
1698183557595 4.301023006439209 47
1698183557688 4.307884693145752 48
1698183557778 4.456713676452637 49
