1698179964181 57.23103332519531 0
1698179964351 27.975526809692383 1
1698179964515 21.476734161376953 2
1698179964708 19.266132354736328 3
1698179964895 17.42945098876953 4
1698179965076 16.573991775512695 5
1698179965278 15.460074424743652 6
1698179965455 15.961071014404297 7
1698179965633 16.536849975585938 8
1698179965821 14.283905029296875 9
1698179965990 15.833935737609863 10
1698179966159 14.04647159576416 11
1698179966330 13.944192886352539 12
1698179966499 14.287633895874023 13
1698179966683 12.733816146850586 14
1698179966856 12.852202415466309 15
1698179967038 12.370004653930664 16
1698179967210 11.832169532775879 17
1698179967383 11.874486923217773 18
1698179967577 12.901860237121582 19
1698179967752 11.892146110534668 20
1698179967936 13.669573783874512 21
1698179968107 12.010371208190918 22
1698179968305 11.351746559143066 23
1698179968471 11.702873229980469 24
1698179968653 11.670120239257812 25
1698179968833 12.689871788024902 26
1698179969019 12.312098503112793 27
1698179969229 12.644347190856934 28
1698179969409 13.055169105529785 29
1698179969594 10.589985847473145 30
1698179969782 11.09994888305664 31
1698179969994 10.752290725708008 32
1698179970231 11.764700889587402 33
1698179970438 11.483031272888184 34
1698179970650 11.424609184265137 35
1698179970857 11.907904624938965 36
1698179971121 12.11214828491211 37
1698179971364 11.977567672729492 38
1698179971547 11.200982093811035 39
1698179971746 12.026625633239746 40
1698179971926 11.828984260559082 41
1698179972104 12.242364883422852 42
1698179972296 12.742097854614258 43
1698179972486 13.14489459991455 44
1698179972675 12.773210525512695 45
1698179972854 13.662873268127441 46
1698179973036 13.25793170928955 47
1698179973241 13.223730087280273 48
1698179973422 14.189693450927734 49
