1698181617802 0.00028684517019428313 0
1698181617947 2.6018487915280275e-05 1
1698181618088 2.301138920302037e-05 2
1698181618224 2.1831052436027676e-05 3
1698181618363 2.0404422684805468e-05 4
1698181618527 2.022214903263375e-05 5
1698181618670 1.9473467546049505e-05 6
1698181618828 2.1124529666849412e-05 7
1698181619057 2.304022382304538e-05 8
1698181619272 1.9409404558246024e-05 9
1698181619446 1.678362605161965e-05 10
1698181619595 1.8987393559655175e-05 11
1698181619751 1.831597364798654e-05 12
1698181619915 1.714780410111416e-05 13
1698181620092 1.8376462321612053e-05 14
1698181620243 1.750063347571995e-05 15
1698181620394 1.6343148672604002e-05 16
1698181620551 1.9089005945716053e-05 17
1698181620690 1.5223086847981904e-05 18
1698181620837 1.601058647793252e-05 19
1698181620984 1.7615870092413388e-05 20
1698181621130 1.8318356524105184e-05 21
1698181621265 1.9156499547534622e-05 22
1698181621420 1.654124935157597e-05 23
1698181621561 1.5997218724805862e-05 24
1698181621695 1.734396573738195e-05 25
1698181621832 1.7817872503655963e-05 26
1698181621981 1.6450656403321773e-05 27
1698181622125 1.7777430912246928e-05 28
1698181622267 1.5659112250432372e-05 29
1698181622457 1.6348207282135263e-05 30
1698181622600 1.6276142559945583e-05 31
1698181622743 1.8520551748224534e-05 32
1698181622886 1.688100201135967e-05 33
1698181623028 1.701305700407829e-05 34
1698181623177 1.689905366220046e-05 35
1698181623320 1.4096236554905772e-05 36
1698181623467 1.6524640159332193e-05 37
1698181623602 1.3091500477457885e-05 38
1698181623746 1.5159755093918648e-05 39
1698181623888 1.4922697118890937e-05 40
1698181624032 1.5510870071011595e-05 41
1698181624180 1.4018877664057072e-05 42
1698181624317 1.6789748769951984e-05 43
1698181624466 1.6972440789686516e-05 44
1698181624616 1.5010580682428554e-05 45
1698181624758 1.480398714193143e-05 46
1698181624907 1.632049315958284e-05 47
1698181625046 1.596394031366799e-05 48
1698181625188 1.6404779671574943e-05 49
