1698181617802 33.32578659057617 0
1698181617947 8.586478233337402 1
1698181618088 7.530479907989502 2
1698181618224 6.589388370513916 3
1698181618363 6.250080108642578 4
1698181618527 6.481889724731445 5
1698181618670 6.607023239135742 6
1698181618828 7.248617172241211 7
1698181619057 9.31306266784668 8
1698181619272 6.6324238777160645 9
1698181619446 5.73815393447876 10
1698181619595 6.275154113769531 11
1698181619751 7.18447732925415 12
1698181619915 5.9719343185424805 13
1698181620092 6.472702980041504 14
1698181620243 5.466449737548828 15
1698181620394 5.666720867156982 16
1698181620551 6.871655464172363 17
1698181620690 5.077965259552002 18
1698181620837 5.67553186416626 19
1698181620984 6.8131489753723145 20
1698181621130 6.646834373474121 21
1698181621265 7.801585674285889 22
1698181621420 5.689811706542969 23
1698181621561 6.880777359008789 24
1698181621695 5.9140496253967285 25
1698181621832 6.350797653198242 26
1698181621981 6.030040264129639 27
1698181622125 6.612090587615967 28
1698181622267 5.6365251541137695 29
1698181622457 5.8398284912109375 30
1698181622600 6.198508262634277 31
1698181622743 7.30798864364624 32
1698181622886 6.1960673332214355 33
1698181623028 6.947739601135254 34
1698181623177 6.225945472717285 35
1698181623320 5.320255279541016 36
1698181623467 6.5351338386535645 37
1698181623602 5.392054557800293 38
1698181623746 5.343079090118408 39
1698181623888 5.837714672088623 40
1698181624032 6.087602138519287 41
1698181624180 5.018205642700195 42
1698181624317 6.560072898864746 43
1698181624466 5.798023700714111 44
1698181624616 5.849458694458008 45
1698181624758 5.47995138168335 46
1698181624907 6.195137977600098 47
1698181625046 6.342040538787842 48
1698181625188 6.438207149505615 49
