1698179352884 54.523834228515625 0
1698179353319 23.011699676513672 1
1698179353742 15.644164085388184 2
1698179354188 11.026323318481445 3
1698179354628 10.616401672363281 4
1698179355141 10.687032699584961 5
1698179355584 11.737300872802734 6
1698179356004 10.916526794433594 7
1698179356446 12.141912460327148 8
1698179356874 11.308311462402344 9
1698179357316 11.936654090881348 10
1698179357760 10.882044792175293 11
1698179358194 10.039153099060059 12
1698179358726 11.223726272583008 13
1698179359230 10.850174903869629 14
1698179359814 10.656232833862305 15
1698179360251 10.612091064453125 16
1698179360689 10.526021003723145 17
1698179361101 10.789512634277344 18
1698179361536 9.767722129821777 19
1698179361958 10.48464298248291 20
1698179362407 10.743704795837402 21
1698179362824 10.008026123046875 22
1698179363245 10.123017311096191 23
1698179363682 9.478099822998047 24
1698179364112 9.623987197875977 25
1698179364579 9.572002410888672 26
1698179365007 9.73957347869873 27
1698179365443 8.86108684539795 28
1698179365877 9.526859283447266 29
1698179366288 9.164941787719727 30
1698179366724 11.138527870178223 31
1698179367155 10.554113388061523 32
1698179367603 9.211102485656738 33
1698179368059 9.108556747436523 34
1698179368491 9.180937767028809 35
1698179368998 10.533321380615234 36
1698179369459 8.707890510559082 37
1698179369958 8.384739875793457 38
1698179370379 8.794905662536621 39
1698179370826 9.408807754516602 40
1698179371246 8.697976112365723 41
1698179371686 8.505988121032715 42
1698179372111 8.94747257232666 43
1698179372552 8.79710865020752 44
1698179372979 9.276385307312012 45
1698179373406 8.127617835998535 46
1698179373833 8.45695972442627 47
1698179374252 9.149880409240723 48
1698179374709 9.980749130249023 49
