1698183506826 206.0088653564453 0
1698183507020 23.942352294921875 1
1698183507215 19.971492767333984 2
1698183507349 19.046070098876953 3
1698183507491 19.451873779296875 4
1698183507641 17.86113929748535 5
1698183507789 16.203033447265625 6
1698183507935 15.592089653015137 7
1698183508079 13.773033142089844 8
1698183508216 12.63424015045166 9
1698183508354 14.44954776763916 10
1698183508493 13.719023704528809 11
1698183508637 13.023560523986816 12
1698183508838 14.781142234802246 13
1698183509026 13.843999862670898 14
1698183509184 13.497363090515137 15
1698183509327 11.891688346862793 16
1698183509472 11.986943244934082 17
1698183509617 12.627359390258789 18
1698183509769 11.490304946899414 19
1698183509937 11.61925983428955 20
1698183510131 13.83723258972168 21
1698183510286 12.021015167236328 22
1698183510429 13.617582321166992 23
1698183510577 13.269780158996582 24
1698183510721 11.434456825256348 25
1698183510862 12.240979194641113 26
1698183511008 11.112150192260742 27
1698183511163 13.63036060333252 28
1698183511298 13.428913116455078 29
1698183511445 13.04146957397461 30
1698183511590 15.467989921569824 31
1698183511724 12.253548622131348 32
1698183511860 12.083470344543457 33
1698183512000 11.877772331237793 34
1698183512156 13.089953422546387 35
1698183512293 11.716776847839355 36
1698183512432 11.284218788146973 37
1698183512570 12.203913688659668 38
1698183512705 12.505742073059082 39
1698183512839 12.816667556762695 40
1698183512980 12.676268577575684 41
1698183513139 11.040064811706543 42
1698183513279 13.951706886291504 43
1698183513410 10.196756362915039 44
1698183513553 13.209640502929688 45
1698183513694 15.394241333007812 46
1698183513834 10.326492309570312 47
1698183513975 10.780831336975098 48
1698183514123 11.075529098510742 49
