1698181086358 6435.802734375 0
1698181086486 18565.298828125 1
1698181086615 904.3598022460938 2
1698181086754 5523.79296875 3
1698181086890 2596.58740234375 4
1698181087033 14260.8994140625 5
1698181087181 5821.68212890625 6
1698181087324 13058.755859375 7
1698181087463 13151.4833984375 8
1698181087605 8070.234375 9
1698181087738 14364.91015625 10
1698181087874 7304.56787109375 11
1698181088020 6531.45263671875 12
1698181088167 12496.2568359375 13
1698181088295 10757.8837890625 14
1698181088436 1599.5711669921875 15
1698181088580 10712.0537109375 16
1698181088724 3057.4052734375 17
1698181088860 6843.4658203125 18
1698181088991 10815.3857421875 19
1698181089124 9053.263671875 20
1698181089257 1796.2745361328125 21
1698181089405 11747.166015625 22
1698181089567 12950.0029296875 23
1698181089707 11068.6953125 24
1698181089846 4359.6259765625 25
1698181089983 8422.9228515625 26
1698181090120 9135.9716796875 27
1698181090262 2193.182373046875 28
1698181090440 3532.724609375 29
1698181090645 2400.521240234375 30
1698181090794 12163.0908203125 31
1698181090943 10191.787109375 32
1698181091097 6302.63720703125 33
1698181091774 2931.432861328125 34
1698181091910 9780.85546875 35
1698181092060 5884.869140625 36
1698181092206 2620.9541015625 37
1698181092367 1296.696533203125 38
1698181092511 6381.91015625 39
1698181092662 9300.2578125 40
1698181092818 16542.896484375 41
1698181092957 3583.215576171875 42
1698181093106 8330.1943359375 43
1698181093252 886.3614501953125 44
1698181093422 6505.35205078125 45
1698181093572 10450.5166015625 46
1698181093730 8410.3671875 47
1698181093879 2584.48681640625 48
1698181094022 2105.397705078125 49
