1698227619815 0.02658652514219284 0
1698227620106 0.004963700659573078 1
1698227620427 0.003662282135337591 2
1698227620724 0.0030842223204672337 3
1698227621008 0.002990518230944872 4
1698227621291 0.0026686282362788916 5
1698227621597 0.0022380384616553783 6
1698227621897 0.002130466978996992 7
1698227622190 0.002061879727989435 8
1698227622480 0.0019230848411098123 9
1698227622772 0.0019050892442464828 10
1698227623072 0.0018289163708686829 11
1698227623363 0.0018239474156871438 12
1698227623688 0.0016410185489803553 13
1698227623977 0.0017405969556421041 14
1698227624268 0.001592849032022059 15
1698227624585 0.001705557107925415 16
1698227624908 0.0016595807392150164 17
1698227625208 0.0016944336239248514 18
1698227625497 0.0014522630954161286 19
1698227625779 0.0014842146774753928 20
1698227626080 0.0015035767573863268 21
1698227626398 0.0014945348957553506 22
1698227626694 0.001314352615736425 23
1698227626990 0.0013423903146758676 24
1698227627293 0.0014307048404589295 25
1698227627594 0.0014382945373654366 26
1698227627893 0.0014082130510360003 27
1698227628194 0.0013893339782953262 28
1698227628474 0.0015266527188941836 29
1698227628791 0.001275941263884306 30
1698227629106 0.001395601313561201 31
1698227629426 0.0014430423034355044 32
1698227629728 0.0013323281891644 33
1698227630022 0.0012889339122921228 34
1698227630627 0.0012459342833608389 35
1698227630921 0.0012737581273540854 36
1698227631225 0.001254258444532752 37
1698227631516 0.0013601570390164852 38
1698227631814 0.0012908674543723464 39
1698227632106 0.0011085154255852103 40
1698227632388 0.0011630725348368287 41
1698227632681 0.0011327569372951984 42
1698227632970 0.0012370116310194135 43
1698227633298 0.0011455261847004294 44
1698227633586 0.0013153789332136512 45
1698227633886 0.0011623516911640763 46
1698227634192 0.0010687909089028835 47
1698227634526 0.0011201313463971019 48
1698227634814 0.0012888979399576783 49
