1698188365115 8465.3759765625 0
1698188365347 826.6343994140625 1
1698188365536 710.1647338867188 2
1698188365724 619.6806030273438 3
1698188365915 486.238037109375 4
1698188366124 503.4261474609375 5
1698188366386 510.20843505859375 6
1698188366601 484.4855651855469 7
1698188366804 421.4513244628906 8
1698188367005 494.38983154296875 9
1698188367188 394.9325866699219 10
1698188367398 494.4456787109375 11
1698188367609 421.1649475097656 12
1698188367815 447.2762451171875 13
1698188368001 388.9143981933594 14
1698188368181 429.6668395996094 15
1698188368384 383.48291015625 16
1698188368568 379.2054748535156 17
1698188368751 537.1598510742188 18
1698188368934 376.35650634765625 19
1698188369108 385.72747802734375 20
1698188369294 635.7760620117188 21
1698188369477 347.70684814453125 22
1698188369657 388.1129455566406 23
1698188369834 473.93890380859375 24
1698188370010 340.96331787109375 25
1698188370191 400.8581848144531 26
1698188370415 451.5789489746094 27
1698188370603 472.31976318359375 28
1698188370792 383.5441589355469 29
1698188370977 459.6651611328125 30
1698188371161 381.3170166015625 31
1698188371373 422.7491455078125 32
1698188371561 386.57275390625 33
1698188371741 508.8165283203125 34
1698188371919 347.3431701660156 35
1698188372096 456.57275390625 36
1698188372275 371.0301513671875 37
1698188372472 376.7388610839844 38
1698188372648 328.2857666015625 39
1698188372843 358.68060302734375 40
1698188373034 361.4827575683594 41
1698188373212 493.9916076660156 42
1698188373427 356.0951232910156 43
1698188373609 351.1210632324219 44
1698188373794 349.0694580078125 45
1698188373971 312.5413818359375 46
1698188374149 481.1611022949219 47
1698188374340 384.2846374511719 48
1698188374537 362.8948669433594 49
