1698154958979 67.85115051269531 0
1698154959611 56.99017333984375 1
1698154960320 45.96923828125 2
1698154961021 38.690006256103516 3
1698154961765 35.93309020996094 4
1698154962599 33.27532958984375 5
1698154963333 30.149534225463867 6
1698154963986 28.701744079589844 7
1698154964683 27.54353141784668 8
1698154965468 26.648387908935547 9
1698154966190 25.686922073364258 10
1698154966824 26.53180503845215 11
1698154967452 25.55448341369629 12
1698154968137 24.998315811157227 13
1698154968774 24.731666564941406 14
1698154969395 24.296810150146484 15
1698154970084 23.88935089111328 16
1698154970734 23.744693756103516 17
1698154971472 23.399415969848633 18
1698154972255 23.08563804626465 19
1698154973074 23.553199768066406 20
1698154973858 22.661977767944336 21
1698154974512 22.398521423339844 22
1698154975165 21.867952346801758 23
1698154975816 21.95989227294922 24
1698154976503 21.84235191345215 25
1698154977309 21.74656867980957 26
1698154978258 21.354150772094727 27
1698154979309 22.236047744750977 28
1698154980632 21.27105140686035 29
1698154981665 21.171142578125 30
1698154982556 21.429399490356445 31
1698154983241 20.614356994628906 32
