1698178753696 0.014966333284974098 0
1698178753805 0.0024053959641605616 1
1698178753916 0.002249674405902624 2
1698178754035 0.0022317201364785433 3
1698178754158 0.0019921986386179924 4
1698178754307 0.0019338023848831654 5
1698178754931 0.0014135942328721285 6
1698178755062 0.0019991383887827396 7
1698178755195 0.0017148925689980388 8
1698178755332 0.001519088284112513 9
1698178755476 0.0013144700787961483 10
1698178755628 0.0015319155063480139 11
1698178755765 0.0013770880177617073 12
1698178755896 0.0011928200256079435 13
1698178756030 0.0013178912922739983 14
1698178756163 0.0014294423162937164 15
1698178756307 0.0012371228076517582 16
1698178756509 0.0013604828855022788 17
1698178756660 0.0011083189165219665 18
1698178756814 0.0011967126047238708 19
1698178756947 0.0012010781792923808 20
1698178757081 0.0011373987654224038 21
1698178757260 0.000977539923042059 22
1698178757427 0.0011139094131067395 23
1698178757652 0.001074319239705801 24
1698178757818 0.0011970163322985172 25
1698178757954 0.001089615747332573 26
1698178758093 0.0010149063309654593 27
1698178758236 0.0011253110133111477 28
1698178758372 0.0009475515689700842 29
1698178758505 0.0010611756006255746 30
1698178758641 0.001091751386411488 31
1698178758776 0.0011377783957868814 32
1698178758911 0.0010087067494168878 33
1698178759042 0.0012125906068831682 34
1698178759186 0.0011108377948403358 35
1698178759335 0.0011445286218076944 36
1698178759467 0.0010154397459700704 37
1698178759596 0.001078201923519373 38
1698178759731 0.0010183987906202674 39
1698178759862 0.0010890577686950564 40
1698178760008 0.00099700887221843 41
1698178760138 0.0009481185115873814 42
1698178760265 0.0009149832767434418 43
1698178760401 0.0009753598133102059 44
1698178760538 0.0009417975670658052 45
1698178760669 0.0011371737346053123 46
1698178760796 0.0009372745407745242 47
1698178760928 0.0009705476113595068 48
1698178761051 0.0008972684154286981 49
