1698178753696 9945.2685546875 0
1698178753805 10399.125 1
1698178753916 2943.35302734375 2
1698178754035 12540.3203125 3
1698178754158 5915.96337890625 4
1698178754307 22397.220703125 5
1698178754931 1382.1513671875 6
1698178755062 15019.6201171875 7
1698178755195 11137.67578125 8
1698178755332 13993.2275390625 9
1698178755476 13777.09375 10
1698178755628 9222.6630859375 11
1698178755765 11391.08984375 12
1698178755896 8963.087890625 13
1698178756030 10267.6806640625 14
1698178756163 4349.07470703125 15
1698178756307 17136.16015625 16
1698178756509 7985.5400390625 17
1698178756660 5150.40771484375 18
1698178756814 12789.3505859375 19
1698178756947 8795.0615234375 20
1698178757081 4582.72021484375 21
1698178757260 9481.525390625 22
1698178757427 13693.7197265625 23
1698178757652 372.2795104980469 24
1698178757818 7153.27978515625 25
1698178757954 15891.146484375 26
1698178758093 10698.73046875 27
1698178758236 1978.7218017578125 28
1698178758372 2040.0018310546875 29
1698178758505 7266.40185546875 30
1698178758641 11924.7529296875 31
1698178758776 2039.5155029296875 32
1698178758911 15370.0791015625 33
1698178759042 8676.4853515625 34
1698178759186 25614.68359375 35
1698178759335 15770.55078125 36
1698178759467 16887.087890625 37
1698178759596 5914.29736328125 38
1698178759731 5673.310546875 39
1698178759862 6385.36181640625 40
1698178760008 18977.134765625 41
1698178760138 12508.0947265625 42
1698178760265 11713.1845703125 43
1698178760401 6030.5751953125 44
1698178760538 4112.943359375 45
1698178760669 8690.697265625 46
1698178760796 1797.082275390625 47
1698178760928 12161.654296875 48
1698178761051 3029.441650390625 49
