1698180992809 74752.703125 0
1698180993022 26616.92578125 1
1698180993323 7739.208984375 2
1698180993583 16733.349609375 3
1698180993822 1083.37841796875 4
1698180994058 15990.103515625 5
1698180994315 7118.90771484375 6
1698180994548 11383.9384765625 7
1698180994784 5969.49658203125 8
1698180995000 10939.982421875 9
1698180995217 5025.4853515625 10
1698180995436 10433.6748046875 11
1698180995655 12585.3095703125 12
1698180995880 6794.87890625 13
1698180996089 6553.04541015625 14
1698180996308 9891.400390625 15
1698180996529 18163.267578125 16
1698180996771 886.3251342773438 17
1698180996977 5674.1669921875 18
1698180997186 686.8214111328125 19
1698180997403 14594.626953125 20
1698180997616 732.893310546875 21
1698180997850 10104.5830078125 22
1698180998065 4401.26220703125 23
1698180998304 1131.32421875 24
1698180998534 10926.171875 25
1698180998752 11569.658203125 26
1698180998982 18381.30859375 27
1698180999199 16852.076171875 28
1698180999416 14426.6201171875 29
1698180999632 5345.45068359375 30
1698180999866 3462.6826171875 31
1698181000081 7089.158203125 32
1698181000304 6701.7666015625 33
1698181000523 4482.38720703125 34
1698181000761 13868.68359375 35
1698181000993 3011.4609375 36
1698181001220 5182.4345703125 37
1698181001441 7975.3251953125 38
1698181001663 7883.576171875 39
1698181001899 22007.990234375 40
1698181002116 11046.763671875 41
1698181002325 6034.49365234375 42
1698181002551 13722.876953125 43
1698181002799 16019.7900390625 44
1698181003016 13482.173828125 45
1698181003238 8217.2294921875 46
1698181003503 6474.111328125 47
1698181003791 14039.2333984375 48
1698181004019 7455.95166015625 49
