1698177993309 25.43802261352539 0
1698177993521 9.603200912475586 1
1698177993779 8.43741226196289 2
1698177994053 8.521038055419922 3
1698177994290 7.804355144500732 4
1698177994509 7.551033020019531 5
1698177994751 6.867706775665283 6
1698177994972 7.268290996551514 7
1698177995189 7.022260665893555 8
1698177995405 6.807415008544922 9
1698177995637 6.988252639770508 10
1698177995879 6.736757755279541 11
1698177996090 6.46735954284668 12
1698177996315 7.1129021644592285 13
1698177996538 7.55038595199585 14
1698177996760 6.884964942932129 15
1698177996994 6.789772033691406 16
1698177997261 7.817567348480225 17
1698177997494 6.596065521240234 18
1698177997718 6.268507480621338 19
1698177997951 6.4502668380737305 20
1698177998204 6.109167575836182 21
1698177998425 7.636880397796631 22
1698177998644 6.428311347961426 23
1698177998857 6.207998752593994 24
1698177999104 6.526681423187256 25
1698177999323 6.330939769744873 26
1698177999543 6.37584114074707 27
1698177999768 6.131556987762451 28
1698177999978 6.31024694442749 29
1698178000201 6.094642639160156 30
1698178000455 6.845977783203125 31
1698178000676 6.103067398071289 32
1698178000899 6.104554176330566 33
1698178001124 6.099756240844727 34
1698178001356 6.103127479553223 35
1698178001575 6.410205364227295 36
1698178001793 5.956210136413574 37
1698178002010 6.146056652069092 38
1698178002220 6.587984085083008 39
1698178002449 6.2049384117126465 40
1698178002659 6.4019036293029785 41
1698178002885 6.12678861618042 42
1698178003110 6.204596519470215 43
1698178003331 6.100584030151367 44
1698178003550 6.258835315704346 45
1698178003769 6.568115711212158 46
1698178003990 6.896609306335449 47
1698178004223 6.397085666656494 48
1698178004441 5.95090389251709 49
