1698182053148 22.649091720581055 0
1698182053298 8.689208030700684 1
1698182053446 8.48147201538086 2
1698182053625 7.9263176918029785 3
1698182053801 8.048628807067871 4
1698182053981 7.614683151245117 5
1698182054137 7.506146430969238 6
1698182054298 7.507704257965088 7
1698182054461 7.381446838378906 8
1698182054657 7.411347389221191 9
1698182054870 7.384003639221191 10
1698182055079 6.862292766571045 11
1698182055243 7.030605792999268 12
1698182055398 7.019607067108154 13
1698182055571 6.8087592124938965 14
1698182055745 6.750429630279541 15
1698182055988 6.822216033935547 16
1698182056169 7.150755405426025 17
1698182056357 6.820137023925781 18
1698182056539 6.5991034507751465 19
1698182056713 6.952461242675781 20
1698182056882 6.94846773147583 21
1698182057085 6.525108337402344 22
1698182057273 6.652112007141113 23
1698182057430 7.816227436065674 24
1698182057607 6.514865875244141 25
1698182057792 6.717826843261719 26
1698182057960 6.7952561378479 27
1698182058127 6.848249435424805 28
1698182058293 6.91541051864624 29
1698182058466 6.946063041687012 30
1698182058645 6.389223575592041 31
1698182058809 6.62876558303833 32
1698182058977 6.637664794921875 33
1698182059142 6.648166179656982 34
1698182059308 6.414450168609619 35
1698182059464 6.619492530822754 36
1698182059640 6.802967071533203 37
1698182059818 6.448275089263916 38
1698182059984 6.451988220214844 39
1698182060147 6.498570919036865 40
1698182060311 6.5678229331970215 41
1698182060480 6.6020941734313965 42
1698182060658 6.692188739776611 43
1698182060820 6.599758625030518 44
1698182060984 6.544427871704102 45
1698182061161 6.632110595703125 46
1698182061330 6.643062591552734 47
1698182061486 6.509477138519287 48
1698182061662 6.355796813964844 49
