1698175181054 0.30213770270347595 0
1698175181884 0.06706876307725906 1
1698175182719 0.03793233633041382 2
1698175183543 0.03714856132864952 3
1698175184481 0.04035773500800133 4
1698175185354 0.0316537506878376 5
1698175186407 0.03370017930865288 6
1698175187444 0.03538822382688522 7
1698175188352 0.034531641751527786 8
1698175189358 0.03623823821544647 9
1698175190311 0.02906602807343006 10
1698175191362 0.02795780636370182 11
1698175192201 0.027547748759388924 12
1698175193030 0.02815641090273857 13
1698175193869 0.029869843274354935 14
1698175194764 0.0273679681122303 15
1698175195696 0.02544116973876953 16
1698175196631 0.027505522593855858 17
1698175197653 0.025096436962485313 18
1698175198527 0.02969350665807724 19
1698175199464 0.02440718561410904 20
1698175200468 0.02408451773226261 21
1698175201556 0.022291399538517 22
1698175202578 0.02462388575077057 23
1698175203566 0.032721661031246185 24
1698175204675 0.02208947017788887 25
1698175205601 0.02034388855099678 26
1698175206415 0.019767899066209793 27
1698175207262 0.026726242154836655 28
1698175208073 0.02597934752702713 29
1698175208881 0.022492891177535057 30
1698175209696 0.023789985105395317 31
1698175210544 0.02450401522219181 32
1698175211369 0.018138093873858452 33
1698175212254 0.02098342776298523 34
1698175213083 0.020538611337542534 35
1698175213996 0.023430243134498596 36
1698175215145 0.018450535833835602 37
1698175215978 0.022582711651921272 38
1698175216813 0.019359713420271873 39
1698175217634 0.021110067144036293 40
1698175218461 0.018133949488401413 41
1698175219288 0.023839818313717842 42
1698175220115 0.021838419139385223 43
1698175220915 0.021301621571183205 44
1698175221757 0.01982205919921398 45
1698175222689 0.018894338980317116 46
1698175223605 0.020702596753835678 47
1698175224426 0.018750695511698723 48
1698175225252 0.015617038123309612 49
