1698175181054 157.95518493652344 0
1698175181884 93.06815338134766 1
1698175182719 26.60517692565918 2
1698175183543 22.32664680480957 3
1698175184481 25.168445587158203 4
1698175185354 22.987016677856445 5
1698175186407 22.442882537841797 6
1698175187444 20.28603744506836 7
1698175188352 22.52058219909668 8
1698175189358 21.56405258178711 9
1698175190311 20.205320358276367 10
1698175191362 24.23868751525879 11
1698175192201 19.346891403198242 12
1698175193030 18.35357666015625 13
1698175193869 21.286998748779297 14
1698175194764 19.223526000976562 15
1698175195696 17.410104751586914 16
1698175196631 19.866262435913086 17
1698175197653 20.14261245727539 18
1698175198527 23.319196701049805 19
1698175199464 20.26545524597168 20
1698175200468 20.355636596679688 21
1698175201556 17.35365104675293 22
1698175202578 17.804407119750977 23
1698175203566 22.583127975463867 24
1698175204675 19.85730743408203 25
1698175205601 16.574193954467773 26
1698175206415 16.517169952392578 27
1698175207262 21.77658462524414 28
1698175208073 19.15004539489746 29
1698175208881 18.228792190551758 30
1698175209696 18.616331100463867 31
1698175210544 26.78689193725586 32
1698175211369 19.90251350402832 33
1698175212254 18.482391357421875 34
1698175213083 18.524322509765625 35
1698175213996 20.669607162475586 36
1698175215145 18.90725326538086 37
1698175215978 18.154396057128906 38
1698175216813 19.541248321533203 39
1698175217634 19.06049919128418 40
1698175218461 18.906633377075195 41
1698175219288 18.104143142700195 42
1698175220115 19.906034469604492 43
1698175220915 20.230180740356445 44
1698175221757 19.698081970214844 45
1698175222689 20.575551986694336 46
1698175223605 21.040157318115234 47
1698175224426 24.77775764465332 48
1698175225252 20.865543365478516 49
