1698170577944 84.24768829345703 0
1698170578677 56.04829788208008 1
1698170579414 46.53144836425781 2
1698170580104 34.004730224609375 3
1698170580806 30.136388778686523 4
1698170581506 27.50326919555664 5
1698170582180 23.837602615356445 6
1698170582915 21.60215187072754 7
1698170583676 21.214420318603516 8
1698170584533 19.07786750793457 9
1698170585599 17.91689109802246 10
1698170586329 17.0189208984375 11
1698170587057 16.620622634887695 12
1698170587765 16.25234603881836 13
1698170588510 16.279308319091797 14
1698170589218 16.09857940673828 15
1698170589969 15.475852012634277 16
1698170590738 14.90843391418457 17
1698170591542 14.827360153198242 18
1698170592274 13.95502758026123 19
1698170593133 14.078227996826172 20
1698170593939 13.654275894165039 21
1698170594716 13.254154205322266 22
1698170595751 13.29519271850586 23
1698170596537 13.22348403930664 24
1698170597304 13.171256065368652 25
1698170598111 13.362868309020996 26
1698170598975 12.808917045593262 27
1698170599745 13.258971214294434 28
1698170600509 13.112321853637695 29
1698170601512 12.997248649597168 30
1698170602520 13.636896133422852 31
1698170603448 12.643467903137207 32
1698170604343 12.415863037109375 33
1698170605286 12.228774070739746 34
1698170606069 12.404549598693848 35
1698170606926 12.361470222473145 36
1698170607686 12.524959564208984 37
1698170608502 12.0454683303833 38
1698170609269 12.206624984741211 39
1698170610087 12.16443920135498 40
1698170611044 11.834097862243652 41
1698170611935 11.968002319335938 42
1698170612749 12.024065971374512 43
1698170613677 11.852884292602539 44
1698170614630 11.719995498657227 45
1698170615454 11.75275993347168 46
1698170616313 11.58055591583252 47
1698170617260 11.507408142089844 48
1698170618322 11.682991981506348 49
