1698183490147 338.43402099609375 0
1698183490259 12.20981216430664 1
1698183490376 10.48605728149414 2
1698183490499 11.226991653442383 3
1698183490623 10.187080383300781 4
1698183490753 11.044775009155273 5
1698183490901 11.999747276306152 6
1698183491046 11.507353782653809 7
1698183491183 9.354857444763184 8
1698183491319 11.015237808227539 9
1698183491455 10.138871192932129 10
1698183491590 9.567538261413574 11
1698183491713 9.243487358093262 12
1698183491846 11.139826774597168 13
1698183492001 9.490324974060059 14
1698183492165 9.331249237060547 15
1698183492304 8.325428009033203 16
1698183492444 11.239691734313965 17
1698183492574 9.813854217529297 18
1698183492707 7.765511512756348 19
1698183492837 9.017068862915039 20
1698183492969 10.486302375793457 21
1698183493097 9.26864242553711 22
1698183493219 9.82267951965332 23
1698183493381 11.918216705322266 24
1698183493512 9.193415641784668 25
1698183493646 9.663615226745605 26
1698183493786 9.795258522033691 27
1698183493918 10.866337776184082 28
1698183494046 7.969616889953613 29
1698183494176 11.472200393676758 30
1698183494307 11.645055770874023 31
1698183494435 9.815646171569824 32
1698183494564 9.744953155517578 33
1698183494714 9.32918930053711 34
1698183494879 8.538925170898438 35
1698183495068 9.687727928161621 36
1698183495197 10.358641624450684 37
1698183495342 10.399076461791992 38
1698183495472 9.55094051361084 39
1698183495618 10.20194149017334 40
1698183495756 10.07504653930664 41
1698183495914 10.056060791015625 42
1698183496057 9.134684562683105 43
1698183496187 9.77943229675293 44
1698183496317 9.226274490356445 45
1698183496449 8.938138961791992 46
1698183496576 10.898764610290527 47
1698183496709 8.414568901062012 48
1698183496841 9.443263053894043 49
