1698188113802 41.82835006713867 0
1698188113935 11.835479736328125 1
1698188114073 10.241694450378418 2
1698188114212 9.148523330688477 3
1698188114345 9.013172149658203 4
1698188114516 8.554746627807617 5
1698188114676 7.903278350830078 6
1698188114839 7.6113386154174805 7
1698188115008 7.6436028480529785 8
1698188115152 7.1712727546691895 9
1698188115295 7.293931484222412 10
1698188115435 7.114424705505371 11
1698188115578 7.1278910636901855 12
1698188115721 6.8944172859191895 13
1698188115860 6.985297679901123 14
1698188116023 6.855652332305908 15
1698188116166 6.774666786193848 16
1698188116295 7.133777618408203 17
1698188116435 6.772181510925293 18
1698188116573 6.4079742431640625 19
1698188116712 6.620028018951416 20
1698188116840 7.11414909362793 21
1698188116987 6.612387657165527 22
1698188117119 6.878839015960693 23
1698188117252 6.631479740142822 24
1698188117385 6.655043601989746 25
1698188117525 6.724930763244629 26
1698188117658 6.784134387969971 27
1698188117792 6.660924911499023 28
1698188117945 6.21462869644165 29
1698188118094 6.4377522468566895 30
1698188118230 6.47494649887085 31
1698188118367 6.568554878234863 32
1698188118503 6.482813358306885 33
1698188118634 6.5499067306518555 34
1698188118768 6.395205497741699 35
1698188118903 6.356848239898682 36
1698188119061 6.515748977661133 37
1698188119204 6.369918346405029 38
1698188119361 6.39203405380249 39
1698188119580 6.125924110412598 40
1698188119757 6.304224967956543 41
1698188119905 6.615399360656738 42
1698188120043 6.144266128540039 43
1698188120200 6.466300964355469 44
1698188120351 6.211951732635498 45
1698188120513 5.7842793464660645 46
1698188120676 6.501007556915283 47
1698188120849 6.541287422180176 48
1698188120998 6.134798049926758 49
