1698179724104 0.06154297664761543 0
1698179724442 0.01189514435827732 1
1698179724807 0.009741456247866154 2
1698179725227 0.00804994534701109 3
1698179725595 0.007615298964083195 4
1698179725961 0.009781061671674252 5
1698179726356 0.007660528179258108 6
1698179726707 0.007865142077207565 7
1698179727108 0.006911049596965313 8
1698179727459 0.007312863599509001 9
1698179727801 0.006370211020112038 10
1698179728137 0.006799648981541395 11
1698179728502 0.008576499298214912 12
1698179728846 0.007231606170535088 13
1698179729177 0.007078264839947224 14
1698179729530 0.006730975117534399 15
1698179729863 0.005594329908490181 16
1698179730227 0.005546273663640022 17
1698179730570 0.0057663461193442345 18
1698179730905 0.006146489176899195 19
1698179731269 0.0068092974834144115 20
1698179731594 0.006250658538192511 21
1698179731929 0.005767469760030508 22
1698179732283 0.0055990698747336864 23
1698179732622 0.006447473540902138 24
1698179732949 0.006780377589166164 25
1698179733305 0.005766599904745817 26
1698179733648 0.0050090341828763485 27
1698179733974 0.005288512445986271 28
1698179734334 0.0053625344298779964 29
1698179734674 0.005338567774742842 30
1698179735010 0.005694946739822626 31
1698179735386 0.005280681420117617 32
1698179735735 0.005718849133700132 33
1698179736090 0.005511949770152569 34
1698179736487 0.0054433103650808334 35
1698179736864 0.005007609724998474 36
1698179737278 0.006053811404854059 37
1698179737796 0.0059993271715939045 38
1698179738144 0.005298561882227659 39
1698179738489 0.005946424324065447 40
1698179738815 0.0053487662225961685 41
1698179739166 0.005644005257636309 42
1698179739521 0.004617671947926283 43
1698179739861 0.005292715970426798 44
1698179740206 0.005568081978708506 45
1698179740537 0.005121619440615177 46
1698179740878 0.005761748645454645 47
1698179741243 0.005710790865123272 48
1698179741584 0.005096090957522392 49
