1698176248794 0.02156849019229412 0
1698176249271 0.0041717467829585075 1
1698176249723 0.003470203373581171 2
1698176250174 0.002958953147754073 3
1698176250620 0.002820792142301798 4
1698176251078 0.0026175454258918762 5
1698176251526 0.0027100578881800175 6
1698176251985 0.002798119792714715 7
1698176252452 0.0024799350649118423 8
1698176252896 0.0028308227192610502 9
1698176253376 0.002468600869178772 10
1698176253873 0.002749081701040268 11
1698176254304 0.0019595432095229626 12
1698176254727 0.002148811938241124 13
1698176255188 0.0020214032847434282 14
1698176255611 0.0020628359634429216 15
1698176256076 0.0023103810381144285 16
1698176256510 0.0019364622421562672 17
1698176257026 0.0019734373781830072 18
1698176257543 0.0017594842938706279 19
1698176258016 0.0018425690941512585 20
1698176258640 0.0016918823821470141 21
1698176259101 0.0017326463712379336 22
1698176259616 0.0017669752705842257 23
1698176260074 0.0017435193294659257 24
1698176260720 0.0017225700430572033 25
1698176261177 0.0015682285884395242 26
1698176261622 0.001521771540865302 27
1698176262121 0.001600540359504521 28
1698176262583 0.0016368861543014646 29
1698176263187 0.001564054866321385 30
1698176263713 0.0016802879981696606 31
1698176264214 0.001515822485089302 32
1698176264689 0.001678277039900422 33
1698176265264 0.0016729282215237617 34
1698176265811 0.001599841401912272 35
1698176266378 0.0014616238186135888 36
1698176266973 0.001507443725131452 37
1698176267655 0.001599669805727899 38
1698176268175 0.0015519127482548356 39
1698176268675 0.0013693494256585836 40
1698176269163 0.0013853464042767882 41
1698176269644 0.0014595944667235017 42
1698176270179 0.0015861421125009656 43
1698176270634 0.0015540345339104533 44
1698176271075 0.001546683837659657 45
1698176271508 0.0013861877378076315 46
1698176271946 0.0014564716257154942 47
1698176272388 0.0013752636732533574 48
1698176272816 0.0012746151769533753 49
