1698168807757 0.21817441284656525 0
1698168807963 0.08424324542284012 1
1698168808156 0.06208027899265289 2
1698168808378 0.05085710808634758 3
1698168808600 0.04350098967552185 4
1698168808801 0.03821375593543053 5
1698168809009 0.03371163085103035 6
1698168809190 0.02918143942952156 7
1698168809393 0.02673255279660225 8
1698168809585 0.02376830205321312 9
1698168809893 0.0212981216609478 10
1698168810126 0.018990105018019676 11
1698168810331 0.01715315505862236 12
1698168810514 0.01573650725185871 13
1698168810760 0.013921733945608139 14
1698168810974 0.01316531840711832 15
1698168811195 0.011965482495725155 16
1698168811483 0.011208884418010712 17
1698168811806 0.01060329470783472 18
1698168812005 0.01031395886093378 19
1698168812275 0.009925175458192825 20
1698168812512 0.009689892642199993 21
1698168812746 0.009204816073179245 22
1698168812966 0.009104745462536812 23
1698168813183 0.009481912478804588 24
1698168813376 0.009219661355018616 25
1698168813650 0.00892393384128809 26
1698168813882 0.008840613067150116 27
1698168814113 0.008748956955969334 28
1698168814348 0.00868253130465746 29
1698168814560 0.008489813655614853 30
1698168814820 0.008175169117748737 31
1698168815049 0.008032361976802349 32
1698168815291 0.008096692152321339 33
1698168815488 0.007831555791199207 34
1698168815684 0.007960052229464054 35
1698168815914 0.007760537788271904 36
1698168816114 0.007785383146256208 37
1698168816355 0.007641747128218412 38
1698168816603 0.007675059139728546 39
1698168816854 0.007567946799099445 40
1698168817132 0.007667641621083021 41
1698168817366 0.007797304540872574 42
1698168817617 0.007554616779088974 43
1698168817842 0.007371974177658558 44
1698168818047 0.007210349664092064 45
1698168818237 0.007225789595395327 46
1698168818423 0.00721975089982152 47
1698168818662 0.007019521202892065 48
1698168818866 0.007091617677360773 49
