1698168807757 78.14339447021484 0
1698168807963 40.018699645996094 1
1698168808156 31.390281677246094 2
1698168808378 27.893436431884766 3
1698168808600 25.358333587646484 4
1698168808801 23.360509872436523 5
1698168809009 22.06814956665039 6
1698168809190 20.59968376159668 7
1698168809393 19.36112403869629 8
1698168809585 18.094295501708984 9
1698168809893 17.294286727905273 10
1698168810126 16.337215423583984 11
1698168810331 15.314629554748535 12
1698168810514 15.00896167755127 13
1698168810760 14.477300643920898 14
1698168810974 14.01452350616455 15
1698168811195 13.665608406066895 16
1698168811483 13.761892318725586 17
1698168811806 13.697300910949707 18
1698168812005 13.691524505615234 19
1698168812275 13.618412971496582 20
1698168812512 13.705167770385742 21
1698168812746 13.554006576538086 22
1698168812966 13.389119148254395 23
1698168813183 13.874935150146484 24
1698168813376 13.704907417297363 25
1698168813650 13.503801345825195 26
1698168813882 13.585295677185059 27
1698168814113 13.352726936340332 28
1698168814348 13.288771629333496 29
1698168814560 13.133950233459473 30
1698168814820 13.098910331726074 31
1698168815049 12.951343536376953 32
1698168815291 13.029661178588867 33
1698168815488 12.872333526611328 34
1698168815684 12.939373970031738 35
1698168815914 12.698101043701172 36
1698168816114 12.721096992492676 37
1698168816355 12.414385795593262 38
1698168816603 12.399097442626953 39
1698168816854 12.227803230285645 40
1698168817132 12.47921371459961 41
1698168817366 12.430608749389648 42
1698168817617 12.262636184692383 43
1698168817842 12.158320426940918 44
1698168818047 11.963854789733887 45
1698168818237 11.72784423828125 46
1698168818423 11.930276870727539 47
1698168818662 11.715180397033691 48
1698168818866 11.679924011230469 49
