1698229699474 50702.31640625 0
1698229699732 31000.279296875 1
1698229699984 23666.30859375 2
1698229700256 27058.41796875 3
1698229700506 23025.13671875 4
1698229700756 27563.333984375 5
1698229701024 25140.03125 6
1698229701280 20560.513671875 7
1698229701539 22967.740234375 8
1698229701817 22366.16015625 9
1698229702065 24122.046875 10
1698229702323 24098.015625 11
1698229702567 23025.7421875 12
1698229703097 23302.92578125 13
1698229703343 24272.69921875 14
1698229703577 21875.6953125 15
1698229703823 21748.41015625 16
1698229704081 24426.533203125 17
1698229704422 20384.140625 18
1698229704675 19789.171875 19
1698229704926 22353.724609375 20
1698229705171 21894.845703125 21
1698229705429 23530.55859375 22
1698229705679 19634.994140625 23
1698229705929 21255.90625 24
1698229706163 19018.669921875 25
1698229706443 20705.091796875 26
1698229706874 18145.28125 27
1698229707124 19308.427734375 28
1698229707383 23589.765625 29
1698229707629 21272.220703125 30
1698229707878 20884.6015625 31
1698229708119 21444.380859375 32
1698229708382 20164.87109375 33
1698229708624 20411.1640625 34
1698229708866 23862.1328125 35
1698229709107 25149.51953125 36
1698229709348 20112.765625 37
1698229709634 21831.5390625 38
1698229709877 19865.310546875 39
1698229710134 21354.150390625 40
1698229710383 20057.552734375 41
1698229710637 20090.943359375 42
1698229710894 22381.55078125 43
1698229711127 19233.01171875 44
1698229711386 22262.68359375 45
1698229711636 19971.33984375 46
1698229711894 18752.310546875 47
1698229712145 19732.1953125 48
1698229712394 21256.919921875 49
