1698175958412 27.758014678955078 0
1698175958726 16.445926666259766 1
1698175959031 16.304166793823242 2
1698175959325 13.430093765258789 3
1698175959688 12.89373779296875 4
1698175960123 12.82906436920166 5
1698175960403 11.752342224121094 6
1698175960682 13.664933204650879 7
1698175960950 12.506306648254395 8
1698175961240 12.606172561645508 9
1698175961506 10.954866409301758 10
1698175961784 10.268526077270508 11
1698175962145 12.54430866241455 12
1698175962438 10.44116497039795 13
1698175962742 10.138313293457031 14
1698175963020 11.466935157775879 15
1698175963301 14.439081192016602 16
1698175963569 9.802183151245117 17
1698175963844 11.483450889587402 18
1698175964125 9.889841079711914 19
1698175964422 12.60362720489502 20
1698175964703 11.470743179321289 21
1698175964981 10.564669609069824 22
1698175965295 9.54774284362793 23
1698175965577 11.776861190795898 24
1698175965862 10.998052597045898 25
1698175966195 10.354142189025879 26
1698175966497 10.859374046325684 27
1698175966842 9.556703567504883 28
1698175967176 9.526104927062988 29
1698175967511 11.02751350402832 30
1698175967812 14.722943305969238 31
1698175968088 10.211841583251953 32
1698175968378 11.136712074279785 33
1698175968797 10.13070297241211 34
1698175969138 9.778281211853027 35
1698175969470 10.73486614227295 36
1698175969791 9.873512268066406 37
1698175970085 9.365592002868652 38
1698175970419 9.101224899291992 39
1698175970725 9.510169982910156 40
1698175971147 10.705121040344238 41
1698175971443 10.421523094177246 42
1698175971758 10.912409782409668 43
1698175972087 11.90512466430664 44
1698175972411 11.391124725341797 45
1698175972688 10.975089073181152 46
1698175972964 10.367362976074219 47
1698175973265 11.174262046813965 48
1698175973535 10.076043128967285 49
