1698184656942 251.0509490966797 0
1698184657165 56.0955810546875 1
1698184657382 48.87871170043945 2
1698184657608 47.237709045410156 3
1698184657816 42.346073150634766 4
1698184658033 32.1654167175293 5
1698184658234 28.267505645751953 6
1698184658476 31.582290649414062 7
1698184658693 34.5684928894043 8
1698184658912 29.124195098876953 9
1698184659140 31.298294067382812 10
1698184659359 27.975801467895508 11
1698184659578 25.810230255126953 12
1698184659790 29.75983428955078 13
1698184660012 28.133487701416016 14
1698184660230 23.954254150390625 15
1698184660451 24.458749771118164 16
1698184660670 28.808204650878906 17
1698184660882 22.741512298583984 18
1698184661141 24.303281784057617 19
1698184661364 30.71735954284668 20
1698184661579 23.5372257232666 21
1698184661789 22.438655853271484 22
1698184662003 24.561119079589844 23
1698184662245 25.46872901916504 24
1698184662503 22.270633697509766 25
1698184662751 23.512510299682617 26
1698184663023 22.12879753112793 27
1698184663281 21.652482986450195 28
1698184663568 21.673925399780273 29
1698184663859 27.993122100830078 30
1698184664142 25.316789627075195 31
1698184664362 25.396690368652344 32
1698184664580 20.961057662963867 33
1698184664787 22.971851348876953 34
1698184665001 18.728010177612305 35
1698184665215 20.75920867919922 36
1698184665432 22.07050132751465 37
1698184665647 21.325321197509766 38
1698184665855 22.106327056884766 39
1698184666089 23.40450096130371 40
1698184666306 19.40171241760254 41
1698184666524 20.21633529663086 42
1698184666740 24.55349349975586 43
1698184666956 24.1534423828125 44
1698184667184 21.937650680541992 45
1698184667401 20.7069091796875 46
1698184667617 24.701251983642578 47
1698184667835 22.56609344482422 48
1698184668054 28.71535301208496 49
