1698180532653 0.05132949352264404 0
1698180532754 0.007484170142561197 1
1698180532856 0.007155595347285271 2
1698180532960 0.005975693929940462 3
1698180533064 0.005519509315490723 4
1698180533188 0.005905532278120518 5
1698180533311 0.005472500808537006 6
1698180533424 0.004725971724838018 7
1698180533531 0.005099933594465256 8
1698180533639 0.004110708832740784 9
1698180533758 0.00510372593998909 10
1698180533864 0.004534248262643814 11
1698180533985 0.004951740149408579 12
1698180534096 0.0043343412689864635 13
1698180534233 0.004377549048513174 14
1698180534344 0.004258953034877777 15
1698180534468 0.004791365936398506 16
1698180534574 0.0041509876027703285 17
1698180534698 0.004479347728192806 18
1698180534827 0.004103424027562141 19
1698180534957 0.0035917062778025866 20
1698180535090 0.003801638027653098 21
1698180535226 0.0038054506294429302 22
1698180535335 0.004674302879720926 23
1698180535448 0.003733854042366147 24
1698180535560 0.004310796968638897 25
1698180535679 0.0038327353540807962 26
1698180535795 0.003048874204978347 27
1698180535910 0.003568060463294387 28
1698180536018 0.003743442241102457 29
1698180536161 0.0039118072018027306 30
1698180536277 0.004235171712934971 31
1698180536399 0.0037457309663295746 32
1698180536517 0.0034479720052331686 33
1698180536625 0.003806191496551037 34
1698180536742 0.0033317222259938717 35
1698180536865 0.003360162256285548 36
1698180536983 0.00323671568185091 37
1698180537094 0.0036027375608682632 38
1698180537226 0.003422411158680916 39
1698180537348 0.0034882223699241877 40
1698180537471 0.0033775032497942448 41
1698180537595 0.002939247526228428 42
1698180537741 0.0032057729549705982 43
1698180537894 0.0027276326436549425 44
1698180538042 0.0031987912952899933 45
1698180538190 0.0029637899715453386 46
1698180538341 0.003023589728400111 47
1698180538483 0.0034335495438426733 48
1698180538618 0.0032430775463581085 49
