1698169111878 48.06430435180664 0
1698169112205 25.55785369873047 1
1698169112542 21.546615600585938 2
1698169112865 19.58941650390625 3
1698169113270 18.09910011291504 4
1698169113590 17.894115447998047 5
1698169114077 17.387117385864258 6
1698169114431 16.828872680664062 7
1698169114875 16.514293670654297 8
1698169115252 16.833127975463867 9
1698169115794 15.97503662109375 10
1698169116167 16.25493812561035 11
1698169116464 15.88428783416748 12
1698169116782 15.390993118286133 13
1698169117085 15.710567474365234 14
1698169117399 15.486909866333008 15
1698169117730 15.133526802062988 16
1698169118109 15.315954208374023 17
1698169118561 14.953987121582031 18
1698169118869 15.069967269897461 19
1698169119157 15.01508903503418 20
1698169119486 15.007001876831055 21
1698169119839 14.69435977935791 22
1698169120140 14.735185623168945 23
1698169120465 14.705965995788574 24
1698169120916 14.581869125366211 25
1698169121226 14.744429588317871 26
1698169121519 14.508586883544922 27
1698169121820 14.321773529052734 28
1698169122146 14.430716514587402 29
1698169122531 14.505635261535645 30
1698169122901 14.42448902130127 31
1698169123429 14.316975593566895 32
1698169123966 14.551590919494629 33
1698169124336 13.851737022399902 34
1698169124659 14.194476127624512 35
1698169125005 14.077414512634277 36
1698169125337 14.023538589477539 37
1698169125727 13.831125259399414 38
1698169126075 13.556131362915039 39
1698169126341 13.918802261352539 40
1698169126668 13.883733749389648 41
1698169127008 13.79129409790039 42
1698169127593 13.756773948669434 43
1698169128132 13.51278018951416 44
1698169128595 13.928560256958008 45
1698169128989 13.863625526428223 46
1698169129395 13.587236404418945 47
1698169129748 13.782792091369629 48
1698169130060 13.637249946594238 49
