1698180153584 0.6141812205314636 0
1698180153805 0.11235357820987701 1
1698180154031 0.04230109974741936 2
1698180154261 0.0406062975525856 3
1698180154509 0.03321705013513565 4
1698180154741 0.030748838558793068 5
1698180154979 0.03043949604034424 6
1698180155217 0.028890110552310944 7
1698180155476 0.027051253244280815 8
1698180155715 0.03236829489469528 9
1698180155953 0.026613600552082062 10
1698180156180 0.0288266409188509 11
1698180156454 0.02272862009704113 12
1698180156750 0.029618680477142334 13
1698180157009 0.02184700407087803 14
1698180157238 0.022496545687317848 15
1698180157510 0.023115968331694603 16
1698180157779 0.02311623841524124 17
1698180158033 0.019102981314063072 18
1698180158305 0.02646614983677864 19
1698180158587 0.02255934663116932 20
1698180158824 0.02501525916159153 21
1698180159060 0.02554154396057129 22
1698180159306 0.021982910111546516 23
1698180159561 0.02191791497170925 24
1698180159803 0.0229348111897707 25
1698180160035 0.023034779354929924 26
1698180160268 0.021254008635878563 27
1698180160522 0.02461208961904049 28
1698180160764 0.02008424699306488 29
1698180161005 0.019653266295790672 30
1698180161247 0.019033236429095268 31
1698180161486 0.024885866791009903 32
1698180161720 0.022088969126343727 33
1698180161955 0.025517554953694344 34
