1698186007495 10.1172456741333 0
1698186007598 0.8936156630516052 1
1698186007702 0.7495004534721375 2
1698186007799 0.737429678440094 3
1698186007900 0.6339530348777771 4
1698186007999 0.6135644316673279 5
1698186008101 0.6268056631088257 6
1698186008202 0.5594383478164673 7
1698186008329 0.570442795753479 8
1698186008455 0.5763493776321411 9
1698186008562 0.5745429992675781 10
1698186008684 0.5372723340988159 11
1698186008783 0.5263121724128723 12
1698186008879 0.6169359683990479 13
1698186008976 0.5011934041976929 14
1698186009075 0.6364265084266663 15
1698186009175 0.5420773029327393 16
1698186009311 0.521208643913269 17
1698186009417 0.5083713531494141 18
1698186009519 0.5419714450836182 19
1698186009619 0.566125214099884 20
1698186009721 0.5272242426872253 21
1698186009822 0.5383643507957458 22
1698186009924 0.4862337112426758 23
1698186010026 0.4770885407924652 24
1698186010127 0.536270022392273 25
1698186010239 0.5983953475952148 26
1698186010364 0.47831276059150696 27
1698186010469 0.45827749371528625 28
1698186010579 0.48709049820899963 29
1698186010678 0.49209585785865784 30
1698186010786 0.4756670892238617 31
1698186010904 0.44684529304504395 32
1698186011006 0.47484391927719116 33
1698186011107 0.4772307276725769 34
1698186011210 0.42381641268730164 35
1698186011340 0.5172204971313477 36
1698186011445 0.4579623341560364 37
1698186011546 0.4535873532295227 38
1698186011649 0.4290509819984436 39
1698186011758 0.47240686416625977 40
1698186011883 0.4601561427116394 41
1698186012017 0.5102269649505615 42
1698186012125 0.4464627206325531 43
1698186012269 0.49617239832878113 44
1698186012438 0.4410155713558197 45
1698186012548 0.4239859879016876 46
1698186012676 0.4177257716655731 47
1698186012782 0.42667657136917114 48
1698186012891 0.43481913208961487 49
