1698153421410 0.0032532319892197847 0
1698153422358 0.002830833662301302 1
1698153423314 0.002441518707200885 2
1698153424332 0.0014587078476324677 3
1698153425375 0.0012205858947709203 4
1698153426359 0.0010627011070027947 5
1698153427432 0.000916548422537744 6
1698153428379 0.0007516064797528088 7
1698153429313 0.0006278440123423934 8
1698153430305 0.000545273011084646 9
1698153431532 0.0004826344666071236 10
1698153432459 0.00043495194404385984 11
1698153433470 0.0003980107430834323 12
1698153434372 0.00037141807842999697 13
1698153435345 0.00032439149799756706 14
1698153436538 0.0003202600055374205 15
1698153437496 0.00027854391373693943 16
1698153438456 0.0002797061752062291 17
1698153439490 0.0002630624221637845 18
1698153440457 0.0002495819062460214 19
1698153441395 0.0002486408338882029 20
