1698153421410 238.2728271484375 0
1698153422358 334.6524658203125 1
1698153423314 314.7056579589844 2
1698153424332 189.3914337158203 3
1698153425375 191.76097106933594 4
1698153426359 178.85853576660156 5
1698153427432 171.3954620361328 6
1698153428379 145.85301208496094 7
1698153429313 123.95109558105469 8
1698153430305 113.85684967041016 9
1698153431532 96.86957550048828 10
1698153432459 93.94010925292969 11
1698153433470 86.37248229980469 12
1698153434372 82.60883331298828 13
1698153435345 72.54080200195312 14
1698153436538 73.72481536865234 15
1698153437496 68.31443786621094 16
1698153438456 63.7607536315918 17
1698153439490 64.65023040771484 18
1698153440457 60.99332046508789 19
1698153441395 62.54587936401367 20
