1698188324492 16193.701171875 0
1698188324598 787.6681518554688 1
1698188324706 624.3789672851562 2
1698188324812 792.72412109375 3
1698188324918 643.2484741210938 4
1698188325037 613.357666015625 5
1698188325201 601.0263061523438 6
1698188325307 572.44189453125 7
1698188325413 453.88616943359375 8
1698188325520 476.81243896484375 9
1698188325624 446.1268615722656 10
1698188325731 470.7020568847656 11
1698188325839 476.2436218261719 12
1698188325947 416.6710205078125 13
1698188326066 441.3011169433594 14
1698188326186 440.6091613769531 15
1698188326330 429.39080810546875 16
1698188326466 349.47943115234375 17
1698188326605 399.2740478515625 18
1698188326763 465.0583801269531 19
1698188326929 400.5214538574219 20
1698188327068 375.70635986328125 21
1698188327178 416.1690979003906 22
1698188327299 441.974365234375 23
1698188327414 389.50799560546875 24
1698188327537 343.31768798828125 25
1698188327665 354.9599914550781 26
1698188327826 331.3758544921875 27
1698188328010 373.36370849609375 28
1698188328145 359.1754455566406 29
1698188328270 382.1812744140625 30
1698188328428 335.325439453125 31
1698188328564 334.8462829589844 32
1698188328740 367.36676025390625 33
1698188328879 389.2939147949219 34
1698188329011 363.5484924316406 35
1698188329160 384.9943542480469 36
1698188329313 358.7034606933594 37
1698188329453 331.25433349609375 38
1698188329584 402.99298095703125 39
1698188329702 369.9173889160156 40
1698188329821 416.736328125 41
1698188329963 375.889404296875 42
1698188330086 388.24755859375 43
1698188330222 393.45172119140625 44
1698188330340 343.87823486328125 45
1698188330463 386.1953125 46
1698188330578 362.62225341796875 47
1698188330698 338.09918212890625 48
1698188330814 359.8417663574219 49
