1698230108876 7.283064842224121 0
1698230110661 4.3958868980407715 1
1698230111452 2.857224225997925 2
1698230112171 1.9491008520126343 3
1698230113481 1.579464316368103 4
1698230115775 1.5595099925994873 5
1698230117888 1.3586665391921997 6
1698230118597 1.1900789737701416 7
1698230120171 1.2312192916870117 8
1698230121707 1.1205512285232544 9
1698230123240 1.0615702867507935 10
1698230124960 0.9768292903900146 11
1698230125604 1.051655888557434 12
1698230126256 0.9090731739997864 13
1698230126986 0.8868793845176697 14
1698230128087 0.8314037322998047 15
1698230129236 0.7884281277656555 16
1698230129897 0.7604831457138062 17
1698230131494 0.7675183415412903 18
1698230132204 0.7841773629188538 19
1698230133816 0.7873386144638062 20
1698230135439 0.6819202303886414 21
1698230137233 0.7277907133102417 22
1698230138312 0.6665483117103577 23
1698230139478 0.6781970858573914 24
1698230140122 0.6343002319335938 25
1698230141157 0.6405291557312012 26
1698230141828 0.6846949458122253 27
1698230143128 0.6440322995185852 28
1698230144047 0.6079741716384888 29
1698230145298 0.61679607629776 30
1698230146458 0.5626915097236633 31
1698230147751 0.5805901885032654 32
1698230149028 0.5937085151672363 33
1698230150215 0.5679391026496887 34
1698230152009 0.5642215609550476 35
1698230153526 0.5358574390411377 36
1698230155275 0.5540854334831238 37
1698230156683 0.5546119809150696 38
1698230158146 0.5076403021812439 39
1698230160141 0.5231080055236816 40
1698230161995 0.5082395672798157 41
1698230163613 0.5209166407585144 42
1698230164250 0.5428131818771362 43
1698230164917 0.5292845964431763 44
1698230165890 0.5025622844696045 45
1698230167117 0.5038496255874634 46
1698230168615 0.4580361247062683 47
1698230169842 0.4878975450992584 48
1698230171580 0.47401243448257446 49
