1698230813847 2.131575584411621 0
1698230815113 0.598865807056427 1
1698230816554 0.4386025667190552 2
1698230818362 0.40476086735725403 3
1698230818877 0.36936357617378235 4
1698230819436 0.3199101686477661 5
1698230819939 0.2927245497703552 6
1698230820483 0.28748461604118347 7
1698230820987 0.27924874424934387 8
1698230821499 0.25063270330429077 9
1698230823645 0.24428771436214447 10
1698230824163 0.22243927419185638 11
1698230825791 0.2139291912317276 12
1698230827056 0.21249304711818695 13
1698230827586 0.19765453040599823 14
1698230829189 0.19039441645145416 15
1698230830725 0.18328112363815308 16
1698230831239 0.19133085012435913 17
1698230831717 0.1817803680896759 18
1698230832685 0.1828640103340149 19
1698230833901 0.17957335710525513 20
1698230834397 0.166608065366745 21
1698230836221 0.1660153567790985 22
1698230837779 0.17771530151367188 23
1698230839009 0.1686631143093109 24
1698230839532 0.1633107215166092 25
1698230841156 0.15738004446029663 26
1698230842438 0.16443531215190887 27
1698230843865 0.16170327365398407 28
1698230845195 0.14242392778396606 29
1698230845998 0.16337950527668 30
1698230847581 0.14915287494659424 31
1698230850170 0.1589345484972 32
1698230851974 0.1536206156015396 33
1698230853336 0.14185447990894318 34
1698230853773 0.14724361896514893 35
1698230854234 0.15124405920505524 36
1698230856069 0.1533372849225998 37
1698230857446 0.1471218466758728 38
1698230858769 0.14299583435058594 39
1698230860124 0.13900643587112427 40
1698230861837 0.14386437833309174 41
1698230862333 0.14433178305625916 42
1698230862771 0.14083406329154968 43
1698230864355 0.1436396837234497 44
1698230865889 0.1287148892879486 45
1698230866319 0.1486182063817978 46
1698230867821 0.13769389688968658 47
1698230869347 0.13842323422431946 48
1698230869860 0.14598605036735535 49
