1698230813847 90.87785339355469 0
1698230815113 63.32937240600586 1
1698230816554 53.850341796875 2
1698230818362 51.41688537597656 3
1698230818877 47.69261932373047 4
1698230819436 45.71709442138672 5
1698230819939 42.10593795776367 6
1698230820483 42.316951751708984 7
1698230820987 39.60646438598633 8
1698230821499 37.915199279785156 9
1698230823645 38.02217483520508 10
1698230824163 37.392513275146484 11
1698230825791 35.227203369140625 12
1698230827056 34.75905227661133 13
1698230827586 33.09086227416992 14
1698230829189 32.8987922668457 15
1698230830725 32.565711975097656 16
1698230831239 32.23406219482422 17
1698230831717 31.47670555114746 18
1698230832685 31.457660675048828 19
1698230833901 31.06289291381836 20
1698230834397 30.501035690307617 21
1698230836221 30.7325382232666 22
1698230837779 29.16908836364746 23
1698230839009 29.338651657104492 24
1698230839532 28.62841033935547 25
1698230841156 28.679889678955078 26
1698230842438 28.742050170898438 27
1698230843865 28.029714584350586 28
1698230845195 27.039430618286133 29
1698230845998 27.843647003173828 30
1698230847581 27.12318992614746 31
1698230850170 26.11597442626953 32
1698230851974 25.503765106201172 33
1698230853336 25.957033157348633 34
1698230853773 25.592147827148438 35
1698230854234 24.697736740112305 36
1698230856069 24.97935676574707 37
1698230857446 25.78116226196289 38
1698230858769 24.13759422302246 39
1698230860124 25.23434066772461 40
1698230861837 24.331926345825195 41
1698230862333 24.420190811157227 42
1698230862771 24.021621704101562 43
1698230864355 23.646018981933594 44
1698230865889 23.441713333129883 45
1698230866319 23.51017951965332 46
1698230867821 23.392770767211914 47
1698230869347 23.330577850341797 48
1698230869860 23.365764617919922 49
