1698169353611 0.07234282791614532 0
1698169353814 0.027349120005965233 1
1698169354025 0.018945040181279182 2
1698169354210 0.013597861863672733 3
1698169354385 0.010411059483885765 4
1698169354658 0.008787225931882858 5
1698169354835 0.0077252513729035854 6
1698169355014 0.006971075665205717 7
1698169355199 0.00660469988361001 8
1698169355395 0.006405550986528397 9
1698169355567 0.006183198653161526 10
1698169355778 0.006332036107778549 11
1698169355967 0.005542119964957237 12
1698169356211 0.005794590339064598 13
1698169356534 0.00566069083288312 14
1698169356840 0.005541843827813864 15
1698169357092 0.005449216812849045 16
1698169357271 0.0052084666676819324 17
1698169357574 0.005133265163749456 18
1698169357796 0.004964201711118221 19
1698169358005 0.005035278387367725 20
1698169358240 0.004965407308191061 21
1698169358447 0.005036118905991316 22
1698169358632 0.004964637570083141 23
1698169358819 0.00484087411314249 24
1698169359025 0.005011206958442926 25
1698169359248 0.00494729820638895 26
1698169359474 0.004730472806841135 27
1698169359682 0.004922083113342524 28
1698169359915 0.004818430170416832 29
1698169360129 0.00484051089733839 30
1698169360338 0.004643836058676243 31
1698169360542 0.004808629397302866 32
1698169360754 0.004759864415973425 33
1698169360969 0.0048524667508900166 34
1698169361133 0.004817969631403685 35
1698169361295 0.004852499812841415 36
1698169361513 0.004669664427638054 37
1698169361683 0.004580444656312466 38
1698169361835 0.004675434436649084 39
1698169361994 0.004713148344308138 40
1698169362154 0.004671856295317411 41
1698169362313 0.00460849842056632 42
1698169362474 0.004729055799543858 43
1698169362674 0.0045663160271942616 44
1698169362832 0.004491493105888367 45
1698169363041 0.004589735995978117 46
1698169363347 0.004725155420601368 47
1698169363552 0.004535389132797718 48
1698169363751 0.004610181786119938 49
1698169363926 0.00449318578466773 50
1698169364101 0.004759436007589102 51
1698169364278 0.004613916855305433 52
1698169364479 0.004813911858946085 53
1698169364658 0.004503485281020403 54
1698169364848 0.004614938981831074 55
1698169365051 0.004472964443266392 56
1698169365237 0.0047799670137465 57
1698169365473 0.004532883409410715 58
1698169365718 0.0045641446486115456 59
1698169365924 0.004472143482416868 60
1698169366121 0.004566955845803022 61
1698169366380 0.004470181185752153 62
1698169366644 0.004601730965077877 63
1698169366967 0.004510804545134306 64
1698169367164 0.00433028070256114 65
1698169367404 0.004560604691505432 66
1698169367596 0.004562916699796915 67
1698169367806 0.0045305704697966576 68
1698169368032 0.004624146968126297 69
1698169368236 0.004415811970829964 70
1698169368420 0.004499657545238733 71
1698169368624 0.004493733402341604 72
1698169368815 0.004522991366684437 73
1698169368994 0.004484589211642742 74
1698169369182 0.004582815337926149 75
1698169369372 0.004379536956548691 76
1698169369574 0.004471919499337673 77
1698169369791 0.004486101679503918 78
1698169369990 0.004653795622289181 79
1698169370265 0.0044847214594483376 80
1698169370457 0.004301044158637524 81
1698169370637 0.0043259006924927235 82
1698169370815 0.004324551671743393 83
1698169371023 0.004466393031179905 84
1698169371219 0.004452023655176163 85
1698169371405 0.004367672838270664 86
1698169371605 0.004547559656202793 87
1698169371777 0.00444237794727087 88
1698169371955 0.004412443842738867 89
1698169372157 0.004302685149013996 90
1698169372329 0.0044130985625088215 91
1698169372511 0.004407883156090975 92
1698169372714 0.0044023022055625916 93
1698169372880 0.004336548037827015 94
1698169373062 0.00447989534586668 95
1698169373251 0.0042797583155334 96
1698169373422 0.0042870561592280865 97
1698169373588 0.004304467234760523 98
1698169373834 0.004255130887031555 99
