1698228738085 20077.447265625 0
1698228739844 8314.0068359375 1
1698228740240 6263.79931640625 2
1698228740633 5746.71142578125 3
1698228742096 5110.52734375 4
1698228743347 4553.9423828125 5
1698228743707 4418.57275390625 6
1698228744957 4192.8330078125 7
1698228745677 3665.307373046875 8
1698228746024 3578.08984375 9
1698228746407 3411.1904296875 10
1698228747379 3221.139404296875 11
1698228748567 3142.637451171875 12
1698228748891 3105.284423828125 13
1698228749951 2953.4658203125 14
1698228750317 2968.02587890625 15
1698228751222 2831.704345703125 16
1698228752422 2748.833740234375 17
1698228752792 2529.8759765625 18
1698228753945 2538.30078125 19
1698228755105 2571.19091796875 20
1698228755489 2418.325439453125 21
1698228756576 2406.3359375 22
1698228756927 2371.196533203125 23
1698228757289 2281.983154296875 24
1698228758504 2238.575927734375 25
1698228758850 2151.18994140625 26
1698228759185 2219.58203125 27
1698228760226 2134.666259765625 28
1698228761728 2060.04736328125 29
1698228762971 2073.5458984375 30
1698228764104 2037.228759765625 31
1698228764974 1930.1824951171875 32
1698228766168 1916.123779296875 33
1698228766824 1863.4652099609375 34
1698228767181 1890.5367431640625 35
1698228768372 1805.7373046875 36
1698228769546 1696.3170166015625 37
1698228770706 1783.3221435546875 38
1698228771955 1655.7733154296875 39
1698228772799 1636.422607421875 40
1698228773241 1603.2989501953125 41
1698228774256 1714.8587646484375 42
1698228774664 1519.7335205078125 43
1698228775049 1561.5970458984375 44
1698228775441 1557.572021484375 45
1698228776554 1486.9002685546875 46
1698228776957 1543.8372802734375 47
1698228778122 1509.6556396484375 48
1698228779356 1385.3616943359375 49
