1698171455712 0.0016672683414071798 0
1698171456479 0.00024046532053034753 1
1698171457498 0.00022078215260989964 2
1698171458830 0.0001944144896697253 3
1698171459896 0.0001569647720316425 4
1698171461049 0.00015173594874795526 5
1698171461872 0.00014168435882311314 6
1698171462515 0.00013756591943092644 7
1698171463187 0.00012947381765116006 8
1698171463999 0.00012863434676546603 9
1698171464698 0.00012076523853465915 10
1698171465434 0.00011905026622116566 11
1698171466092 0.00013174075866118073 12
1698171467116 0.00011471810285001993 13
1698171468075 0.00011445864947745577 14
1698171468781 0.00011746674135793 15
1698171469634 0.00010028155520558357 16
1698171470471 0.0001071364022209309 17
1698171471177 0.00010524873505346477 18
1698171472221 8.119748235912994e-05 19
1698171472966 0.0001011323111015372 20
1698171473613 0.00010516370093682781 21
1698171474254 9.058808063855395e-05 22
1698171474866 8.330850687343627e-05 23
1698171475647 9.561177284922451e-05 24
1698171476430 8.827313286019489e-05 25
1698171477238 8.836480265017599e-05 26
1698171478030 8.66438786033541e-05 27
1698171478743 8.127473120111972e-05 28
1698171479562 7.394955900963396e-05 29
1698171480210 7.520416693296283e-05 30
1698171480870 8.022543624974787e-05 31
1698171481528 8.39831554912962e-05 32
1698171482222 9.007928747450933e-05 33
1698171482842 6.601774657610804e-05 34
1698171483448 8.228279330069199e-05 35
1698171484099 8.707993401912972e-05 36
1698171484831 8.03451330284588e-05 37
1698171485577 8.287471428047866e-05 38
1698171486402 7.791600364726037e-05 39
1698171486999 7.914163143141195e-05 40
1698171487827 6.852330989204347e-05 41
1698171488454 8.189609070541337e-05 42
1698171489188 6.479254079749808e-05 43
1698171489853 6.585058144992217e-05 44
1698171490593 6.81052915751934e-05 45
1698171491335 7.859321340220049e-05 46
1698171491992 6.137954915175214e-05 47
1698171492667 6.705204577883705e-05 48
1698171493317 6.357456732075661e-05 49
