1698172929684 28.093692779541016 0
1698172929860 13.162559509277344 1
1698172930040 11.683711051940918 2
1698172930204 10.273835182189941 3
1698172930380 10.732405662536621 4
1698172930560 9.8663330078125 5
1698172930738 9.93599796295166 6
1698172930911 9.709409713745117 7
1698172931077 10.08798885345459 8
1698172931295 9.046656608581543 9
1698172931465 9.437922477722168 10
1698172931634 9.225372314453125 11
1698172931815 9.753107070922852 12
1698172931988 8.978715896606445 13
1698172932160 9.120641708374023 14
1698172932401 8.871545791625977 15
1698172932617 9.071125984191895 16
1698172932789 8.783076286315918 17
1698172933000 8.638599395751953 18
1698172933259 8.400243759155273 19
1698172933519 8.387642860412598 20
1698172933707 8.25419807434082 21
1698172933875 8.787074089050293 22
1698172934050 8.28271198272705 23
1698172934224 8.514406204223633 24
1698172934396 8.14650821685791 25
1698172934565 7.923004150390625 26
1698172934776 7.957826137542725 27
1698172935040 8.005865097045898 28
1698172935217 7.785032749176025 29
1698172935380 7.950037479400635 30
1698172935554 8.025842666625977 31
1698172935721 7.86259126663208 32
1698172935891 7.8374433517456055 33
1698172936061 7.518449306488037 34
1698172936279 7.838029861450195 35
1698172936461 7.7592010498046875 36
1698172936618 7.61493444442749 37
1698172936788 7.609445095062256 38
1698172936958 7.694174766540527 39
1698172937129 7.420032978057861 40
1698172937295 7.491905212402344 41
1698172937463 7.54933500289917 42
1698172937632 7.291128635406494 43
1698172937805 7.180867671966553 44
1698172937976 7.8488545417785645 45
1698172938149 7.205173969268799 46
1698172938315 7.273730754852295 47
1698172938485 7.25674295425415 48
1698172938654 7.1117377281188965 49
