1698229863889 200.6307830810547 0
1698229864126 192.181884765625 1
1698229864352 190.6304931640625 2
1698229864619 184.56787109375 3
1698229864876 178.17196655273438 4
1698229865128 173.8629913330078 5
1698229865368 166.86990356445312 6
1698229865618 162.99288940429688 7
1698229865868 154.48782348632812 8
1698229866118 153.71534729003906 9
1698229866369 145.65240478515625 10
1698229866612 144.3144073486328 11
1698229866847 137.45225524902344 12
1698229867098 134.82315063476562 13
1698229867365 130.46604919433594 14
1698229867927 127.08885192871094 15
1698229868199 124.26292419433594 16
1698229868418 117.00780487060547 17
1698229868683 117.05524444580078 18
1698229868933 111.30992889404297 19
1698229869188 111.66253662109375 20
1698229869446 105.42689514160156 21
1698229869729 104.68717193603516 22
1698229869981 101.61795043945312 23
1698229870238 95.25869750976562 24
1698229870503 93.83360290527344 25
1698229870762 90.30449676513672 26
1698229871029 88.08150482177734 27
1698229871268 88.19758605957031 28
1698229871520 86.09489440917969 29
1698229871791 83.0707778930664 30
1698229872037 79.88893127441406 31
1698229872279 80.38428497314453 32
1698229872815 76.9969482421875 33
1698229873057 77.04375457763672 34
1698229873348 75.15982055664062 35
1698229873592 72.28137969970703 36
1698229873851 71.50114440917969 37
1698229874090 71.15935516357422 38
1698229874335 69.48126983642578 39
1698229874592 71.30422973632812 40
1698229874827 69.25887298583984 41
1698229875077 67.65019989013672 42
1698229875323 66.38793182373047 43
1698229875559 64.96080780029297 44
1698229875803 63.69270706176758 45
1698229876063 63.970333099365234 46
1698229876305 63.11659240722656 47
1698229876555 62.356483459472656 48
1698229876809 63.281822204589844 49
