1698174755831 43.23600387573242 0
1698174756169 16.318317413330078 1
1698174756538 15.20746898651123 2
1698174756877 14.157636642456055 3
1698174757220 13.290959358215332 4
1698174757568 12.616521835327148 5
1698174757910 12.510009765625 6
1698174758245 12.187551498413086 7
1698174758615 12.306757926940918 8
1698174759000 12.348396301269531 9
1698174759344 10.970588684082031 10
1698174759815 10.973133087158203 11
1698174760227 11.33507251739502 12
1698174760551 10.201250076293945 13
1698174760900 11.5795259475708 14
1698174761226 10.842893600463867 15
1698174761593 10.416296005249023 16
1698174761932 9.85416030883789 17
1698174762299 9.82429027557373 18
1698174762637 9.843029022216797 19
1698174762982 9.520316123962402 20
1698174763320 9.394046783447266 21
1698174763655 9.361764907836914 22
1698174764020 9.4745512008667 23
1698174764389 9.35307788848877 24
1698174764727 9.373665809631348 25
1698174765086 9.353979110717773 26
1698174765435 9.195759773254395 27
1698174765768 8.368448257446289 28
1698174766137 9.208626747131348 29
1698174766499 9.060286521911621 30
1698174766834 9.438891410827637 31
1698174767221 9.11967658996582 32
1698174767570 9.480708122253418 33
1698174767969 9.373096466064453 34
1698174768344 8.600642204284668 35
1698174768754 9.798547744750977 36
1698174769160 8.935199737548828 37
1698174769711 8.952134132385254 38
1698174770090 8.83913803100586 39
1698174770504 8.333641052246094 40
1698174770866 8.474909782409668 41
1698174771239 8.720046997070312 42
1698174771800 8.504263877868652 43
1698174772204 8.266044616699219 44
1698174772602 8.587955474853516 45
1698174772985 8.070138931274414 46
1698174773366 8.401885032653809 47
1698174773850 9.050421714782715 48
1698174774214 8.26064395904541 49
