1698177002907 0.012878090143203735 0
1698177003281 0.005987776443362236 1
1698177003635 0.004412015434354544 2
1698177003981 0.0042447797022759914 3
1698177004487 0.0036878709215670824 4
1698177004838 0.004411740228533745 5
1698177005362 0.0036051785573363304 6
1698177005789 0.004141125362366438 7
1698177006175 0.0035685936454683542 8
1698177006547 0.0031334692612290382 9
1698177006875 0.003152668010443449 10
1698177007212 0.002960077952593565 11
1698177007585 0.0027074022218585014 12
1698177007972 0.0034595441538840532 13
1698177008315 0.0032915971241891384 14
1698177008668 0.003059650305658579 15
1698177009046 0.003328138729557395 16
1698177009403 0.002657797420397401 17
1698177009755 0.001997520914301276 18
1698177010112 0.0030564868357032537 19
1698177010485 0.0027562868781387806 20
1698177010864 0.0023571369238197803 21
1698177011203 0.002916596597060561 22
1698177011578 0.0024137564469128847 23
1698177011958 0.0025547544937580824 24
1698177012318 0.002220285590738058 25
1698177012687 0.0019434788264334202 26
1698177013040 0.002087750704959035 27
1698177013451 0.0017673794645816088 28
1698177013803 0.002578587969765067 29
1698177014206 0.001993696205317974 30
1698177014556 0.0021103909239172935 31
1698177015147 0.002411553403362632 32
1698177015602 0.0019994364120066166 33
1698177016026 0.0017436137422919273 34
1698177016535 0.0018801921978592873 35
1698177017087 0.001961223315447569 36
1698177017534 0.001967203337699175 37
1698177017921 0.0022437507286667824 38
1698177018300 0.002047190209850669 39
1698177018829 0.002028323942795396 40
1698177019385 0.0017510937759652734 41
1698177019869 0.002514945575967431 42
1698177020373 0.0018654875457286835 43
1698177020920 0.0017176346154883504 44
1698177021317 0.001663096947595477 45
1698177021756 0.0016390002565458417 46
1698177022205 0.0019527376862242818 47
1698177022606 0.0019016547594219446 48
1698177022982 0.001924936892464757 49
