1698185958378 5.5395894050598145 0
1698185958483 1.0882713794708252 1
1698185958591 1.2816482782363892 2
1698185958695 1.1172517538070679 3
1698185958813 1.0429630279541016 4
1698185958918 0.8811205625534058 5
1698185959145 0.8824928402900696 6
1698185959255 0.8929677605628967 7
1698185959379 0.7036256194114685 8
1698185959489 0.7595778703689575 9
1698185959595 0.7498791217803955 10
1698185959733 0.8756815791130066 11
1698185959852 0.7904751896858215 12
1698185959966 0.8655415177345276 13
1698185960082 0.9356094002723694 14
1698185960198 0.7097297310829163 15
1698185960302 0.756157398223877 16
1698185960409 0.7392780184745789 17
1698185960514 0.7849958539009094 18
1698185960617 0.6942157745361328 19
1698185960733 0.646527111530304 20
1698185960869 0.7156986594200134 21
1698185960984 0.8236052393913269 22
1698185961103 0.6469376087188721 23
1698185961208 0.659587025642395 24
1698185961312 0.8650702238082886 25
1698185961428 0.6247471570968628 26
1698185961539 0.7373271584510803 27
1698185961648 0.6915761232376099 28
1698185961783 0.6935668587684631 29
1698185961897 0.6887497901916504 30
1698185962016 0.812940776348114 31
1698185962123 0.6408166289329529 32
1698185962227 0.6860796809196472 33
1698185962334 0.7316333651542664 34
1698185962441 0.7137230634689331 35
1698185962548 0.672267496585846 36
1698185962654 0.7228153944015503 37
1698185962780 0.5740103721618652 38
1698185962907 0.6322327852249146 39
1698185963014 0.6934599280357361 40
1698185963122 0.6896322965621948 41
1698185963227 0.682180643081665 42
1698185963350 0.8009114861488342 43
1698185963475 0.6715971231460571 44
1698185963588 0.6235478520393372 45
1698185963705 0.5612531900405884 46
1698185963823 0.660881519317627 47
1698185963930 0.6681894063949585 48
1698185964037 0.6693856120109558 49
