1698153596616 177.33193969726562 0
1698153597050 122.77729034423828 1
1698153597504 104.79180145263672 2
1698153597951 101.84375762939453 3
1698153598358 97.58260345458984 4
1698153598809 94.52561950683594 5
1698153599285 87.60153198242188 6
1698153599784 83.73384857177734 7
1698153600266 77.93317413330078 8
1698153600912 80.07422637939453 9
1698153601436 73.43484497070312 10
1698153601882 66.63079833984375 11
1698153602415 65.01488494873047 12
1698153602788 63.20820999145508 13
1698153603173 63.72709655761719 14
1698153603587 69.88499450683594 15
1698153603919 61.402984619140625 16
1698153604320 59.950965881347656 17
1698153604820 56.718997955322266 18
1698153605320 60.975921630859375 19
1698153605832 55.90315628051758 20
1698153606231 63.253883361816406 21
1698153606663 56.08056640625 22
1698153607064 58.68450927734375 23
1698153607677 52.95949935913086 24
1698153608115 51.825958251953125 25
1698153608638 60.681034088134766 26
