1698173474768 9613.05078125 0
1698173475262 12707.431640625 1
1698173475688 9390.7021484375 2
1698173476081 7426.95556640625 3
1698173476522 5555.52978515625 4
1698173477046 3191.909912109375 5
1698173477520 5287.9599609375 6
1698173477939 11598.3994140625 7
1698173478306 4915.6396484375 8
1698173478804 9581.1572265625 9
1698173479232 8766.009765625 10
1698173479823 7953.119140625 11
1698173480188 10482.060546875 12
1698173480572 5802.826171875 13
1698173480936 8007.26513671875 14
1698173481305 2575.59765625 15
1698173481701 9691.6953125 16
1698173482071 3797.812255859375 17
1698173482458 12384.5390625 18
1698173482833 5729.24853515625 19
1698173483197 8539.00390625 20
1698173483593 3964.21337890625 21
1698173483954 2390.708984375 22
1698173484320 8586.21484375 23
1698173484715 3881.901123046875 24
1698173485103 2695.248046875 25
1698173485477 6056.4423828125 26
1698173485843 347.919677734375 27
1698173486201 12501.20703125 28
1698173486589 5513.35009765625 29
1698173486962 8189.08935546875 30
1698173487467 11395.4501953125 31
1698173487866 1498.1134033203125 32
1698173488358 10501.9599609375 33
1698173488875 10574.748046875 34
1698173489318 3618.216796875 35
1698173489758 1125.3526611328125 36
1698173490208 139.46279907226562 37
1698173490756 4517.33349609375 38
1698173491173 10654.3779296875 39
1698173491574 6154.76953125 40
1698173491996 4506.10107421875 41
1698173492462 4922.119140625 42
1698173492995 512.4998168945312 43
1698173493401 9519.0361328125 44
1698173493812 3218.41357421875 45
1698173494226 7448.69921875 46
1698173494647 1546.734619140625 47
1698173495256 5540.66943359375 48
1698173495734 3313.928466796875 49
