1698178655862 0.02294842340052128 0
1698178656001 0.002956435550004244 1
1698178656136 0.002306133508682251 2
1698178656267 0.0022728180047124624 3
1698178656396 0.0018621693598106503 4
1698178656534 0.0017534777289256454 5
1698178656684 0.001518924837000668 6
1698178656803 0.0014912572223693132 7
1698178656934 0.0014857574133202434 8
1698178657063 0.0014959514373913407 9
1698178657199 0.0016321399016305804 10
1698178657328 0.0013264293083921075 11
1698178657466 0.0011833148309960961 12
1698178657616 0.0012543608900159597 13
1698178657747 0.00127421657089144 14
1698178657877 0.0014244463527575135 15
1698178658007 0.0011600623838603497 16
1698178658136 0.0010953289456665516 17
1698178658270 0.0010511352447792888 18
1698178658403 0.0010257218964397907 19
1698178658531 0.001381952315568924 20
1698178658685 0.0012219849741086364 21
1698178658820 0.001215170486830175 22
1698178658953 0.001061074435710907 23
1698178659099 0.0010616087820380926 24
1698178659252 0.0010848726378753781 25
1698178659406 0.0011086417362093925 26
1698178659542 0.0010033067082986236 27
1698178659671 0.0008724971557967365 28
1698178659788 0.0009273660834878683 29
1698178659913 0.0009715048945508897 30
1698178660036 0.001151414355263114 31
1698178660159 0.0009481487213633955 32
1698178660281 0.001139127998612821 33
1698178660407 0.0009021707810461521 34
1698178660529 0.0008630505762994289 35
1698178660675 0.0009181421482935548 36
1698178660807 0.0011511137709021568 37
1698178660946 0.0010626263683661819 38
1698178661076 0.0009764462010934949 39
1698178661198 0.0010177348740398884 40
1698178661323 0.0011384965619072318 41
1698178661453 0.0009088736842386425 42
1698178661581 0.0009224077803082764 43
1698178661714 0.0010007236851379275 44
1698178661844 0.0010055016027763486 45
1698178661972 0.0010144743137061596 46
1698178662088 0.0010246166493743658 47
1698178662213 0.0008721563499420881 48
1698178662340 0.0009833001531660557 49
