1698178655862 28448.693359375 0
1698178656001 6731.91259765625 1
1698178656136 643.5526733398438 2
1698178656267 3816.85693359375 3
1698178656396 8448.5556640625 4
1698178656534 3000.44091796875 5
1698178656684 8077.875 6
1698178656803 3255.5576171875 7
1698178656934 12223.5166015625 8
1698178657063 3435.316162109375 9
1698178657199 102.94673919677734 10
1698178657328 7504.52685546875 11
1698178657466 10118.8505859375 12
1698178657616 13867.0751953125 13
1698178657747 10749.7529296875 14
1698178657877 7303.94921875 15
1698178658007 6067.15283203125 16
1698178658136 15214.55859375 17
1698178658270 12734.8232421875 18
1698178658403 6954.6171875 19
1698178658531 10511.7333984375 20
1698178658685 12028.4609375 21
1698178658820 5122.27978515625 22
1698178658953 2232.513427734375 23
1698178659099 2500.095947265625 24
1698178659252 11745.787109375 25
1698178659406 1462.0015869140625 26
1698178659542 7772.9208984375 27
1698178659671 4353.19775390625 28
1698178659788 1079.9774169921875 29
1698178659913 4592.53173828125 30
1698178660036 6190.79150390625 31
1698178660159 5472.76806640625 32
1698178660281 7088.640625 33
1698178660407 17017.9296875 34
1698178660529 8017.71435546875 35
1698178660675 1572.5006103515625 36
1698178660807 3605.859130859375 37
1698178660946 566.313232421875 38
1698178661076 18830.119140625 39
1698178661198 6138.4267578125 40
1698178661323 13688.091796875 41
1698178661453 1252.7481689453125 42
1698178661581 300.6592102050781 43
1698178661714 16703.12109375 44
1698178661844 2455.927490234375 45
1698178661972 19969.267578125 46
1698178662088 8669.451171875 47
1698178662213 14941.3291015625 48
1698178662340 13175.10546875 49
