1698180289617 0.26321908831596375 0
1698180289803 0.10154567658901215 1
1698180289987 0.07744643092155457 2
1698180290157 0.07710883021354675 3
1698180290351 0.07771608978509903 4
1698180290552 0.06281129270792007 5
1698180290731 0.06151886284351349 6
1698180290914 0.057907700538635254 7
1698180291096 0.05716226249933243 8
1698180291277 0.05022071674466133 9
1698180291457 0.048513565212488174 10
1698180291638 0.04184529930353165 11
1698180291824 0.048411037772893906 12
1698180292020 0.050971515476703644 13
1698180292206 0.041615236550569534 14
1698180292396 0.037107955664396286 15
1698180292592 0.04106208682060242 16
1698180292776 0.039905961602926254 17
1698180292984 0.03583568334579468 18
1698180293170 0.03277481719851494 19
1698180293380 0.033873286098241806 20
1698180293602 0.038872815668582916 21
1698180293795 0.03720664605498314 22
1698180293985 0.03437044471502304 23
1698180294185 0.03569735586643219 24
1698180294426 0.0359625481069088 25
1698180294627 0.034370120614767075 26
1698180294826 0.036843735724687576 27
1698180295027 0.04093648120760918 28
1698180295283 0.03094998188316822 29
1698180295486 0.037234075367450714 30
1698180295676 0.0326409675180912 31
1698180295865 0.031566306948661804 32
1698180296048 0.030037347227334976 33
1698180296247 0.026501784101128578 34
1698180296435 0.025983018800616264 35
1698180296624 0.030459297820925713 36
1698180296807 0.035493433475494385 37
1698180297001 0.023960644379258156 38
1698180297191 0.031320393085479736 39
1698180297380 0.029865048825740814 40
1698180297568 0.0323440320789814 41
1698180297756 0.02982637658715248 42
1698180297958 0.02599864825606346 43
1698180298140 0.03442569449543953 44
1698180298326 0.030463745817542076 45
1698180298534 0.0322236493229866 46
1698180298759 0.02621276304125786 47
1698180298953 0.02991902269423008 48
1698180299166 0.028051940724253654 49
