1698154438794 0.03278568387031555 0
1698154439779 0.011645129881799221 1
1698154440706 0.008001811802387238 2
1698154441672 0.006085993722081184 3
1698154442644 0.00489430595189333 4
1698154443599 0.004350465256720781 5
1698154444564 0.0040433527901768684 6
1698154445499 0.0036454577930271626 7
1698154446366 0.0035171478521078825 8
1698154447227 0.003410253906622529 9
1698154448080 0.0033324644900858402 10
1698154448956 0.0033482310827821493 11
1698154449973 0.0032748589292168617 12
1698154450937 0.003126933239400387 13
1698154451817 0.0032944383565336466 14
1698154452672 0.0032680300064384937 15
1698154453531 0.0032559505198150873 16
1698154454535 0.0033606351353228092 17
1698154455420 0.0033619371242821217 18
