1698156775849 0.07655294984579086 0
1698156777142 0.05175260081887245 1
1698156778757 0.03863757476210594 2
1698156780285 0.030471637845039368 3
1698156782055 0.02268465980887413 4
1698156783438 0.020128071308135986 5
1698156784771 0.017902320250868797 6
1698156786286 0.016395609825849533 7
1698156787516 0.014820054173469543 8
1698156788801 0.01350303553044796 9
1698156790266 0.012200361117720604 10
1698156791492 0.011433032341301441 11
1698156792814 0.010576962493360043 12
1698156794193 0.009711583144962788 13
1698156795937 0.009326429106295109 14
1698156797170 0.008894558995962143 15
1698156798420 0.008312071673572063 16
1698156800130 0.008169109933078289 17
1698156801338 0.0077531770803034306 18
1698156802556 0.007473594043403864 19
1698156803746 0.007143982220441103 20
1698156804978 0.006990327034145594 21
1698156806155 0.006719210650771856 22
1698156807366 0.0065519437193870544 23
1698156808757 0.006329130381345749 24
1698156810006 0.006146718747913837 25
1698156811385 0.005850011948496103 26
1698156812651 0.005672933533787727 27
1698156813949 0.005471095908433199 28
1698156815197 0.005406266078352928 29
1698156816450 0.005273579154163599 30
1698156817969 0.0049999309703707695 31
1698156819185 0.0050745573826134205 32
1698156820464 0.004922097083181143 33
1698156821699 0.005095537751913071 34
