1698154544853 51.74294662475586 0
1698154545470 34.70402908325195 1
1698154546074 27.18858528137207 2
1698154546832 26.05703353881836 3
1698154547471 24.190507888793945 4
1698154548238 22.628803253173828 5
1698154548783 22.760282516479492 6
1698154549388 22.517873764038086 7
1698154549965 20.907882690429688 8
1698154550540 21.577476501464844 9
1698154551197 20.517566680908203 10
1698154551749 19.738393783569336 11
1698154552418 20.847618103027344 12
1698154552997 19.629962921142578 13
1698154553652 19.793399810791016 14
1698154554410 19.523452758789062 15
1698154555026 19.109020233154297 16
1698154555687 19.275598526000977 17
1698154556299 18.805112838745117 18
1698154556928 18.89309310913086 19
1698154557629 18.381229400634766 20
1698154558289 17.932889938354492 21
1698154558915 18.193681716918945 22
1698154559869 17.77760124206543 23
1698154560506 17.814664840698242 24
1698154561187 17.89236831665039 25
1698154561885 18.095561981201172 26
1698154562792 17.687253952026367 27
1698154563510 17.447837829589844 28
1698154564126 17.20211410522461 29
1698154564825 17.285377502441406 30
1698154565566 17.070905685424805 31
1698154566200 16.93785285949707 32
1698154566809 16.76744842529297 33
1698154567520 17.214570999145508 34
1698154568152 16.506975173950195 35
1698154568890 16.12645721435547 36
1698154569533 16.257173538208008 37
1698154570147 16.192184448242188 38
1698154571036 16.349451065063477 39
1698154571832 16.594406127929688 40
1698154572554 17.063600540161133 41
1698154573253 16.2464599609375 42
1698154573833 16.627883911132812 43
1698154574355 15.887788772583008 44
