1698228155822 0.026497026905417442 0
1698228156224 0.007678809575736523 1
1698228156677 0.006032207980751991 2
1698228157133 0.004727094899863005 3
1698228157572 0.0042284755036234856 4
1698228158010 0.0037267273291945457 5
1698228159797 0.003656418062746525 6
1698228161556 0.003465017070993781 7
1698228163017 0.0035836296156048775 8
1698228164450 0.0028846622444689274 9
1698228166069 0.002889501629397273 10
1698228167353 0.0029044088441878557 11
1698228168465 0.0028635007329285145 12
1698228168924 0.002772390143945813 13
1698228170112 0.0023521773982793093 14
1698228170559 0.002802520524710417 15
1698228170997 0.0024099592119455338 16
1698228171421 0.0023642005398869514 17
1698228172431 0.0023753345012664795 18
1698228173682 0.002272004494443536 19
1698228175019 0.002279323758557439 20
1698228176243 0.002219738205894828 21
1698228177176 0.002133409259840846 22
1698228177640 0.002013967838138342 23
1698228178068 0.0020057791844010353 24
1698228178530 0.0019396760035306215 25
1698228179602 0.0020249139051884413 26
1698228180068 0.002200240967795253 27
1698228180481 0.0019036188023164868 28
1698228180872 0.0017313557909801602 29
1698228181798 0.0018860974814742804 30
1698228182847 0.0018810214241966605 31
1698228183897 0.0019138490315526724 32
1698228184287 0.0017980438424274325 33
1698228184681 0.0017265145434066653 34
1698228185087 0.0018011629581451416 35
1698228185956 0.001857880735769868 36
1698228186962 0.0015646028332412243 37
1698228187336 0.0018460487481206656 38
1698228188338 0.0018008144106715918 39
1698228189194 0.0017378494376316667 40
1698228189659 0.001832291018217802 41
1698228190670 0.001743765315040946 42
1698228191637 0.0015801121480762959 43
1698228192066 0.0015838963445276022 44
1698228192887 0.0016891664126887918 45
1698228193324 0.001549601904116571 46
1698228194542 0.0015423480654135346 47
1698228195093 0.001575995935127139 48
1698228196149 0.0014002658426761627 49
