1698228155822 74183.2734375 0
1698228156224 29289.28515625 1
1698228156677 23889.98046875 2
1698228157133 20779.55078125 3
1698228157572 25429.6171875 4
1698228158010 23662.625 5
1698228159797 15150.2919921875 6
1698228161556 10207.9443359375 7
1698228163017 18207.90234375 8
1698228164450 23764.61328125 9
1698228166069 17793.482421875 10
1698228167353 14127.037109375 11
1698228168465 21404.802734375 12
1698228168924 18138.7109375 13
1698228170112 11152.6826171875 14
1698228170559 13051.7119140625 15
1698228170997 16379.2900390625 16
1698228171421 17870.296875 17
1698228172431 16339.0029296875 18
1698228173682 18565.6328125 19
1698228175019 14370.5556640625 20
1698228176243 14422.8994140625 21
1698228177176 25911.62890625 22
1698228177640 15158.0537109375 23
1698228178068 14425.4560546875 24
1698228178530 20754.103515625 25
1698228179602 17781.197265625 26
1698228180068 12554.5849609375 27
1698228180481 18179.646484375 28
1698228180872 16663.716796875 29
1698228181798 16579.240234375 30
1698228182847 10844.298828125 31
1698228183897 15739.828125 32
1698228184287 17810.232421875 33
1698228184681 17749.78515625 34
1698228185087 20145.958984375 35
1698228185956 22559.359375 36
1698228186962 14813.5615234375 37
1698228187336 20144.158203125 38
1698228188338 17820.568359375 39
1698228189194 14436.7607421875 40
1698228189659 23164.109375 41
1698228190670 16095.0869140625 42
1698228191637 20252.673828125 43
1698228192066 9901.6884765625 44
1698228192887 23128.6171875 45
1698228193324 24943.07421875 46
1698228194542 13366.9970703125 47
1698228195093 16720.75390625 48
1698228196149 18626.18359375 49
