1698162018204 0.0736638754606247 0
1698162019091 0.054313868284225464 1
1698162019941 0.03486388549208641 2
1698162020832 0.027207382023334503 3
1698162021586 0.023172585293650627 4
1698162022456 0.020394697785377502 5
1698162023388 0.01883181743323803 6
1698162024210 0.017738521099090576 7
1698162025149 0.01709560677409172 8
1698162025924 0.016287874430418015 9
1698162026937 0.015694139525294304 10
1698162027846 0.015018697828054428 11
1698162028893 0.014430985786020756 12
1698162029772 0.013901665806770325 13
1698162030643 0.013377625495195389 14
1698162031476 0.012858686968684196 15
1698162032671 0.012499737553298473 16
1698162033757 0.012050461024045944 17
1698162034743 0.01158828753978014 18
1698162035621 0.011079744435846806 19
1698162036457 0.01082258578389883 20
1698162037367 0.01057862862944603 21
1698162038187 0.010240967385470867 22
1698162038981 0.010134633630514145 23
1698162039886 0.009764367714524269 24
1698162040639 0.009522229433059692 25
1698162041368 0.009286877699196339 26
1698162042196 0.009147081524133682 27
1698162042952 0.008917056955397129 28
1698162043780 0.008818072266876698 29
1698162044653 0.008677766658365726 30
1698162045361 0.008614961057901382 31
1698162046141 0.008448364213109016 32
1698162046907 0.008279782719910145 33
1698162047654 0.008177142590284348 34
1698162048355 0.00800896342843771 35
1698162049076 0.0079162223264575 36
1698162049878 0.007757432758808136 37
1698162050665 0.0077341836877167225 38
1698162051447 0.007662571966648102 39
1698162052431 0.007468266412615776 40
1698162053439 0.007416468113660812 41
1698162054315 0.007300413679331541 42
1698162055108 0.0071753268130123615 43
1698162055986 0.00709570711478591 44
1698162056750 0.006959998048841953 45
1698162057614 0.00689628254622221 46
1698162058378 0.006718471646308899 47
1698162059093 0.006655402481555939 48
1698162059794 0.006626995280385017 49
1698162060612 0.006485204678028822 50
1698162061425 0.00637668976560235 51
1698162062184 0.006441886071115732 52
1698162062905 0.00631059892475605 53
1698162063910 0.00625449325889349 54
1698162064807 0.006263235118240118 55
1698162065662 0.006042012944817543 56
1698162066736 0.006054176017642021 57
1698162067662 0.0059665171429514885 58
1698162068728 0.005903057288378477 59
1698162069945 0.0058344267308712006 60
