1698162018204 2110.058837890625 0
1698162019091 40227.4453125 1
1698162019941 85938.828125 2
1698162020832 71994.6796875 3
1698162021586 65688.375 4
1698162022456 57315.12890625 5
1698162023388 64986.72265625 6
1698162024210 66442.1328125 7
1698162025149 81934.9921875 8
1698162025924 72250.0546875 9
1698162026937 66875.8125 10
1698162027846 61500.73046875 11
1698162028893 67291.65625 12
1698162029772 68315.5 13
1698162030643 69066.125 14
1698162031476 67488.2109375 15
1698162032671 67948.671875 16
1698162033757 72681.0234375 17
1698162034743 63661.80078125 18
1698162035621 66766.703125 19
1698162036457 74655.6328125 20
1698162037367 65519.265625 21
1698162038187 60668.61328125 22
1698162038981 62757.96484375 23
1698162039886 62435.02734375 24
1698162040639 66959.8984375 25
1698162041368 61017.609375 26
1698162042196 71831.328125 27
1698162042952 79563.46875 28
1698162043780 62626.58203125 29
1698162044653 65364.01953125 30
1698162045361 56883.08984375 31
1698162046141 68582.96875 32
1698162046907 68415.3046875 33
1698162047654 59191.9609375 34
1698162048355 62278.0390625 35
1698162049076 52765.8359375 36
1698162049878 60772.44921875 37
1698162050665 70691.8125 38
1698162051447 67942.84375 39
1698162052431 64837.70703125 40
1698162053439 60892.5 41
1698162054315 61274.2421875 42
1698162055108 67972.2109375 43
1698162055986 61293.2890625 44
1698162056750 53895.015625 45
1698162057614 63900.5703125 46
1698162058378 55255.4921875 47
1698162059093 68090.25 48
1698162059794 63623.03515625 49
1698162060612 62651.5234375 50
1698162061425 70425.1796875 51
1698162062184 55712.12109375 52
1698162062905 61150.94921875 53
1698162063910 60652.10546875 54
1698162064807 52455.95703125 55
1698162065662 73415.4375 56
1698162066736 60293.78125 57
1698162067662 54525.3125 58
1698162068728 64519.67578125 59
1698162069945 49546.9453125 60
