1698183850747 0.006623270455747843 0
1698183850903 0.0029246192425489426 1
1698183851068 0.0021424933802336454 2
1698183851254 0.002358690369874239 3
1698183851459 0.0018868529004976153 4
1698183851669 0.002163030905649066 5
1698183851839 0.001908934791572392 6
1698183852010 0.0018098840955644846 7
1698183852196 0.0017035865457728505 8
1698183852384 0.0014479742385447025 9
1698183852690 0.001643741736188531 10
1698183852887 0.0014802211662754416 11
1698183853060 0.0014977906830608845 12
1698183853227 0.0013392301043495536 13
1698183853379 0.001300312695093453 14
1698183853564 0.0014046187279745936 15
1698183853742 0.0013130279257893562 16
1698183853934 0.001382368733175099 17
1698183854093 0.0012058346765115857 18
1698183854279 0.0014550545020028949 19
1698183854453 0.0014298396417871118 20
1698183854621 0.0012164176441729069 21
1698183854799 0.0012677572667598724 22
1698183854989 0.0011154646053910255 23
1698183855166 0.0011845888802781701 24
1698183855322 0.0010504291858524084 25
1698183855489 0.0011827880516648293 26
1698183855673 0.001104688155464828 27
1698183855840 0.0011190716177225113 28
1698183856005 0.0011694015702232718 29
1698183856170 0.001031434047035873 30
1698183856339 0.001173808122985065 31
1698183856515 0.0011585616739466786 32
1698183856688 0.0011480165412649512 33
1698183856842 0.0011725369840860367 34
1698183857005 0.0009040049626491964 35
1698183857171 0.0011883469996973872 36
1698183857341 0.0010972729651257396 37
1698183857517 0.001022954354993999 38
1698183857681 0.0010807631770148873 39
1698183857844 0.0009980612667277455 40
1698183858007 0.0011032057227566838 41
1698183858172 0.001060134032741189 42
1698183858337 0.0009739571833051741 43
1698183858501 0.0008571854559704661 44
1698183858674 0.0010237189708277583 45
1698183858845 0.0009031373774632812 46
1698183859012 0.000869959476403892 47
1698183859188 0.0009279816295020282 48
1698183859354 0.0008439873345196247 49
