1698187111884 83.13007354736328 0
1698187112723 41.53044509887695 1
1698187113522 18.9250431060791 2
1698187114349 18.06977081298828 3
1698187115172 16.290102005004883 4
1698187115970 17.41057014465332 5
1698187116767 16.620403289794922 6
1698187117594 16.923988342285156 7
1698187118433 16.896623611450195 8
1698187119226 15.901220321655273 9
1698187120131 16.40045928955078 10
1698187121010 15.903470993041992 11
1698187121919 16.434703826904297 12
1698187122825 15.836817741394043 13
1698187123718 15.820893287658691 14
1698187124518 15.669647216796875 15
1698187125326 15.506291389465332 16
1698187126135 14.6660737991333 17
1698187126929 15.023486137390137 18
1698187127743 15.082043647766113 19
1698187128568 14.655609130859375 20
1698187129388 14.469927787780762 21
1698187130206 14.809036254882812 22
1698187131000 14.667335510253906 23
1698187131815 14.56480598449707 24
1698187132625 14.293832778930664 25
1698187133455 13.682989120483398 26
1698187134277 13.488567352294922 27
1698187135238 13.566337585449219 28
1698187136048 13.526411056518555 29
1698187136957 13.495695114135742 30
1698187137858 13.658482551574707 31
1698187138705 13.283260345458984 32
1698187139522 13.640583992004395 33
1698187140331 13.094281196594238 34
1698187141159 12.83657169342041 35
1698187141960 13.27655029296875 36
1698187142762 13.101340293884277 37
1698187143595 12.642154693603516 38
1698187144423 12.535520553588867 39
1698187145229 13.042832374572754 40
1698187146034 12.942962646484375 41
1698187146859 12.192645072937012 42
1698187147682 12.994019508361816 43
1698187148515 13.187744140625 44
1698187149468 12.38235092163086 45
1698187150383 13.053791999816895 46
1698187151273 12.63856029510498 47
1698187152152 12.224404335021973 48
1698187153072 12.826311111450195 49
