1698176525098 0.018747836351394653 0
1698176525228 0.003512634662911296 1
1698176525400 0.0026554460637271404 2
1698176525557 0.002036796184256673 3
1698176525684 0.002216543070971966 4
1698176525821 0.00216128071770072 5
1698176525943 0.0019576314371079206 6
1698176526090 0.0019682147540152073 7
1698176526245 0.0017695982242003083 8
1698176526378 0.002107570180669427 9
1698176526509 0.0016287059988826513 10
1698176526662 0.0018328502774238586 11
1698176526789 0.001857164315879345 12
1698176526912 0.0015253404853865504 13
1698176527047 0.001423270208761096 14
1698176527171 0.0018965140916407108 15
1698176527313 0.0017716871807351708 16
1698176527427 0.0015448357444256544 17
1698176527538 0.0017027665162459016 18
