1698178534749 30599.703125 0
1698178534875 1529.2186279296875 1
1698178534996 18253.755859375 2
1698178535107 241.22735595703125 3
1698178535237 7175.79345703125 4
1698178535363 2789.2138671875 5
1698178535479 6903.3916015625 6
1698178535603 1459.6439208984375 7
1698178535733 10363.11328125 8
1698178535858 7075.4423828125 9
1698178535983 9638.8994140625 10
1698178536122 5912.927734375 11
1698178536262 9128.1494140625 12
1698178536402 13218.376953125 13
1698178536526 5050.11279296875 14
1698178536651 4546.458984375 15
1698178536763 9673.640625 16
1698178536888 8991.271484375 17
1698178537000 2784.137939453125 18
1698178537120 18105.3984375 19
1698178537243 770.6644897460938 20
1698178537383 12030.14453125 21
1698178537505 4830.53857421875 22
1698178537617 9874.8955078125 23
1698178537742 470.9907531738281 24
1698178537856 9169.4052734375 25
1698178537967 11042.7490234375 26
1698178538089 15805.455078125 27
1698178538273 7416.6875 28
1698178538407 9178.29296875 29
1698178538534 1214.4053955078125 30
1698178538659 15963.498046875 31
1698178538782 10141.478515625 32
1698178538955 1363.9061279296875 33
1698178539071 7154.59716796875 34
1698178539191 1430.73291015625 35
1698178539326 4378.9736328125 36
1698178539449 304.2845153808594 37
1698178539626 3143.63720703125 38
1698178539763 4864.68896484375 39
1698178539879 12811.5869140625 40
1698178539999 16920.693359375 41
1698178540114 5099.54052734375 42
1698178540235 3620.114501953125 43
1698178540375 3180.385498046875 44
1698178540513 895.03759765625 45
1698178540653 5114.02490234375 46
1698178540775 7132.10498046875 47
1698178540902 7852.48681640625 48
1698178541024 8479.3818359375 49
