1698179985523 91.3753433227539 0
1698179985658 32.59633255004883 1
1698179985791 18.121395111083984 2
1698179985933 17.720016479492188 3
1698179986086 15.515067100524902 4
1698179986236 15.547480583190918 5
1698179986375 17.04920196533203 6
1698179986512 15.187673568725586 7
1698179986639 13.087383270263672 8
1698179986778 13.587775230407715 9
1698179986908 17.170167922973633 10
1698179987053 12.766182899475098 11
1698179987188 11.90584945678711 12
1698179987321 11.79955768585205 13
1698179987456 12.48065185546875 14
1698179987612 12.532599449157715 15
1698179987774 12.353047370910645 16
1698179987945 10.99124813079834 17
1698179988111 11.72364616394043 18
1698179988270 13.420926094055176 19
1698179988410 13.319494247436523 20
1698179988552 11.796575546264648 21
1698179988694 11.284830093383789 22
1698179988867 12.701700210571289 23
1698179989017 12.420807838439941 24
1698179989159 13.29716682434082 25
1698179989327 11.430159568786621 26
1698179989468 11.999923706054688 27
1698179989648 11.208954811096191 28
1698179989817 11.103500366210938 29
1698179989961 11.003637313842773 30
1698179990104 10.786907196044922 31
1698179990249 10.83223819732666 32
1698179990394 11.149587631225586 33
1698179990536 10.267269134521484 34
1698179990669 10.679859161376953 35
1698179990828 12.20923137664795 36
1698179990976 11.254841804504395 37
1698179991141 11.185041427612305 38
1698179991296 10.558450698852539 39
1698179991442 11.36745834350586 40
1698179991581 10.487394332885742 41
1698179991724 10.931739807128906 42
1698179991866 11.228352546691895 43
1698179992006 10.855361938476562 44
1698179992149 10.69580364227295 45
1698179992292 10.907593727111816 46
1698179992435 11.573698997497559 47
1698179992583 11.03659439086914 48
1698179992729 11.164628982543945 49
