1698185385165 30.802947998046875 0
1698185385879 14.751776695251465 1
1698185386608 12.519756317138672 2
1698185387257 11.533082008361816 3
1698185387912 10.549932479858398 4
1698185388577 10.242362022399902 5
1698185389213 10.366050720214844 6
1698185389874 12.99289321899414 7
1698185390511 10.159378051757812 8
1698185391180 10.832521438598633 9
1698185391819 9.711799621582031 10
1698185392451 10.641039848327637 11
1698185393110 10.848402976989746 12
1698185393764 9.632499694824219 13
1698185394449 9.962833404541016 14
1698185395083 11.006817817687988 15
1698185395719 8.6653470993042 16
1698185396386 9.736807823181152 17
1698185397033 9.741922378540039 18
1698185397684 9.0885009765625 19
1698185398476 9.935250282287598 20
1698185399220 8.465475082397461 21
1698185399903 9.463944435119629 22
1698185400622 9.98491096496582 23
1698185401283 9.175260543823242 24
1698185402008 8.972491264343262 25
1698185402682 8.992148399353027 26
1698185403333 10.580892562866211 27
1698185403967 10.552108764648438 28
1698185404628 11.29233169555664 29
1698185405263 9.109395980834961 30
1698185405905 10.1163969039917 31
1698185406543 9.884530067443848 32
1698185407216 10.2216796875 33
1698185407853 8.440733909606934 34
1698185408516 8.917240142822266 35
1698185409133 8.450679779052734 36
1698185409795 10.251813888549805 37
1698185410433 8.767619132995605 38
1698185411104 8.39023494720459 39
1698185411830 8.821664810180664 40
1698185412497 8.5585355758667 41
1698185413239 8.255066871643066 42
1698185413959 8.758161544799805 43
1698185414706 9.937283515930176 44
1698185415438 9.333650588989258 45
1698185416078 9.37193775177002 46
1698185416713 9.294013977050781 47
1698185417359 9.253273963928223 48
1698185417996 9.00516414642334 49
