1698226354372 11836.2392578125 0
1698226356628 59191.34765625 1
1698226358816 117733.34375 2
1698226361322 143150.8125 3
1698226363814 86406.3359375 4
1698226365561 60091.0234375 5
1698226367013 43977.5546875 6
1698226368463 38080.5859375 7
1698226370574 37211.3046875 8
1698226372907 31384.08203125 9
1698226374205 29561.916015625 10
1698226376301 29944.060546875 11
1698226377707 27053.9140625 12
1698226379108 27388.29296875 13
1698226381154 26432.16796875 14
1698226382579 26859.8984375 15
1698226383991 23457.939453125 16
1698226386285 23688.0546875 17
1698226387708 23609.48828125 18
1698226389024 20227.5703125 19
1698226390569 23223.384765625 20
1698226391998 22639.59765625 21
1698226394432 25429.73046875 22
1698226396257 23843.234375 23
1698226398637 24409.794921875 24
1698226401107 25060.328125 25
1698226402536 24006.990234375 26
1698226404343 24243.40234375 27
1698226406783 19817.771484375 28
1698226408513 27064.388671875 29
1698226410221 18562.056640625 30
1698226412520 19984.41015625 31
1698226414004 20499.775390625 32
1698226416335 18137.896484375 33
1698226418245 23860.779296875 34
1698226420568 22326.3203125 35
1698226421988 24090.857421875 36
1698226424650 20727.369140625 37
1698226427295 23008.333984375 38
1698226428720 19583.060546875 39
1698226430608 24036.37109375 40
1698226432409 18776.05859375 41
1698226433961 19901.109375 42
1698226435272 19231.046875 43
1698226436576 18727.505859375 44
1698226438650 21813.853515625 45
1698226439971 23175.140625 46
1698226441308 21051.818359375 47
1698226442628 23619.78125 48
1698226444092 22515.25 49
