1698161383451 51.56227493286133 0
1698161384953 35.4246826171875 1
1698161386746 26.155376434326172 2
1698161388206 23.309988021850586 3
1698161389643 21.123580932617188 4
1698161391109 21.095182418823242 5
1698161392631 19.706056594848633 6
1698161394123 19.054433822631836 7
1698161395670 18.59728240966797 8
1698161397184 18.287967681884766 9
1698161398601 17.58622169494629 10
1698161400025 17.55555534362793 11
1698161401556 17.45831298828125 12
1698161402963 16.596742630004883 13
1698161404502 16.678253173828125 14
1698161406157 16.706130981445312 15
1698161407686 16.475980758666992 16
1698161409155 16.14655876159668 17
1698161410568 15.787850379943848 18
1698161412078 16.06407928466797 19
1698161413459 15.710612297058105 20
1698161415136 16.101369857788086 21
1698161416680 15.422478675842285 22
1698161418166 15.381640434265137 23
1698161419657 15.365019798278809 24
1698161421106 15.331019401550293 25
1698161422691 15.931573867797852 26
1698161424392 15.38171672821045 27
1698161425821 15.34106159210205 28
1698161427188 15.374406814575195 29
