1698178559151 0.025546638295054436 0
1698178559695 0.00458550825715065 1
1698178560292 0.002371859969571233 2
1698178560968 0.002191966399550438 3
1698178561545 0.002434259280562401 4
1698178562085 0.002233749022707343 5
1698178562638 0.001960954861715436 6
1698178563169 0.002077021636068821 7
1698178563691 0.0017376475734636188 8
1698178564196 0.0016317933332175016 9
1698178564720 0.001890562940388918 10
1698178565273 0.0016104764072224498 11
1698178565784 0.0014773645671084523 12
1698178566313 0.0018036158289760351 13
