1698184138444 0.052418000996112823 0
1698184138655 0.01771513558924198 1
1698184138874 0.0038961509708315134 2
1698184139096 0.0025315447710454464 3
1698184139315 0.0023841531947255135 4
1698184139537 0.002018820261582732 5
1698184139747 0.0017521119443699718 6
1698184140000 0.0019458772148936987 7
1698184140218 0.0017858524806797504 8
1698184140469 0.0014809523709118366 9
1698184140697 0.001703712623566389 10
1698184140932 0.0016683476278558373 11
1698184141209 0.0015508614014834166 12
1698184141526 0.001571899512782693 13
1698184141777 0.0015719591174274683 14
1698184141980 0.0014604671159759164 15
1698184142186 0.0013449126854538918 16
1698184142413 0.0014427544083446264 17
1698184142620 0.0014476028736680746 18
1698184142829 0.0013016982702538371 19
1698184143040 0.00111352966632694 20
1698184143245 0.0011518617393448949 21
1698184143462 0.0012316022766754031 22
1698184143662 0.0011629706714302301 23
1698184143872 0.0013312512310221791 24
1698184144077 0.0011437063803896308 25
1698184144296 0.0011951596243306994 26
1698184144534 0.0011159322457388043 27
1698184144736 0.0011539312545210123 28
1698184144946 0.0010366502683609724 29
1698184145157 0.001031423918902874 30
1698184145364 0.0011134115047752857 31
1698184145595 0.0009470583172515035 32
1698184145813 0.001032969099469483 33
1698184146023 0.0010138499783352017 34
1698184146257 0.0010576420463621616 35
1698184146467 0.0009438171400688589 36
1698184146678 0.0009027862688526511 37
1698184146882 0.0009132704581134021 38
1698184147084 0.0009728050790727139 39
1698184147316 0.0009258573991246521 40
1698184147528 0.0009369769832119346 41
1698184147740 0.0009651093278080225 42
1698184147947 0.0009990138933062553 43
1698184148159 0.0008612485835328698 44
1698184148373 0.0008072482887655497 45
1698184148612 0.0008758491021580994 46
1698184148816 0.0008574964012950659 47
1698184149027 0.0009293639450334013 48
1698184149237 0.000858818122651428 49
