1698184138444 90.64924621582031 0
1698184138655 38.660465240478516 1
1698184138874 32.71867370605469 2
1698184139096 32.63803482055664 3
1698184139315 24.51816177368164 4
1698184139537 20.34526824951172 5
1698184139747 16.026920318603516 6
1698184140000 15.176051139831543 7
1698184140218 14.094685554504395 8
1698184140469 13.275733947753906 9
1698184140697 13.17376708984375 10
1698184140932 12.743428230285645 11
1698184141209 12.492238998413086 12
1698184141526 12.276082992553711 13
1698184141777 12.656414031982422 14
1698184141980 12.119460105895996 15
1698184142186 11.85720443725586 16
1698184142413 11.723262786865234 17
1698184142620 11.63671588897705 18
1698184142829 11.201475143432617 19
1698184143040 10.935443878173828 20
1698184143245 11.069767951965332 21
1698184143462 11.022239685058594 22
1698184143662 10.897829055786133 23
1698184143872 10.688994407653809 24
1698184144077 10.417466163635254 25
1698184144296 10.529267311096191 26
1698184144534 9.848149299621582 27
1698184144736 10.127192497253418 28
1698184144946 10.214722633361816 29
1698184145157 10.261754989624023 30
1698184145364 10.324066162109375 31
1698184145595 9.9390869140625 32
1698184145813 10.0679931640625 33
1698184146023 10.294530868530273 34
1698184146257 9.905226707458496 35
1698184146467 9.72580337524414 36
1698184146678 9.685796737670898 37
1698184146882 9.782413482666016 38
1698184147084 10.095830917358398 39
1698184147316 9.792094230651855 40
1698184147528 9.507547378540039 41
1698184147740 9.514105796813965 42
1698184147947 9.829675674438477 43
1698184148159 9.862669944763184 44
1698184148373 9.302962303161621 45
1698184148612 9.332244873046875 46
1698184148816 9.487371444702148 47
1698184149027 9.71065616607666 48
1698184149237 9.073149681091309 49
