1698230031463 5.4419403076171875 0
1698230032055 3.682791233062744 1
1698230032339 1.7587209939956665 2
1698230032630 0.5065037608146667 3
1698230032928 0.2493189424276352 4
1698230033228 0.2557976245880127 5
1698230033535 0.22454141080379486 6
1698230033850 0.2340877801179886 7
1698230034133 0.19785760343074799 8
1698230034441 0.18215949833393097 9
1698230034741 0.18340115249156952 10
1698230035033 0.18666143715381622 11
1698230035332 0.19651511311531067 12
1698230035615 0.15232309699058533 13
1698230035914 0.15976819396018982 14
1698230036205 0.14722220599651337 15
1698230036513 0.1382821798324585 16
1698230036811 0.14887776970863342 17
1698230037426 0.12739451229572296 18
1698230037734 0.12776541709899902 19
1698230038044 0.14146041870117188 20
1698230038348 0.13294214010238647 21
1698230038630 0.11355432122945786 22
1698230038912 0.12433786690235138 23
1698230039197 0.1188649833202362 24
1698230039504 0.12338350713253021 25
1698230039804 0.1151244267821312 26
1698230040086 0.1261245459318161 27
1698230040378 0.11134359240531921 28
1698230040669 0.12313931435346603 29
1698230040975 0.11478356271982193 30
1698230041269 0.11596768349409103 31
1698230041560 0.11519880592823029 32
1698230041859 0.11883344501256943 33
1698230042179 0.10354768484830856 34
1698230042482 0.10922969877719879 35
1698230043079 0.1054319441318512 36
1698230043372 0.11075350642204285 37
1698230043700 0.1098964512348175 38
1698230043991 0.11175139248371124 39
1698230044276 0.10401280969381332 40
1698230044569 0.11418862640857697 41
1698230044858 0.1111706867814064 42
1698230045163 0.11125340312719345 43
1698230045463 0.12507124245166779 44
1698230045763 0.10945983976125717 45
1698230046062 0.11291934549808502 46
1698230046354 0.11427906900644302 47
1698230046637 0.10137014836072922 48
1698230046930 0.10519979894161224 49
