1698179022228 0.3879247009754181 0
1698179022481 0.038060739636421204 1
1698179022728 0.018819797784090042 2
1698179022980 0.01615823619067669 3
1698179023235 0.014837567694485188 4
1698179023503 0.013108639977872372 5
1698179023760 0.012056093662977219 6
1698179024016 0.010734067298471928 7
1698179024312 0.010480504482984543 8
1698179024638 0.00953046977519989 9
1698179024885 0.009158555418252945 10
1698179025140 0.00887887179851532 11
1698179025466 0.008613157086074352 12
1698179025720 0.008250247687101364 13
1698179025985 0.008098671212792397 14
1698179026291 0.00793854333460331 15
1698179026559 0.007971784099936485 16
1698179026798 0.00874919630587101 17
1698179027047 0.008566807955503464 18
1698179027298 0.008071775548160076 19
1698179027562 0.007539131212979555 20
1698179027819 0.0073220450431108475 21
1698179028065 0.007613026071339846 22
1698179028307 0.007158102001994848 23
1698179028557 0.007586921099573374 24
1698179028808 0.008048200979828835 25
1698179029048 0.007237116806209087 26
1698179029294 0.007212343625724316 27
1698179029555 0.007211718708276749 28
1698179029814 0.007337831426411867 29
1698179030063 0.006894852500408888 30
1698179030330 0.00711684999987483 31
1698179030567 0.006995989941060543 32
1698179030827 0.006792321801185608 33
1698179031078 0.007328417617827654 34
1698179031326 0.006964866537600756 35
1698179031584 0.006982122547924519 36
1698179031833 0.0069223614409565926 37
1698179032077 0.006792506668716669 38
1698179032325 0.0068477485328912735 39
1698179032577 0.0065729981288313866 40
1698179032825 0.006474323570728302 41
1698179033075 0.006736137438565493 42
1698179033338 0.00634430767968297 43
1698179033592 0.0063207983039319515 44
1698179033842 0.006697159260511398 45
1698179034101 0.006384555716067553 46
1698179034360 0.006329418160021305 47
1698179034606 0.006999713834375143 48
1698179034863 0.006129453890025616 49
