1698182562213 4817.64892578125 0
1698182562489 269.20068359375 1
1698182562744 15036.263671875 2
1698182562994 6549.06298828125 3
1698182563245 977.0248413085938 4
1698182563498 4854.99609375 5
1698182563787 6650.22607421875 6
1698182564047 7114.3466796875 7
1698182564305 24585.9453125 8
1698182564575 842.6724853515625 9
1698182564854 9356.6005859375 10
1698182565121 6217.03271484375 11
1698182565375 8841.0634765625 12
1698182565653 7792.42822265625 13
1698182565929 6233.90478515625 14
1698182566247 15194.6953125 15
1698182566524 4623.6123046875 16
1698182566814 6702.9912109375 17
1698182567115 4428.85595703125 18
1698182567549 11994.5224609375 19
1698182567845 32977.6171875 20
1698182568109 781.4046630859375 21
1698182568372 3712.116455078125 22
1698182568633 14386.3359375 23
1698182568886 14078.689453125 24
1698182569149 14668.98046875 25
1698182569426 25740.341796875 26
1698182569686 15891.716796875 27
1698182569943 2907.127685546875 28
1698182570191 21812.3125 29
1698182570448 7302.21337890625 30
1698182570721 11027.728515625 31
1698182570974 2052.298828125 32
1698182571215 8230.9677734375 33
1698182571476 10857.1640625 34
1698182571758 9368.0537109375 35
1698182572018 9999.1591796875 36
1698182572264 10293.427734375 37
1698182572512 5675.42138671875 38
1698182572787 12069.51953125 39
1698182573041 27882.19921875 40
1698182573317 39032.53125 41
1698182573578 16885.517578125 42
1698182573849 23857.29296875 43
1698182574102 17587.10546875 44
1698182574381 11668.0107421875 45
1698182574638 4134.60009765625 46
1698182574892 20756.87109375 47
1698182575149 4871.4697265625 48
1698182575422 11304.876953125 49
