1698185640505 2189.854736328125 0
1698185640611 371.3533935546875 1
1698185640717 320.21575927734375 2
1698185640824 318.5088806152344 3
1698185640941 279.58233642578125 4
1698185641071 229.93185424804688 5
1698185641194 213.1138916015625 6
1698185641302 198.274169921875 7
1698185641432 204.38548278808594 8
1698185641536 198.58457946777344 9
1698185641647 229.8527069091797 10
1698185641754 180.79148864746094 11
1698185641860 201.70193481445312 12
1698185641969 177.85421752929688 13
1698185642077 167.882080078125 14
1698185642183 216.62574768066406 15
1698185642310 191.2867431640625 16
1698185642446 183.54840087890625 17
1698185642551 189.70265197753906 18
1698185642661 181.88307189941406 19
1698185642767 168.9285125732422 20
1698185642875 185.2256622314453 21
1698185642980 173.59356689453125 22
1698185643101 186.54397583007812 23
1698185643210 211.18113708496094 24
1698185643336 187.8538360595703 25
1698185643460 178.8153839111328 26
1698185643577 164.580810546875 27
1698185643687 157.18106079101562 28
1698185643794 194.6947784423828 29
1698185643913 170.9000701904297 30
1698185644021 166.489501953125 31
1698185644127 162.2893524169922 32
1698185644231 162.7653350830078 33
1698185644356 159.4651641845703 34
1698185644470 191.8843231201172 35
1698185644576 162.15658569335938 36
1698185644708 160.61441040039062 37
1698185644830 168.69004821777344 38
1698185644937 160.68374633789062 39
1698185645044 179.9740447998047 40
1698185645154 160.99502563476562 41
1698185645276 164.70028686523438 42
1698185645408 164.77828979492188 43
1698185645529 165.80856323242188 44
1698185645652 170.28872680664062 45
1698185645769 186.0269317626953 46
1698185645894 139.38153076171875 47
1698185646018 159.67633056640625 48
1698185646148 164.68955993652344 49
