1698185640505 27.89592742919922 0
1698185640611 11.686869621276855 1
1698185640717 11.334242820739746 2
1698185640824 10.441780090332031 3
1698185640941 10.232460975646973 4
1698185641071 9.279261589050293 5
1698185641194 8.825809478759766 6
1698185641302 8.766775131225586 7
1698185641432 8.678811073303223 8
1698185641536 8.536310195922852 9
1698185641647 9.077262878417969 10
1698185641754 8.450867652893066 11
1698185641860 8.428805351257324 12
1698185641969 7.908021926879883 13
1698185642077 7.8381667137146 14
1698185642183 8.429819107055664 15
1698185642310 8.190552711486816 16
1698185642446 8.116056442260742 17
1698185642551 8.2774076461792 18
1698185642661 8.18600845336914 19
1698185642767 7.7330827713012695 20
1698185642875 8.145336151123047 21
1698185642980 7.927612781524658 22
1698185643101 8.00394058227539 23
1698185643210 8.538935661315918 24
1698185643336 7.678954124450684 25
1698185643460 7.643987655639648 26
1698185643577 7.576203346252441 27
1698185643687 7.48220682144165 28
1698185643794 7.976003170013428 29
1698185643913 7.693948745727539 30
1698185644021 7.494041919708252 31
1698185644127 7.782963752746582 32
1698185644231 7.54310941696167 33
1698185644356 7.5526933670043945 34
1698185644470 8.371193885803223 35
1698185644576 7.84955358505249 36
1698185644708 7.907198429107666 37
1698185644830 8.13408374786377 38
1698185644937 7.593317985534668 39
1698185645044 7.868767261505127 40
1698185645154 7.353540897369385 41
1698185645276 7.6924729347229 42
1698185645408 7.9417500495910645 43
1698185645529 7.343412399291992 44
1698185645652 7.98167085647583 45
1698185645769 8.072224617004395 46
1698185645894 7.226364612579346 47
1698185646018 7.2969865798950195 48
1698185646148 7.575192451477051 49
