1698186959816 44.222442626953125 0
1698186959938 20.924224853515625 1
1698186960062 17.646007537841797 2
1698186960170 16.0689697265625 3
1698186960279 13.711997985839844 4
1698186960432 14.731451034545898 5
1698186960557 13.381465911865234 6
1698186960680 12.094542503356934 7
1698186960792 11.956429481506348 8
1698186960916 12.765961647033691 9
1698186961044 11.417635917663574 10
1698186961175 11.358262062072754 11
1698186961303 11.156220436096191 12
1698186961479 10.804926872253418 13
1698186961633 11.111553192138672 14
1698186961774 10.953540802001953 15
1698186961889 10.66671085357666 16
1698186962003 10.168926239013672 17
1698186962126 10.226724624633789 18
1698186962249 9.98548412322998 19
1698186962425 9.829414367675781 20
1698186962565 9.873739242553711 21
1698186962705 10.029145240783691 22
1698186962857 9.453398704528809 23
1698186962999 9.973676681518555 24
1698186963145 9.589655876159668 25
1698186963268 9.485346794128418 26
1698186963421 9.348424911499023 27
1698186963551 9.691929817199707 28
1698186963700 9.406155586242676 29
1698186963849 10.124747276306152 30
1698186964004 9.078723907470703 31
1698186964136 9.302438735961914 32
1698186964262 8.825092315673828 33
1698186964404 9.238064765930176 34
1698186964535 8.887649536132812 35
1698186964662 9.352701187133789 36
1698186964790 8.572510719299316 37
1698186964915 9.144177436828613 38
1698186965040 8.848905563354492 39
1698186965165 8.665276527404785 40
1698186965288 8.39254093170166 41
1698186965421 9.203351020812988 42
1698186965538 8.35521411895752 43
1698186965651 8.220389366149902 44
1698186965776 8.211721420288086 45
1698186965904 8.448994636535645 46
1698186966028 8.962212562561035 47
1698186966171 8.461991310119629 48
1698186966295 8.705503463745117 49
