1698157251762 97720.4140625 0
1698157254548 69236.859375 1
1698157257236 60790.6328125 2
1698157259830 70650.96875 3
1698157262527 59335.828125 4
1698157265179 54498.7890625 5
1698157268910 49504.60546875 6
1698157272051 51267.7265625 7
1698157276142 49480.5546875 8
1698157278893 45271.953125 9
1698157281487 48651.66015625 10
1698157284213 59951.37109375 11
1698157286936 34864.63671875 12
1698157289676 47265.12109375 13
1698157292539 56302.45703125 14
1698157295004 45873.23828125 15
1698157297784 35718.5 16
1698157300525 55391.9296875 17
1698157303626 34102.828125 18
1698157306231 48687.265625 19
1698157309609 46409.93359375 20
1698157312529 48482.8828125 21
1698157315383 51906.84765625 22
1698157318551 57651.6796875 23
