1698158797558 0.6231361031532288 0
1698158799251 0.3450258672237396 1
1698158801000 0.19156643748283386 2
1698158802791 0.1295849233865738 3
1698158804833 0.08872837573289871 4
1698158806570 0.06263793259859085 5
1698158808337 0.04956550523638725 6
1698158810061 0.04058907926082611 7
1698158811936 0.04019854962825775 8
1698158814115 0.037958774715662 9
1698158815826 0.03752541169524193 10
1698158817553 0.03802865743637085 11
1698158819357 0.03534488379955292 12
1698158821090 0.03885124251246452 13
