1698181438072 0.0005762491491623223 0
1698181438175 6.450241926359013e-05 1
1698181438285 4.2384966945974156e-05 2
1698181438404 4.160914977546781e-05 3
1698181438510 3.646466939244419e-05 4
1698181438614 3.389107951079495e-05 5
1698181438741 3.2871215807972476e-05 6
1698181438858 3.0482886359095573e-05 7
1698181438966 2.9295995773281902e-05 8
1698181439075 2.81157063000137e-05 9
1698181439195 3.443958121351898e-05 10
1698181439299 3.1624520488549024e-05 11
1698181439439 3.3834287023637444e-05 12
1698181439543 3.1201139790937304e-05 13
1698181439647 3.11471194436308e-05 14
1698181439753 3.0295537726487964e-05 15
1698181439859 2.757030597422272e-05 16
1698181439963 2.9020517104072496e-05 17
1698181440067 3.011707667610608e-05 18
1698181440190 2.380264959356282e-05 19
1698181440294 2.8465983632486314e-05 20
1698181440403 2.8486010705819353e-05 21
1698181440507 2.902830055973027e-05 22
1698181440613 2.8350033971946687e-05 23
1698181440750 2.936585406132508e-05 24
1698181440859 2.944628067780286e-05 25
1698181440970 2.854457125067711e-05 26
1698181441080 2.5100107450271025e-05 27
1698181441194 2.61202785623027e-05 28
1698181441297 2.876916369132232e-05 29
1698181441402 2.9073160476400517e-05 30
1698181441508 2.5623525289120153e-05 31
1698181441613 2.662120277818758e-05 32
1698181441717 2.50295579462545e-05 33
1698181441844 2.557274819992017e-05 34
1698181441950 2.6985058866557665e-05 35
1698181442085 2.6517944206716493e-05 36
1698181442212 2.416025563434232e-05 37
1698181442320 2.4834795112838037e-05 38
1698181442425 2.8907683372381143e-05 39
1698181442544 2.3318969397223555e-05 40
1698181442655 2.8845977794844657e-05 41
1698181442786 2.7835201763082296e-05 42
1698181442899 2.7945410693064332e-05 43
1698181443019 2.7592290280153975e-05 44
1698181443126 2.6056524802697822e-05 45
1698181443257 2.462746124365367e-05 46
1698181443392 2.7636455342872068e-05 47
1698181443497 2.3848271666793153e-05 48
1698181443620 2.66277784248814e-05 49
