1698181438072 55.863155364990234 0
1698181438175 17.366628646850586 1
1698181438285 11.68021011352539 2
1698181438404 10.686938285827637 3
1698181438510 10.001850128173828 4
1698181438614 9.103103637695312 5
1698181438741 9.417068481445312 6
1698181438858 8.402482986450195 7
1698181438966 8.850678443908691 8
1698181439075 7.939612865447998 9
1698181439195 8.26992130279541 10
1698181439299 8.843070030212402 11
1698181439439 10.617768287658691 12
1698181439543 9.571846008300781 13
1698181439647 8.808676719665527 14
1698181439753 9.824763298034668 15
1698181439859 8.132303237915039 16
1698181439963 8.967548370361328 17
1698181440067 8.843772888183594 18
1698181440190 8.226990699768066 19
1698181440294 8.109926223754883 20
1698181440403 7.822472095489502 21
1698181440507 7.940204620361328 22
1698181440613 7.875526428222656 23
1698181440750 8.511378288269043 24
1698181440859 8.22536563873291 25
1698181440970 9.691119194030762 26
1698181441080 8.759078025817871 27
1698181441194 8.656837463378906 28
1698181441297 8.894495964050293 29
1698181441402 9.481486320495605 30
1698181441508 8.362380027770996 31
1698181441613 8.871158599853516 32
1698181441717 8.631424903869629 33
1698181441844 8.504610061645508 34
1698181441950 8.444613456726074 35
1698181442085 8.201241493225098 36
1698181442212 8.804673194885254 37
1698181442320 9.523088455200195 38
1698181442425 8.090471267700195 39
1698181442544 8.136093139648438 40
1698181442655 8.997605323791504 41
1698181442786 9.360845565795898 42
1698181442899 8.581210136413574 43
1698181443019 10.032398223876953 44
1698181443126 10.037510871887207 45
1698181443257 8.21442985534668 46
1698181443392 9.467607498168945 47
1698181443497 8.470539093017578 48
1698181443620 9.361626625061035 49
