1698183861509 76.43832397460938 0
1698183861691 34.648929595947266 1
1698183861859 38.61383819580078 2
1698183862034 32.76460647583008 3
1698183862226 24.427602767944336 4
1698183862402 20.02151107788086 5
1698183862601 18.699369430541992 6
1698183862843 18.12070083618164 7
1698183863052 17.66397476196289 8
1698183863241 18.074172973632812 9
1698183863446 17.063655853271484 10
1698183863638 17.079381942749023 11
1698183863888 16.64506721496582 12
1698183864143 15.957558631896973 13
1698183864394 16.820035934448242 14
1698183864588 15.768357276916504 15
1698183864756 15.776079177856445 16
1698183864938 15.599574089050293 17
1698183865115 16.115127563476562 18
1698183865285 15.471824645996094 19
1698183865462 14.74608325958252 20
1698183865637 15.423286437988281 21
1698183865842 15.02336597442627 22
1698183866015 15.698603630065918 23
1698183866190 14.620749473571777 24
1698183866373 14.366406440734863 25
1698183866551 14.367993354797363 26
1698183866724 14.247271537780762 27
1698183866897 13.285454750061035 28
1698183867083 13.949593544006348 29
1698183867270 13.983175277709961 30
1698183867441 13.592480659484863 31
1698183867620 13.269123077392578 32
1698183867827 13.396955490112305 33
1698183868002 13.349054336547852 34
1698183868180 13.189189910888672 35
1698183868381 13.390992164611816 36
1698183868562 13.868375778198242 37
1698183868738 12.631327629089355 38
1698183868918 13.428664207458496 39
1698183869114 13.107108116149902 40
1698183869320 12.822458267211914 41
1698183869493 12.803016662597656 42
1698183869668 12.869032859802246 43
1698183869855 12.401360511779785 44
1698183870033 13.118135452270508 45
1698183870209 12.272174835205078 46
1698183870390 12.0718355178833 47
1698183870566 12.893261909484863 48
1698183870744 11.80320930480957 49
