1698183050652 21.398048400878906 0
1698183051100 13.335213661193848 1
1698183051573 8.790432929992676 2
1698183052040 13.554452896118164 3
1698183052512 10.610223770141602 4
1698183052967 8.93835163116455 5
1698183053428 9.810032844543457 6
1698183053893 10.069441795349121 7
1698183054363 7.097805976867676 8
1698183054826 6.317559242248535 9
1698183055279 8.446120262145996 10
1698183055756 6.037915229797363 11
1698183056213 7.47275447845459 12
1698183056692 7.844626426696777 13
1698183057154 8.466772079467773 14
1698183057697 7.02862548828125 15
1698183058208 6.851000785827637 16
1698183058700 5.782979488372803 17
1698183059240 7.0362725257873535 18
1698183059746 6.164224147796631 19
1698183060290 9.74576187133789 20
1698183060745 7.891493797302246 21
1698183061202 5.544966697692871 22
1698183061696 6.8965559005737305 23
1698183062151 6.587875843048096 24
1698183062624 7.023288249969482 25
1698183063073 6.783576488494873 26
1698183063537 7.005054473876953 27
1698183063996 6.926881790161133 28
1698183064458 6.141035079956055 29
1698183064921 5.783331394195557 30
1698183065408 7.952095031738281 31
1698183065867 6.4240946769714355 32
1698183066333 5.3638997077941895 33
1698183066789 5.157307147979736 34
1698183067247 6.345726490020752 35
1698183067714 8.35710620880127 36
1698183068165 6.479369640350342 37
1698183068640 5.474822044372559 38
1698183069096 5.43486213684082 39
1698183069574 6.6096296310424805 40
1698183070055 7.650516033172607 41
1698183070549 6.650365352630615 42
1698183071076 5.884013652801514 43
1698183071620 7.0788350105285645 44
1698183072166 5.338037014007568 45
1698183072797 5.862795829772949 46
1698183073256 6.504377841949463 47
1698183073731 5.9188361167907715 48
1698183074195 6.495718002319336 49
