1698161264744 0.057553622871637344 0
1698161266027 0.035762906074523926 1
1698161267413 0.02701662667095661 2
1698161268665 0.02127435989677906 3
1698161269914 0.018703460693359375 4
1698161271215 0.0170364398509264 5
1698161272547 0.015767386183142662 6
1698161273860 0.014793626964092255 7
1698161275215 0.014126535505056381 8
1698161276566 0.01334757637232542 9
1698161278204 0.012713993899524212 10
1698161279613 0.012487982399761677 11
1698161281141 0.012005995027720928 12
1698161282379 0.011654208414256573 13
1698161283566 0.011302790604531765 14
1698161284801 0.010960324667394161 15
1698161286264 0.010781961493194103 16
1698161287592 0.010310757905244827 17
1698161288869 0.010334853082895279 18
1698161290049 0.010046610608696938 19
1698161291411 0.009869473055005074 20
1698161292604 0.009710983373224735 21
1698161293898 0.009713434614241123 22
