1698230973955 97.94535827636719 0
1698230974317 66.65264892578125 1
1698230974675 57.01286697387695 2
1698230975038 52.623985290527344 3
1698230975383 48.482845306396484 4
1698230976975 45.175384521484375 5
1698230978475 42.325897216796875 6
1698230979975 41.2150993347168 7
1698230981570 38.351219177246094 8
1698230983042 37.166690826416016 9
1698230983416 37.48573303222656 10
1698230984933 35.81428146362305 11
1698230985629 34.05366134643555 12
1698230986027 33.00972366333008 13
1698230986422 32.346649169921875 14
1698230986814 32.217010498046875 15
1698230988331 31.27225112915039 16
1698230989706 31.0873966217041 17
1698230990100 29.08976173400879 18
1698230991425 28.942790985107422 19
1698230992868 29.24582290649414 20
1698230994287 27.35755729675293 21
1698230994662 27.378284454345703 22
1698230995525 27.877506256103516 23
1698230997145 25.543041229248047 24
1698230997548 26.45599937438965 25
1698230997936 25.947620391845703 26
1698230999144 24.99791717529297 27
1698230999524 24.62657928466797 28
1698230999938 24.934986114501953 29
1698231001400 23.580322265625 30
1698231001761 23.47844123840332 31
1698231003319 23.245546340942383 32
1698231003670 22.663822174072266 33
1698231004043 22.006860733032227 34
1698231005159 21.621091842651367 35
1698231005513 21.741418838500977 36
1698231006675 22.089946746826172 37
1698231007023 21.29490089416504 38
1698231008165 21.57087516784668 39
1698231009299 21.117753982543945 40
1698231010311 20.231260299682617 41
1698231010667 20.181921005249023 42
1698231011807 20.250944137573242 43
1698231012176 20.102569580078125 44
1698231013315 19.86990737915039 45
1698231013683 20.02101707458496 46
1698231014048 19.541730880737305 47
1698231014397 19.32954216003418 48
1698231015530 18.999923706054688 49
