1698173935739 29235.3515625 0
1698173936323 8695.244140625 1
1698173936946 7727.1455078125 2
1698173937544 6082.0029296875 3
1698173938170 4812.1689453125 4
1698173938864 7725.39697265625 5
1698173939526 6399.04931640625 6
1698173940144 10328.103515625 7
1698173940790 5510.58837890625 8
1698173941413 5424.06689453125 9
1698173942018 9956.1025390625 10
1698173942764 6026.95068359375 11
1698173943373 5169.271484375 12
1698173943986 12257.7509765625 13
1698173944598 6026.392578125 14
1698173945220 5164.9931640625 15
1698173945851 1550.3297119140625 16
1698173946478 2239.3349609375 17
1698173947108 7330.72021484375 18
1698173947775 9856.2470703125 19
1698173948606 6924.75439453125 20
1698173949472 8271.2080078125 21
1698173950121 6748.83740234375 22
1698173950792 6292.44091796875 23
1698173951586 8323.9033203125 24
1698173952289 1208.48291015625 25
1698173953035 3385.55224609375 26
1698173953861 2911.865478515625 27
1698173954458 5794.85009765625 28
1698173955265 3963.693115234375 29
1698173955865 6430.4169921875 30
1698173956519 6394.9248046875 31
1698173957182 9569.7958984375 32
1698173957846 6003.72412109375 33
1698173958463 7281.4697265625 34
1698173959064 6512.9501953125 35
1698173959695 9798.951171875 36
1698173960302 10303.36328125 37
1698173960914 3669.18603515625 38
1698173961544 4193.3896484375 39
1698173962146 5664.15087890625 40
1698173962750 8504.041015625 41
1698173963445 4623.47900390625 42
1698173964045 7196.513671875 43
1698173964679 4562.89453125 44
1698173965297 1083.94921875 45
1698173965971 8048.30859375 46
1698173966700 4078.23291015625 47
1698173967446 4236.96240234375 48
1698173968061 8184.2236328125 49
