1698182083433 31.179019927978516 0
1698182083523 9.912759780883789 1
1698182083613 8.865944862365723 2
1698182083723 8.221592903137207 3
1698182083820 7.96404504776001 4
1698182083922 8.219768524169922 5
1698182084025 7.446277618408203 6
1698182084118 7.2217559814453125 7
1698182084211 7.262369155883789 8
1698182084311 6.984603404998779 9
1698182084406 7.110820770263672 10
1698182084495 7.427955150604248 11
1698182084587 7.1712446212768555 12
1698182084683 6.6999969482421875 13
1698182084789 6.833136081695557 14
1698182084914 6.989198684692383 15
1698182085010 6.904318332672119 16
1698182085104 7.191508769989014 17
1698182085199 6.905060291290283 18
1698182085294 6.470167636871338 19
1698182085386 6.623380661010742 20
1698182085486 6.463814735412598 21
1698182085586 6.6835246086120605 22
1698182085686 6.733704090118408 23
1698182085827 6.745334625244141 24
1698182085963 6.656989574432373 25
1698182086077 6.530470848083496 26
1698182086183 6.557575702667236 27
1698182086289 7.200192928314209 28
1698182086419 7.130535125732422 29
1698182086522 6.648012638092041 30
1698182086625 6.425656318664551 31
1698182086724 6.302267074584961 32
1698182086870 6.434675216674805 33
1698182087001 6.8571882247924805 34
1698182087109 6.743304252624512 35
1698182087217 6.226892471313477 36
1698182087320 6.418263912200928 37
1698182087423 6.164488315582275 38
1698182087524 6.36997652053833 39
1698182087622 6.172436237335205 40
1698182087723 6.4621663093566895 41
1698182087849 6.6727399826049805 42
1698182087965 6.249287128448486 43
1698182088064 6.258607864379883 44
1698182088168 6.5754594802856445 45
1698182088292 6.123818874359131 46
1698182088406 6.391319751739502 47
1698182088505 6.197165489196777 48
1698182088605 5.972413063049316 49
