1698167155566 69.86787414550781 0
1698167155695 24.676799774169922 1
1698167155836 18.819059371948242 2
1698167155989 16.36484146118164 3
1698167156137 15.912199974060059 4
1698167156262 15.526322364807129 5
1698167156421 15.414464950561523 6
1698167156616 14.609702110290527 7
1698167156876 14.134496688842773 8
1698167157131 13.630964279174805 9
1698167157334 13.47473430633545 10
1698167157584 13.142125129699707 11
1698167157797 12.925497055053711 12
1698167157968 12.623756408691406 13
1698167158136 12.103541374206543 14
1698167158376 12.509256362915039 15
1698167158545 11.942020416259766 16
1698167158711 11.855345726013184 17
1698167158901 11.416641235351562 18
1698167159073 11.421865463256836 19
1698167159239 11.388494491577148 20
1698167159434 11.431883811950684 21
1698167159666 11.309331893920898 22
1698167159874 10.990973472595215 23
1698167160083 10.989253044128418 24
1698167160240 10.963820457458496 25
1698167160403 10.719675064086914 26
1698167160618 10.921029090881348 27
1698167160837 10.913752555847168 28
1698167161054 10.64843463897705 29
1698167161185 10.76366138458252 30
1698167161321 10.664175987243652 31
1698167161472 10.325655937194824 32
1698167161641 10.434836387634277 33
1698167161837 10.449117660522461 34
1698167161978 10.31063461303711 35
1698167162167 10.290950775146484 36
1698167162298 10.497599601745605 37
1698167162431 10.075399398803711 38
1698167162571 10.213310241699219 39
1698167162747 10.078214645385742 40
1698167162894 10.091526985168457 41
1698167163032 10.24096393585205 42
1698167163179 10.143144607543945 43
1698167163334 9.949789047241211 44
1698167163464 9.951656341552734 45
1698167163602 9.95914077758789 46
1698167163762 9.886312484741211 47
1698167163884 9.789338111877441 48
1698167164033 9.827924728393555 49
