1698175734101 21.065208435058594 0
1698175734489 7.787714958190918 1
1698175734857 6.271091938018799 2
1698175735249 7.881089210510254 3
1698175735627 6.562695503234863 4
1698175735998 7.1607513427734375 5
1698175736379 8.448575973510742 6
1698175736753 7.8715434074401855 7
1698175737124 8.346662521362305 8
1698175737520 7.505287170410156 9
1698175737890 8.57140827178955 10
1698175738250 7.811469554901123 11
1698175738639 5.856583118438721 12
1698175739013 7.379688262939453 13
1698175739383 5.510859489440918 14
1698175739771 7.025933742523193 15
1698175740137 8.716208457946777 16
1698175740543 6.273312568664551 17
1698175740920 7.3886847496032715 18
1698175741329 6.443850517272949 19
1698175741766 5.853316307067871 20
1698175742188 7.025549411773682 21
1698175742608 7.288000583648682 22
1698175743136 10.60716724395752 23
1698175743547 6.176966667175293 24
1698175743945 6.928922653198242 25
1698175744355 8.127532958984375 26
1698175744785 6.799540042877197 27
1698175745292 6.401659965515137 28
1698175745758 6.380572319030762 29
1698175746165 7.314386367797852 30
1698175746593 7.525684356689453 31
1698175747004 7.6657795906066895 32
1698175747584 7.08201265335083 33
1698175747950 5.756446361541748 34
1698175748356 5.731968402862549 35
1698175748797 6.5141401290893555 36
1698175749205 6.450150966644287 37
1698175749771 5.851424694061279 38
1698175750189 6.535895824432373 39
1698175750626 5.906081676483154 40
1698175751048 5.907088756561279 41
1698175751460 6.068432331085205 42
1698175751936 8.848851203918457 43
1698175752514 6.137316703796387 44
1698175752978 7.34429407119751 45
1698175753436 8.589735984802246 46
1698175753863 5.716848850250244 47
1698175754241 5.7252583503723145 48
1698175754625 9.58650016784668 49
