1698154027185 0.5384408831596375 0
1698154027891 0.3090507686138153 1
1698154028672 0.2503107190132141 2
1698154029446 0.1861099898815155 3
1698154030288 0.1446923017501831 4
1698154031513 0.12699349224567413 5
1698154032536 0.1121305376291275 6
1698154033342 0.10323350876569748 7
1698154034295 0.09471301734447479 8
1698154035018 0.0861169770359993 9
1698154035727 0.08050903677940369 10
1698154036485 0.07217208296060562 11
1698154037245 0.0679272785782814 12
1698154038020 0.06276325136423111 13
1698154038710 0.05903596803545952 14
1698154039396 0.05546433478593826 15
1698154040115 0.05212237313389778 16
1698154040797 0.05036057159304619 17
1698154041518 0.050284579396247864 18
1698154042195 0.04473818838596344 19
1698154042964 0.045336224138736725 20
1698154043687 0.04085146263241768 21
