1698154027185 85.03271484375 0
1698154027891 57.470333099365234 1
1698154028672 55.791900634765625 2
1698154029446 43.9412841796875 3
1698154030288 35.88843536376953 4
1698154031513 34.222694396972656 5
1698154032536 31.74809455871582 6
1698154033342 29.280681610107422 7
1698154034295 28.916826248168945 8
1698154035018 27.031021118164062 9
1698154035727 27.055295944213867 10
1698154036485 24.608964920043945 11
1698154037245 23.79334259033203 12
1698154038020 23.536495208740234 13
1698154038710 22.724863052368164 14
1698154039396 22.79636001586914 15
1698154040115 21.82413673400879 16
1698154040797 21.39487648010254 17
1698154041518 21.875385284423828 18
1698154042195 20.628509521484375 19
1698154042964 20.773677825927734 20
1698154043687 20.198837280273438 21
