1698184096021 0.01476315502077341 0
1698184096259 0.003427845658734441 1
1698184096440 0.0025960614439100027 2
1698184096603 0.0026143123395740986 3
1698184096781 0.002176898531615734 4
1698184096954 0.0020156833343207836 5
1698184097112 0.002005539136007428 6
1698184097284 0.002088115783408284 7
1698184097456 0.0018679606728255749 8
1698184097624 0.001864105463027954 9
1698184097793 0.0018272766610607505 10
1698184097983 0.0017382471123710275 11
1698184098166 0.0015894834650680423 12
1698184098341 0.0016051024431362748 13
1698184098506 0.001601147698238492 14
1698184098664 0.0013354711700230837 15
1698184098833 0.001481729093939066 16
1698184099010 0.0014541225973516703 17
1698184099194 0.0014718517195433378 18
1698184099371 0.0015164964133873582 19
1698184099543 0.0011627082712948322 20
1698184099700 0.0011833931785076857 21
1698184099860 0.0011658406583592296 22
1698184100031 0.0011512201745063066 23
1698184100199 0.0013390991371124983 24
1698184100370 0.00123193662147969 25
1698184100538 0.0011236744467169046 26
1698184100727 0.0011249503586441278 27
1698184100900 0.0010832528350874782 28
1698184101069 0.0009878540877252817 29
1698184101257 0.0010678918333724141 30
1698184101439 0.000923515239264816 31
1698184101615 0.0011012231698259711 32
1698184101780 0.0009273680043406785 33
1698184101942 0.000895660079549998 34
1698184102113 0.0010274493834003806 35
1698184102286 0.0009728908189572394 36
1698184102470 0.0010770884109660983 37
1698184102654 0.0010881000198423862 38
1698184102824 0.0008481981349177659 39
1698184102994 0.0009290220332331955 40
1698184103163 0.0008361464715562761 41
1698184103339 0.0008566628093831241 42
1698184103510 0.0009305046987719834 43
1698184103683 0.0009315597708337009 44
1698184103862 0.0008957439567893744 45
1698184104039 0.0007622357807122171 46
1698184104221 0.0008388498099520802 47
1698184104390 0.0009396940586157143 48
1698184104548 0.000825488124974072 49
