1698179561434 73.36760711669922 0
1698179561673 30.615581512451172 1
1698179561933 25.415861129760742 2
1698179562174 24.179607391357422 3
1698179562422 22.093551635742188 4
1698179562663 22.48378562927246 5
1698179562901 19.737462997436523 6
1698179563160 19.513200759887695 7
1698179563401 18.718473434448242 8
1698179563643 17.929561614990234 9
1698179563881 18.43231964111328 10
1698179564134 18.1831111907959 11
1698179564395 18.014732360839844 12
1698179564628 18.390851974487305 13
1698179564860 16.954803466796875 14
1698179565113 17.623424530029297 15
1698179565346 16.642602920532227 16
1698179565580 16.90318489074707 17
1698179565815 16.220205307006836 18
1698179566057 15.966381072998047 19
1698179566314 16.033248901367188 20
1698179566584 15.171042442321777 21
1698179566810 14.832772254943848 22
1698179567046 15.503862380981445 23
1698179567296 15.681401252746582 24
1698179567585 14.94246768951416 25
1698179567877 15.022854804992676 26
1698179568130 15.675324440002441 27
1698179568413 14.43642520904541 28
1698179568675 14.58404541015625 29
1698179568947 14.528388977050781 30
1698179569274 14.99858570098877 31
1698179569548 15.479744911193848 32
1698179569784 14.634842872619629 33
1698179570012 14.618337631225586 34
1698179570273 14.396777153015137 35
1698179570514 14.525741577148438 36
1698179570755 13.95842456817627 37
1698179570996 14.734030723571777 38
1698179571249 14.698928833007812 39
1698179571478 13.110872268676758 40
1698179571712 13.565128326416016 41
1698179571949 13.205504417419434 42
1698179572180 13.124423027038574 43
1698179572420 14.073503494262695 44
1698179572694 13.726037979125977 45
1698179572932 13.118085861206055 46
1698179573164 13.16865348815918 47
1698179573432 13.28128719329834 48
1698179573671 13.42973804473877 49
