1698172362886 30.817874908447266 0
1698172363121 17.64223861694336 1
1698172363353 15.063382148742676 2
1698172363595 14.281311988830566 3
1698172363841 13.464920997619629 4
1698172364107 13.262983322143555 5
1698172364362 13.087153434753418 6
1698172364614 12.430667877197266 7
1698172364831 13.075002670288086 8
1698172365049 12.443495750427246 9
1698172365313 11.538897514343262 10
1698172365597 12.778644561767578 11
1698172365839 12.719861030578613 12
1698172366067 11.369949340820312 13
1698172366326 11.691031455993652 14
1698172366587 11.197681427001953 15
1698172366879 10.578449249267578 16
1698172367190 10.234601020812988 17
1698172367504 11.176996231079102 18
1698172367756 10.67662239074707 19
1698172368094 10.292572021484375 20
1698172368348 10.325156211853027 21
1698172368644 11.48493480682373 22
1698172368912 9.689993858337402 23
1698172369148 10.957976341247559 24
1698172369389 9.632166862487793 25
1698172369655 9.852422714233398 26
1698172369916 9.494039535522461 27
1698172370160 10.017684936523438 28
1698172370416 10.013648986816406 29
1698172370663 10.416226387023926 30
1698172370915 10.072295188903809 31
1698172371140 10.552566528320312 32
1698172371409 9.516953468322754 33
1698172371649 9.471524238586426 34
1698172371876 9.406850814819336 35
1698172372121 9.325915336608887 36
1698172372361 9.229248046875 37
1698172372609 10.226935386657715 38
1698172372875 8.9805326461792 39
1698172373148 9.019615173339844 40
1698172373385 9.021368980407715 41
1698172373653 9.09109878540039 42
1698172373894 9.338042259216309 43
1698172374169 9.306440353393555 44
1698172374418 8.821155548095703 45
1698172374668 9.81822395324707 46
1698172374959 9.050070762634277 47
1698172375218 8.666748046875 48
1698172375496 8.461228370666504 49
