1698167100447 0.058869555592536926 0
1698167100753 0.0233056228607893 1
1698167101031 0.020113922655582428 2
1698167101370 0.01933441311120987 3
1698167101947 0.018327603116631508 4
1698167102311 0.01820441335439682 5
1698167102813 0.017387449741363525 6
1698167103067 0.016950229182839394 7
1698167103358 0.016448449343442917 8
1698167103638 0.015849865972995758 9
1698167103930 0.015939336270093918 10
1698167104233 0.015894809737801552 11
1698167104612 0.015039552003145218 12
1698167104897 0.015120347030460835 13
1698167105269 0.015121113508939743 14
1698167105593 0.015065133571624756 15
1698167105890 0.015147464349865913 16
1698167106162 0.014451595954596996 17
1698167106442 0.014452625066041946 18
1698167106774 0.0143743846565485 19
1698167107039 0.014279046095907688 20
1698167107354 0.013814421370625496 21
1698167107679 0.013953396119177341 22
1698167107992 0.014676257036626339 23
1698167108262 0.01388401910662651 24
1698167108542 0.014236238785088062 25
1698167108944 0.014202505350112915 26
1698167109244 0.01379149965941906 27
1698167109542 0.012989767827093601 28
1698167109892 0.013067762367427349 29
1698167110184 0.013662881217896938 30
1698167110503 0.013249886222183704 31
1698167110824 0.013264663517475128 32
1698167111149 0.01306579913944006 33
1698167111551 0.012948119081556797 34
1698167111879 0.013304315507411957 35
1698167112193 0.012508336454629898 36
1698167112471 0.012911020778119564 37
1698167112765 0.012574796564877033 38
1698167113076 0.01246329303830862 39
1698167113347 0.01244943868368864 40
1698167113640 0.012412148527801037 41
1698167113917 0.012702180072665215 42
1698167114199 0.012151065282523632 43
1698167114496 0.01212456077337265 44
1698167114905 0.012197112664580345 45
1698167115445 0.011859716847538948 46
1698167115745 0.012396898120641708 47
1698167116049 0.012630308046936989 48
1698167116322 0.011911102570593357 49
