1698156578551 0.41293880343437195 0
1698156580334 0.2444252222776413 1
1698156582415 0.1643272489309311 2
1698156584981 0.13076536357402802 3
1698156586600 0.10866226255893707 4
1698156588172 0.09798089414834976 5
1698156590235 0.08675862103700638 6
1698156592921 0.07913365215063095 7
1698156595904 0.07501392066478729 8
1698156599073 0.07126878947019577 9
1698156601643 0.06835870444774628 10
1698156603928 0.06468195468187332 11
1698156606196 0.062348704785108566 12
1698156608561 0.059505242854356766 13
1698156610078 0.06043258681893349 14
1698156611621 0.055840060114860535 15
1698156613202 0.0546058714389801 16
1698156615198 0.05298734828829765 17
