1698183894204 0.012564689852297306 0
1698183894385 0.002155129797756672 1
1698183894564 0.0019220153335481882 2
1698183894722 0.001835656468756497 3
1698183894886 0.0019226091681048274 4
1698183895041 0.0015798626700416207 5
1698183895199 0.0014924644492566586 6
1698183895392 0.0014899031957611442 7
1698183895570 0.001560825970955193 8
1698183895748 0.001092282123863697 9
1698183895985 0.0012660924112424254 10
1698183896187 0.0013640574179589748 11
1698183896338 0.001258350908756256 12
1698183896489 0.0011219247244298458 13
1698183896646 0.0013286741450428963 14
1698183896813 0.0012626764364540577 15
1698183896959 0.0010212073102593422 16
1698183897109 0.0010513191809877753 17
1698183897260 0.0010296975960955024 18
1698183897422 0.0010893396101891994 19
1698183897570 0.001068302895873785 20
1698183897711 0.0011569946072995663 21
1698183897863 0.001128673437051475 22
1698183898013 0.0010385047644376755 23
1698183898162 0.0009381189593113959 24
1698183898310 0.0009580464102327824 25
1698183898461 0.000918847625143826 26
1698183898613 0.0009268713183701038 27
1698183898763 0.0009752994519658387 28
1698183898911 0.0010533896274864674 29
1698183899085 0.0010077990591526031 30
1698183899239 0.0011541892308741808 31
1698183899389 0.0009375718072988093 32
1698183899535 0.0007697754190303385 33
1698183899683 0.0008496149675920606 34
1698183899833 0.0009343812707811594 35
1698183899988 0.0007968551944941282 36
1698183900159 0.0008875239873304963 37
1698183900310 0.0009402943542227149 38
1698183900491 0.00082768639549613 39
1698183900649 0.0009157789754681289 40
1698183900801 0.0008358476916328073 41
1698183900951 0.0008222507894970477 42
1698183901102 0.0008983646985143423 43
1698183901250 0.0008256108267232776 44
1698183901402 0.0007687545730732381 45
1698183901539 0.0008890186436474323 46
1698183901684 0.0008606787887401879 47
1698183901822 0.0007868270622566342 48
1698183901969 0.0007513214368373156 49
