1698229383633 0.01361792627722025 0
1698229383873 0.0040653422474861145 1
1698229384149 0.0029026551637798548 2
1698229384418 0.002420637756586075 3
1698229384669 0.002054826822131872 4
1698229384927 0.0018302553799003363 5
1698229385196 0.001869767438620329 6
1698229385444 0.0017238873988389969 7
1698229385720 0.0015279887011274695 8
1698229385979 0.0014577169204130769 9
1698229386221 0.0015447187470272183 10
1698229386453 0.0013169561279937625 11
1698229386703 0.0013944772072136402 12
1698229386944 0.0014107190072536469 13
1698229387194 0.0014226908097043633 14
1698229387436 0.001293534878641367 15
1698229387694 0.001282967859879136 16
1698229387969 0.00118326919618994 17
1698229388210 0.00115191750228405 18
1698229388476 0.0011077916715294123 19
1698229388716 0.00115755305159837 20
1698229388968 0.0012162929633632302 21
1698229389233 0.0011456884676590562 22
1698229389465 0.0011853906325995922 23
1698229389708 0.001268392545171082 24
1698229389964 0.0011990490602329373 25
1698229390198 0.0010354785481467843 26
1698229390447 0.001172078074887395 27
1698229390732 0.0012564987409859896 28
1698229390988 0.0010424715001136065 29
1698229391233 0.0010760348523035645 30
1698229391486 0.0011488975724205375 31
1698229391727 0.0010655842488631606 32
1698229391994 0.0009654922178015113 33
1698229392269 0.001021148986183107 34
1698229392501 0.0010187230072915554 35
1698229392775 0.0011028519365936518 36
1698229393062 0.0011108886683359742 37
1698229393338 0.00109291251283139 38
1698229393588 0.0009835963137447834 39
1698229393846 0.001033637672662735 40
1698229394088 0.000991775537841022 41
1698229394510 0.000984032405540347 42
1698229394751 0.000995600363239646 43
1698229395027 0.000995927955955267 44
1698229395286 0.0009154195431619883 45
1698229395564 0.0009241654188372195 46
1698229395824 0.0009677282650955021 47
1698229396091 0.0009682548698037863 48
1698229396341 0.0009010246722027659 49
