1698229383633 25342.751953125 0
1698229383873 27660.12109375 1
1698229384149 22496.69140625 2
1698229384418 22189.455078125 3
1698229384669 22979.009765625 4
1698229384927 17501.21875 5
1698229385196 27055.529296875 6
1698229385444 21112.498046875 7
1698229385720 20361.423828125 8
1698229385979 17217.0703125 9
1698229386221 21937.259765625 10
1698229386453 17556.02734375 11
1698229386703 19901.994140625 12
1698229386944 18524.828125 13
1698229387194 17556.244140625 14
1698229387436 21389.859375 15
1698229387694 20572.654296875 16
1698229387969 17545.123046875 17
1698229388210 19490.697265625 18
1698229388476 17075.0234375 19
1698229388716 17389.142578125 20
1698229388968 19308.478515625 21
1698229389233 18455.890625 22
1698229389465 17998.16796875 23
1698229389708 17083.173828125 24
1698229389964 22461.515625 25
1698229390198 15371.81640625 26
1698229390447 17128.994140625 27
1698229390732 14901.2841796875 28
1698229390988 15954.93359375 29
1698229391233 16357.2587890625 30
1698229391486 18305.84765625 31
1698229391727 17504.21875 32
1698229391994 18634.365234375 33
1698229392269 20780.751953125 34
1698229392501 17579.025390625 35
1698229392775 17218.94921875 36
1698229393062 21995.490234375 37
1698229393338 21947.45703125 38
1698229393588 15273.4609375 39
1698229393846 21610.0703125 40
1698229394088 16076.212890625 41
1698229394510 17754.810546875 42
1698229394751 14905.1904296875 43
1698229395027 16773.693359375 44
1698229395286 13689.09765625 45
1698229395564 15305.732421875 46
1698229395824 14549.6669921875 47
1698229396091 17647.994140625 48
1698229396341 15147.150390625 49
