1698229719044 3.280231475830078 0
1698229719470 0.4330272078514099 1
1698229719833 0.34298384189605713 2
1698229720174 0.3243640959262848 3
1698229720578 0.29190269112586975 4
1698229720867 0.2776869535446167 5
1698229721199 0.28932079672813416 6
1698229721506 0.2531607747077942 7
1698229721851 0.21554094552993774 8
1698229722153 0.23884661495685577 9
1698229722452 0.22818167507648468 10
1698229722753 0.2118028849363327 11
1698229723057 0.20795480906963348 12
1698229723686 0.20733703672885895 13
1698229724212 0.20160247385501862 14
1698229724773 0.20861808955669403 15
1698229725148 0.17156893014907837 16
1698229725433 0.189439594745636 17
1698229725732 0.2007187306880951 18
1698229726027 0.17839334905147552 19
1698229726338 0.14534945785999298 20
1698229726628 0.16218969225883484 21
1698229726969 0.16269686818122864 22
1698229727293 0.16200043261051178 23
1698229727603 0.14839868247509003 24
1698229727891 0.15580303966999054 25
1698229728175 0.14548727869987488 26
1698229728490 0.1780254989862442 27
1698229728799 0.15256598591804504 28
1698229729494 0.14245977997779846 29
1698229729833 0.1333496868610382 30
1698229730146 0.15928974747657776 31
1698229730485 0.1484658122062683 32
1698229730791 0.1420837938785553 33
1698229731101 0.12973427772521973 34
1698229731423 0.13468429446220398 35
1698229731715 0.13867193460464478 36
1698229732015 0.1356133073568344 37
1698229732313 0.1425214558839798 38
1698229732605 0.12198464572429657 39
1698229732895 0.13634011149406433 40
1698229733203 0.13075900077819824 41
1698229733493 0.12410331517457962 42
1698229733778 0.12495885789394379 43
1698229734100 0.11903879791498184 44
1698229734371 0.12335877865552902 45
1698229734646 0.1232290267944336 46
1698229734962 0.12309913337230682 47
1698229735252 0.1317986100912094 48
1698229735568 0.11211882531642914 49
