1698229719044 80.15633392333984 0
1698229719470 43.78196334838867 1
1698229719833 38.63982009887695 2
1698229720174 37.485538482666016 3
1698229720578 35.103660583496094 4
1698229720867 33.17534255981445 5
1698229721199 34.012752532958984 6
1698229721506 32.221309661865234 7
1698229721851 30.667434692382812 8
1698229722153 29.888120651245117 9
1698229722452 29.159698486328125 10
1698229722753 28.913511276245117 11
1698229723057 27.61358642578125 12
1698229723686 28.477354049682617 13
1698229724212 27.898571014404297 14
1698229724773 27.09556007385254 15
1698229725148 26.051279067993164 16
1698229725433 25.694364547729492 17
1698229725732 24.561649322509766 18
1698229726027 24.304189682006836 19
1698229726338 23.729116439819336 20
1698229726628 24.68797492980957 21
1698229726969 23.386817932128906 22
1698229727293 23.548311233520508 23
1698229727603 23.14264678955078 24
1698229727891 23.08157730102539 25
1698229728175 22.127681732177734 26
1698229728490 22.914222717285156 27
1698229728799 21.854106903076172 28
1698229729494 21.660879135131836 29
1698229729833 22.050859451293945 30
1698229730146 21.827852249145508 31
1698229730485 21.648998260498047 32
1698229730791 21.617692947387695 33
1698229731101 20.75204086303711 34
1698229731423 20.722881317138672 35
1698229731715 20.961196899414062 36
1698229732015 19.912046432495117 37
1698229732313 20.940156936645508 38
1698229732605 20.37335777282715 39
1698229732895 19.853809356689453 40
1698229733203 19.898029327392578 41
1698229733493 19.66933250427246 42
1698229733778 19.45723533630371 43
1698229734100 19.412683486938477 44
1698229734371 19.186126708984375 45
1698229734646 19.088546752929688 46
1698229734962 19.057348251342773 47
1698229735252 19.02474021911621 48
1698229735568 18.687238693237305 49
