1698175926852 0.12495443969964981 0
1698175927058 0.016731319949030876 1
1698175927307 0.017157964408397675 2
1698175927550 0.016082508489489555 3
1698175927761 0.012352743186056614 4
1698175927960 0.012837077490985394 5
1698175928159 0.013456540182232857 6
1698175928383 0.013132939115166664 7
1698175928585 0.01353613380342722 8
1698175928793 0.014342854730784893 9
1698175929004 0.012906250543892384 10
1698175929205 0.012093744240701199 11
1698175929473 0.010819857940077782 12
1698175929702 0.01220253761857748 13
1698175929907 0.009975875727832317 14
1698175930105 0.01054373662918806 15
1698175930338 0.011113381944596767 16
1698175930579 0.009006988257169724 17
1698175930789 0.010620265267789364 18
1698175931085 0.010599280707538128 19
1698175931355 0.010165160521864891 20
1698175931555 0.009457572363317013 21
1698175931752 0.013247238472104073 22
1698175931951 0.010988210327923298 23
1698175932164 0.008543345145881176 24
1698175932366 0.00952690839767456 25
1698175932577 0.010620174929499626 26
1698175932774 0.008792671374976635 27
1698175932974 0.008312508463859558 28
1698175933171 0.009092308580875397 29
1698175933381 0.008599177934229374 30
1698175933582 0.008405668660998344 31
1698175933783 0.007528705056756735 32
1698175933985 0.008654028177261353 33
1698175934181 0.008016449399292469 34
1698175934395 0.007153525482863188 35
1698175934583 0.010393046773970127 36
1698175934857 0.007218373939394951 37
1698175935125 0.008556331507861614 38
1698175935354 0.008351427502930164 39
1698175935564 0.008463571779429913 40
1698175935761 0.007430628407746553 41
1698175935960 0.008412224240601063 42
1698175936161 0.00877191498875618 43
1698175936385 0.008262049406766891 44
1698175936595 0.009642180055379868 45
1698175936784 0.008740016259253025 46
1698175936981 0.008800303563475609 47
1698175937198 0.008844256401062012 48
1698175937410 0.008385076187551022 49
