1698175926852 45.48478317260742 0
1698175927058 14.662287712097168 1
1698175927307 13.950703620910645 2
1698175927550 13.947528839111328 3
1698175927761 13.134208679199219 4
1698175927960 12.024332046508789 5
1698175928159 14.53114128112793 6
1698175928383 13.881321907043457 7
1698175928585 12.618233680725098 8
1698175928793 13.333771705627441 9
1698175929004 11.004977226257324 10
1698175929205 11.293665885925293 11
1698175929473 11.857414245605469 12
1698175929702 10.468351364135742 13
1698175929907 9.899885177612305 14
1698175930105 11.830286026000977 15
1698175930338 12.675376892089844 16
1698175930579 10.988015174865723 17
1698175930789 12.292945861816406 18
1698175931085 12.687939643859863 19
1698175931355 10.480545997619629 20
1698175931555 9.807973861694336 21
1698175931752 11.625212669372559 22
1698175931951 13.082408905029297 23
1698175932164 9.672879219055176 24
1698175932366 10.13245964050293 25
1698175932577 11.58391284942627 26
1698175932774 10.20787239074707 27
1698175932974 9.817150115966797 28
1698175933171 10.563166618347168 29
1698175933381 9.236103057861328 30
1698175933582 11.001773834228516 31
1698175933783 9.628154754638672 32
1698175933985 8.855457305908203 33
1698175934181 10.002683639526367 34
1698175934395 9.425512313842773 35
1698175934583 12.26584529876709 36
1698175934857 11.822769165039062 37
1698175935125 9.009446144104004 38
1698175935354 9.35897445678711 39
1698175935564 9.202308654785156 40
1698175935761 8.378705024719238 41
1698175935960 8.618928909301758 42
1698175936161 8.209794998168945 43
1698175936385 8.879063606262207 44
1698175936595 9.232487678527832 45
1698175936784 9.211729049682617 46
1698175936981 10.995498657226562 47
1698175937198 9.40248966217041 48
1698175937410 9.711564064025879 49
