1698184850052 108.35559844970703 0
1698184850147 41.9106559753418 1
1698184850247 24.124296188354492 2
1698184850357 22.05898666381836 3
1698184850478 20.056543350219727 4
1698184850580 18.61384391784668 5
1698184850688 17.59227180480957 6
1698184850794 18.02534294128418 7
1698184850905 17.436525344848633 8
1698184851011 17.033550262451172 9
1698184851162 16.409643173217773 10
1698184851265 15.881492614746094 11
1698184851368 15.197188377380371 12
1698184851470 15.742365837097168 13
1698184851573 15.286222457885742 14
1698184851679 15.421239852905273 15
1698184851801 15.686626434326172 16
1698184851908 15.003719329833984 17
1698184852012 14.627080917358398 18
1698184852112 16.391632080078125 19
1698184852211 14.299930572509766 20
1698184852312 13.957304954528809 21
1698184852413 14.507000923156738 22
1698184852513 13.557948112487793 23
1698184852617 14.124908447265625 24
1698184852723 13.864402770996094 25
1698184852837 13.680059432983398 26
1698184852981 13.533130645751953 27
1698184853110 12.939017295837402 28
1698184853218 13.469409942626953 29
1698184853326 13.990789413452148 30
1698184853430 13.299695014953613 31
1698184853535 13.48695182800293 32
1698184853637 12.677583694458008 33
1698184853788 12.91574478149414 34
1698184853954 12.861748695373535 35
1698184854181 13.954329490661621 36
1698184854355 12.847179412841797 37
1698184854470 13.476964950561523 38
1698184854593 12.682976722717285 39
1698184854720 12.631582260131836 40
1698184854850 12.510758399963379 41
1698184854980 13.260895729064941 42
1698184855113 13.416069984436035 43
1698184855246 13.099207878112793 44
1698184855401 12.67358684539795 45
1698184855538 12.92884635925293 46
1698184855650 12.697647094726562 47
1698184855772 12.794917106628418 48
1698184855896 12.557877540588379 49
