1698186908046 91.21240997314453 0
1698186908173 43.52944564819336 1
1698186908299 28.551271438598633 2
1698186908429 25.51214027404785 3
1698186908572 21.38249397277832 4
1698186908803 18.60877799987793 5
1698186908938 18.9611759185791 6
1698186909066 16.336292266845703 7
1698186909194 16.1018009185791 8
1698186909313 15.060185432434082 9
1698186909437 15.630012512207031 10
1698186909562 14.27281379699707 11
1698186909692 14.222535133361816 12
1698186909847 14.175131797790527 13
1698186909978 13.402628898620605 14
1698186910111 13.953840255737305 15
1698186910238 13.710086822509766 16
1698186910364 12.911542892456055 17
1698186910491 13.37291145324707 18
1698186910625 12.465035438537598 19
1698186910754 12.880353927612305 20
1698186910882 12.1978178024292 21
1698186911014 12.424864768981934 22
1698186911139 11.698681831359863 23
1698186911273 12.172637939453125 24
1698186911404 11.652379989624023 25
1698186911536 12.387699127197266 26
1698186911663 11.3428316116333 27
1698186911789 11.814123153686523 28
1698186911913 11.839179992675781 29
1698186912057 12.349498748779297 30
1698186912182 11.802199363708496 31
1698186912307 11.447428703308105 32
1698186912424 11.794139862060547 33
1698186912565 11.291078567504883 34
1698186912706 10.862395286560059 35
1698186912831 11.61600399017334 36
1698186912953 11.866752624511719 37
1698186913074 11.018367767333984 38
1698186913197 10.92513656616211 39
1698186913315 11.144410133361816 40
1698186913436 10.928841590881348 41
1698186913556 11.256911277770996 42
1698186913681 11.193402290344238 43
1698186913831 11.392753601074219 44
1698186913972 10.645597457885742 45
1698186914111 11.143879890441895 46
1698186914269 11.005988121032715 47
1698186914416 10.862689971923828 48
1698186914541 10.918746948242188 49
