1698161192237 0.1986980438232422 0
1698161192928 0.1117912232875824 1
1698161193626 0.0800611674785614 2
1698161194351 0.06283586472272873 3
1698161195061 0.05781710147857666 4
1698161195759 0.05031820759177208 5
1698161196508 0.045788027346134186 6
1698161197382 0.043079227209091187 7
1698161198443 0.03935280069708824 8
1698161199178 0.03681629151105881 9
1698161199881 0.035505518317222595 10
1698161200583 0.0334114208817482 11
1698161201371 0.032783571630716324 12
1698161202081 0.03212570399045944 13
1698161202786 0.030839260667562485 14
1698161203492 0.030261699110269547 15
1698161204198 0.029108434915542603 16
1698161204962 0.029308592900633812 17
1698161205752 0.02884155698120594 18
1698161206523 0.02775838039815426 19
1698161207342 0.02823210507631302 20
1698161208020 0.026751147583127022 21
1698161208714 0.026958873495459557 22
1698161209431 0.02677961252629757 23
1698161210145 0.027134036645293236 24
1698161210855 0.02570663020014763 25
