1698151717524 0.07042106986045837 0
1698151718164 0.03671850636601448 1
1698151718808 0.022648092359304428 2
1698151719451 0.013540717773139477 3
1698151720098 0.010612910613417625 4
1698151720754 0.00881910789757967 5
1698151721419 0.00713488832116127 6
1698151722033 0.005938529036939144 7
1698151722705 0.005258407909423113 8
1698151723283 0.004729459993541241 9
1698151723870 0.004730320535600185 10
1698151724461 0.004576004110276699 11
1698151725052 0.0043105254881083965 12
1698151725646 0.0043975538574159145 13
1698151726218 0.004208580125123262 14
1698151726865 0.003973342012614012 15
1698151727507 0.004094438627362251 16
1698151728102 0.004014830105006695 17
1698151728696 0.0038351286202669144 18
