1698151717524 26505.64453125 0
1698151718164 119780.203125 1
1698151718808 119394.40625 2
1698151719451 116733.7109375 3
1698151720098 125249.875 4
1698151720754 102234.953125 5
1698151721419 98937.984375 6
1698151722033 97507.2734375 7
1698151722705 81741.3125 8
1698151723283 80344.203125 9
1698151723870 89619.859375 10
1698151724461 75618.25 11
1698151725052 72433.25 12
1698151725646 87888.6484375 13
1698151726218 68907.890625 14
1698151726865 83771.15625 15
1698151727507 70233.359375 16
1698151728102 73473.5390625 17
1698151728696 70440.9375 18
