1698177830175 45609.4140625 0
1698177830287 133716.015625 1
1698177830427 99293.7578125 2
1698177830532 88479.4921875 3
1698177830637 95.25262451171875 4
1698177830743 30478.41015625 5
1698177830850 43288.5625 6
1698177830954 21596.115234375 7
1698177831064 25800.49609375 8
1698177831181 14378.2841796875 9
1698177831289 35775.140625 10
1698177831421 19967.140625 11
1698177831548 59183.75 12
1698177831654 40777.74609375 13
1698177831759 22959.3671875 14
1698177831866 56185.84765625 15
1698177831980 49599.61328125 16
1698177832084 40885.16796875 17
1698177832189 47234.9375 18
1698177832293 47675.91796875 19
1698177832428 30781.759765625 20
1698177832542 59209.80078125 21
1698177832661 59875.44921875 22
1698177832764 45838.76171875 23
1698177832873 64235.60546875 24
1698177833000 28729.341796875 25
1698177833130 75122.7890625 26
1698177833256 41935.546875 27
1698177833367 59721.578125 28
1698177833494 63183.78515625 29
1698177833600 30422.46484375 30
1698177833705 52982.2265625 31
1698177833814 32243.056640625 32
1698177833930 42863.359375 33
1698177834045 34691.1796875 34
1698177834174 58260.58984375 35
1698177834282 57783.82421875 36
1698177834387 24982.388671875 37
1698177834492 70196.328125 38
1698177834596 30463.921875 39
1698177834724 60656.53515625 40
1698177834855 82113.6328125 41
1698177834960 15732.8681640625 42
1698177835066 44724.43359375 43
1698177835172 2850.537109375 44
1698177835276 42485.37890625 45
1698177835721 27033.484375 46
1698177835844 43248.97265625 47
1698177835972 92307.7109375 48
1698177836103 15008.2451171875 49
