1698171085538 0.045010846108198166 0
1698171085806 0.01689079776406288 1
1698171085999 0.010877903550863266 2
1698171086207 0.00969702284783125 3
1698171086438 0.00849785003811121 4
1698171086643 0.007363682147115469 5
1698171086852 0.0071044848300516605 6
1698171087039 0.00722517492249608 7
1698171087224 0.0055066319182515144 8
1698171087396 0.005963687319308519 9
1698171087589 0.006328429561108351 10
1698171087817 0.0062456135638058186 11
1698171088018 0.005862542428076267 12
1698171088208 0.005879254546016455 13
1698171088413 0.004947611130774021 14
1698171088590 0.005111853592097759 15
1698171088767 0.005248330533504486 16
1698171088983 0.004500888288021088 17
1698171089195 0.00436972314491868 18
1698171089381 0.00427842466160655 19
1698171089578 0.0041087171994149685 20
1698171089811 0.003999658394604921 21
1698171090002 0.004384775646030903 22
1698171090200 0.00410583196207881 23
1698171090375 0.0034146341495215893 24
1698171090545 0.004029781091958284 25
1698171090742 0.003742035711184144 26
1698171090932 0.0040031736716628075 27
1698171091124 0.0036849570460617542 28
1698171091433 0.003415074897930026 29
1698171091670 0.003357459558174014 30
1698171091908 0.0037625848781317472 31
1698171092084 0.003316953545436263 32
1698171092260 0.0037995020393282175 33
1698171092434 0.003493815427646041 34
1698171092623 0.0032921882811933756 35
1698171092790 0.003251883899793029 36
1698171092963 0.003367154160514474 37
1698171093176 0.003424176014959812 38
1698171093359 0.0032710877712816 39
1698171093566 0.0032526100985705853 40
1698171093777 0.0032004169188439846 41
1698171093958 0.003304869867861271 42
1698171094175 0.002913987496867776 43
1698171094408 0.0029125369619578123 44
1698171094656 0.003272548783570528 45
1698171094848 0.0033341371454298496 46
1698171095112 0.003784921020269394 47
1698171095441 0.0029001738876104355 48
1698171095637 0.0032914376351982355 49
