1698152767676 302.9654846191406 0
1698152768274 315.41314697265625 1
1698152768824 180.6376953125 2
1698152769388 180.43309020996094 3
1698152769937 163.7164764404297 4
1698152770557 136.70559692382812 5
1698152771150 117.79095458984375 6
1698152771681 101.23470306396484 7
1698152772264 94.98489379882812 8
1698152772859 84.64131164550781 9
1698152773518 75.77438354492188 10
1698152774080 75.4427490234375 11
1698152774639 73.15278625488281 12
1698152775189 65.87138366699219 13
1698152775811 64.3582763671875 14
1698152776349 65.386962890625 15
1698152776892 61.07095718383789 16
1698152777418 57.0285758972168 17
1698152777960 56.6961555480957 18
