1698186014464 7.401856422424316 0
1698186014588 0.7506879568099976 1
1698186014750 0.7485179305076599 2
1698186014879 0.700641930103302 3
1698186015007 0.648004949092865 4
1698186015113 0.6710873246192932 5
1698186015218 0.6443141102790833 6
1698186015346 0.6189033389091492 7
1698186015521 0.7066966891288757 8
1698186015625 0.6464794278144836 9
1698186015741 0.5804406404495239 10
1698186015840 0.5803111791610718 11
1698186015938 0.5693475008010864 12
1698186016041 0.5791371464729309 13
1698186016139 0.6516481041908264 14
1698186016239 0.6318907737731934 15
1698186016373 0.5438083410263062 16
1698186016476 0.5704182386398315 17
1698186016575 0.6054696440696716 18
1698186016672 0.5462421178817749 19
1698186016774 0.5867754220962524 20
1698186016873 0.5803260207176208 21
1698186016978 0.5394651889801025 22
1698186017078 0.530419111251831 23
1698186017183 0.5066897869110107 24
1698186017292 0.5380958914756775 25
1698186017404 0.520230233669281 26
1698186017507 0.5137332081794739 27
1698186017607 0.5116056203842163 28
1698186017706 0.6379756331443787 29
1698186017809 0.4819393754005432 30
1698186017911 0.5700932145118713 31
1698186018009 0.5444192886352539 32
1698186018103 0.6385203003883362 33
1698186018196 0.5939125418663025 34
1698186018291 0.48756495118141174 35
1698186018412 0.5188766121864319 36
1698186018507 0.5361833572387695 37
1698186018602 0.5064560174942017 38
1698186018697 0.5134440064430237 39
1698186018791 0.5168750882148743 40
1698186018895 0.5358093976974487 41
1698186018989 0.5073095560073853 42
1698186019082 0.5714054703712463 43
1698186019193 0.487701952457428 44
1698186019287 0.5271902084350586 45
1698186019416 0.6106995940208435 46
1698186019508 0.46996399760246277 47
1698186019604 0.5836037397384644 48
1698186019696 0.4929038882255554 49
