1698187467459 1.3814042806625366 0
1698187468125 0.27179154753685 1
1698187468611 0.1952846646308899 2
1698187469128 0.19368532299995422 3
1698187469601 0.23109740018844604 4
1698187470067 0.13524189591407776 5
1698187470544 0.13967107236385345 6
1698187471041 0.14211426675319672 7
1698187471510 0.17087413370609283 8
1698187471983 0.14767912030220032 9
1698187472473 0.18217916786670685 10
1698187472934 0.12693007290363312 11
1698187474007 0.14262107014656067 12
1698187474516 0.1872105449438095 13
1698187475009 0.16147789359092712 14
1698187475508 0.14974917471408844 15
1698187475991 0.1398061066865921 16
1698187476491 0.13716350495815277 17
1698187476970 0.1731698364019394 18
1698187477438 0.14851190149784088 19
1698187477947 0.12545673549175262 20
1698187478419 0.12745937705039978 21
1698187478929 0.12394700944423676 22
1698187479561 0.13170042634010315 23
1698187480041 0.14799337089061737 24
1698187480587 0.1261213719844818 25
1698187481171 0.13011445105075836 26
1698187481694 0.12238146364688873 27
1698187482246 0.13750170171260834 28
1698187482752 0.13291527330875397 29
1698187483240 0.12697328627109528 30
1698187483713 0.12303831428289413 31
1698187484222 0.1470441222190857 32
1698187484689 0.14787615835666656 33
1698187485193 0.15032459795475006 34
1698187485667 0.1388261914253235 35
1698187486162 0.11564459651708603 36
1698187486624 0.13564875721931458 37
1698187487109 0.13731881976127625 38
1698187487589 0.13829953968524933 39
1698187488066 0.11462722718715668 40
1698187488567 0.1283719390630722 41
1698187489052 0.09974165260791779 42
1698187489550 0.109598807990551 43
1698187490026 0.10139669477939606 44
1698187490527 0.09813950955867767 45
1698187491004 0.1136065348982811 46
1698187491503 0.11409101635217667 47
1698187491977 0.09796586632728577 48
1698187492473 0.09645730257034302 49
