1698176710170 26.068836212158203 0
1698176710590 13.174752235412598 1
1698176711017 11.648343086242676 2
1698176711441 11.280220031738281 3
1698176711931 12.205870628356934 4
1698176712494 10.882948875427246 5
1698176712894 10.192545890808105 6
1698176713335 9.704428672790527 7
1698176713765 8.932601928710938 8
1698176714174 9.33371353149414 9
1698176714822 9.433891296386719 10
1698176715729 8.761885643005371 11
1698176716216 8.697203636169434 12
1698176716616 8.590083122253418 13
1698176717040 7.962670803070068 14
1698176717631 8.387541770935059 15
1698176718019 8.497461318969727 16
