1698178905001 0.14012493193149567 0
1698178905597 0.018139103427529335 1
1698178906227 0.014284074306488037 2
1698178906857 0.01264779083430767 3
1698178907580 0.013241534121334553 4
1698178908313 0.01174154132604599 5
1698178909031 0.011085860431194305 6
1698178909687 0.010163886472582817 7
1698178910310 0.009697183035314083 8
1698178910916 0.008318034000694752 9
1698178911560 0.012336038053035736 10
1698178912187 0.008484452031552792 11
1698178912796 0.008179211989045143 12
1698178913426 0.007673894055187702 13
1698178914042 0.008872171863913536 14
1698178914664 0.008911165408790112 15
1698178915288 0.007539191748946905 16
1698178915886 0.007815836928784847 17
1698178916502 0.008817381225526333 18
1698178917107 0.007951022125780582 19
1698178917730 0.0070051089860498905 20
1698178918356 0.006955745629966259 21
1698178919049 0.007702186703681946 22
1698178919778 0.007443268317729235 23
1698178920602 0.006618615705519915 24
1698178921210 0.006553987041115761 25
1698178921828 0.005379879381507635 26
1698178922441 0.0063572833314538 27
1698178923054 0.006168007850646973 28
1698178923684 0.006928485352545977 29
1698178924299 0.006106293760240078 30
1698178924907 0.005480723921209574 31
1698178925533 0.006220502313226461 32
1698178926141 0.006221449468284845 33
1698178926764 0.006161896977573633 34
1698178927385 0.006044377572834492 35
1698178927991 0.006024216767400503 36
1698178928626 0.005724736489355564 37
1698178929277 0.006681691389530897 38
1698178929974 0.005079395137727261 39
1698178930646 0.006837659515440464 40
1698178931250 0.006620259489864111 41
1698178931883 0.0056619723327457905 42
1698178932507 0.005196757148951292 43
1698178933108 0.006007639691233635 44
1698178933729 0.005097256042063236 45
1698178934337 0.005303150042891502 46
1698178935028 0.0048658656887710094 47
1698178935658 0.005514664575457573 48
1698178936276 0.0049347723834216595 49
