1698185898190 12.73281192779541 0
1698185898633 3.3461976051330566 1
1698185899061 3.0156307220458984 2
1698185899503 2.4609506130218506 3
1698185899929 2.448624849319458 4
1698185900374 2.57039475440979 5
1698185900812 2.7913010120391846 6
1698185901244 1.8339594602584839 7
1698185901671 2.2349395751953125 8
1698185902094 2.1631429195404053 9
1698185902552 2.3545215129852295 10
1698185902977 1.7171494960784912 11
1698185903417 1.9023833274841309 12
1698185903848 2.1504476070404053 13
1698185904293 2.25059175491333 14
1698185904716 1.964665412902832 15
1698185905177 1.847042441368103 16
1698185905696 2.0395045280456543 17
1698185906126 1.673607349395752 18
1698185906607 2.223256826400757 19
1698185907062 1.6908698081970215 20
1698185907540 1.6938412189483643 21
1698185908014 1.9620636701583862 22
1698185908494 1.6222518682479858 23
1698185908917 1.6237746477127075 24
1698185909369 1.9187273979187012 25
1698185909794 1.7428337335586548 26
1698185910214 1.6088422536849976 27
1698185910654 1.6636449098587036 28
1698185911076 1.5507527589797974 29
1698185911541 1.6808445453643799 30
1698185911967 1.702188491821289 31
1698185912409 1.6831516027450562 32
1698185912853 1.7802144289016724 33
1698185913273 1.6831775903701782 34
1698185913709 1.4275201559066772 35
1698185914129 1.6457914113998413 36
1698185914596 1.6886801719665527 37
1698185915025 1.375733494758606 38
1698185915469 1.5438474416732788 39
1698185915894 1.7553637027740479 40
1698185916316 1.3699138164520264 41
1698185916764 1.6452077627182007 42
1698185917207 1.4200330972671509 43
1698185917652 1.5498323440551758 44
1698185918074 1.2606675624847412 45
1698185918539 1.3743071556091309 46
1698185919050 1.7032103538513184 47
1698185919516 1.5622278451919556 48
1698185919948 1.5265880823135376 49
