1698185898190 49.429161071777344 0
1698185898633 18.031269073486328 1
1698185899061 16.798128128051758 2
1698185899503 15.817705154418945 3
1698185899929 15.769256591796875 4
1698185900374 15.774515151977539 5
1698185900812 15.736822128295898 6
1698185901244 14.689496994018555 7
1698185901671 15.642500877380371 8
1698185902094 14.690084457397461 9
1698185902552 15.144556045532227 10
1698185902977 13.805159568786621 11
1698185903417 13.863425254821777 12
1698185903848 14.87608814239502 13
1698185904293 14.8565673828125 14
1698185904716 14.21572208404541 15
1698185905177 13.679609298706055 16
1698185905696 14.056720733642578 17
1698185906126 13.2431640625 18
1698185906607 13.569645881652832 19
1698185907062 13.642010688781738 20
1698185907540 13.248438835144043 21
1698185908014 13.5960693359375 22
1698185908494 14.353574752807617 23
1698185908917 13.659932136535645 24
1698185909369 13.531401634216309 25
1698185909794 13.779314994812012 26
1698185910214 13.425252914428711 27
1698185910654 12.600749969482422 28
1698185911076 12.21073055267334 29
1698185911541 12.57817268371582 30
1698185911967 13.582186698913574 31
1698185912409 12.597326278686523 32
1698185912853 12.749584197998047 33
1698185913273 12.824487686157227 34
1698185913709 12.054071426391602 35
1698185914129 13.229022979736328 36
1698185914596 12.249618530273438 37
1698185915025 12.166458129882812 38
1698185915469 12.335655212402344 39
1698185915894 12.680329322814941 40
1698185916316 11.965657234191895 41
1698185916764 12.426156997680664 42
1698185917207 12.1168851852417 43
1698185917652 12.631985664367676 44
1698185918074 11.652359962463379 45
1698185918539 12.188209533691406 46
1698185919050 11.830185890197754 47
1698185919516 12.469223022460938 48
1698185919948 12.364300727844238 49
