1698174869950 72.42586517333984 0
1698174870192 23.553247451782227 1
1698174870455 16.99650001525879 2
1698174870689 15.572307586669922 3
1698174870921 14.712336540222168 4
1698174871151 13.857671737670898 5
1698174871408 12.080999374389648 6
1698174871641 12.252556800842285 7
1698174871882 12.15311336517334 8
1698174872113 11.086071968078613 9
1698174872458 11.272214889526367 10
1698174872726 10.185983657836914 11
1698174872960 10.389485359191895 12
1698174873214 10.181180953979492 13
1698174873503 9.987801551818848 14
1698174873750 9.418610572814941 15
1698174874004 10.2797212600708 16
1698174874256 9.864361763000488 17
1698174874512 9.006424903869629 18
1698174874743 9.317831039428711 19
1698174874973 9.137533187866211 20
1698174875208 9.601930618286133 21
1698174875462 9.40252685546875 22
1698174875692 9.31710147857666 23
1698174875922 8.6549711227417 24
1698174876152 9.029241561889648 25
1698174876390 8.673333168029785 26
1698174876623 9.319180488586426 27
1698174876854 8.424663543701172 28
1698174877081 8.370916366577148 29
1698174877312 8.389581680297852 30
1698174877556 8.747689247131348 31
1698174877802 8.648148536682129 32
1698174878037 9.036847114562988 33
1698174878265 8.276937484741211 34
1698174878549 8.157115936279297 35
1698174878826 8.454398155212402 36
1698174879063 8.227018356323242 37
1698174879297 8.358856201171875 38
1698174879542 8.129764556884766 39
1698174879768 7.755866527557373 40
1698174880002 8.316163063049316 41
1698174880229 8.81629467010498 42
1698174880487 8.232202529907227 43
1698174880724 8.21322250366211 44
1698174880957 7.877951622009277 45
1698174881199 7.881133079528809 46
1698174881444 8.069780349731445 47
1698174881675 7.705474853515625 48
1698174881970 7.935818672180176 49
