1698172834005 0.05694742500782013 0
1698172834318 0.00964643619954586 1
1698172834582 0.007163785398006439 2
1698172834834 0.007009492721408606 3
1698172835068 0.006451321300119162 4
1698172835379 0.00674060545861721 5
1698172835665 0.005147302057594061 6
1698172835931 0.0061995647847652435 7
1698172836177 0.005547542590647936 8
1698172836406 0.005153185222297907 9
1698172836672 0.00516408309340477 10
1698172836902 0.005756261758506298 11
1698172837123 0.004903930705040693 12
1698172837385 0.005376872140914202 13
1698172837758 0.004860760178416967 14
1698172838003 0.0043426454067230225 15
1698172838243 0.004959430079907179 16
1698172838494 0.004408589098602533 17
1698172838793 0.004515297245234251 18
1698172839027 0.00437122443690896 19
1698172839245 0.00461092172190547 20
1698172839462 0.0041249096393585205 21
1698172839672 0.004015677608549595 22
1698172839880 0.003997610416263342 23
1698172840105 0.004118966404348612 24
1698172840314 0.0039962963201105595 25
1698172840527 0.00380639242939651 26
1698172840754 0.00386955589056015 27
1698172840971 0.004408011678606272 28
1698172841177 0.004084780812263489 29
1698172841394 0.0038222915027290583 30
1698172841608 0.003998535219579935 31
1698172841829 0.004202384036034346 32
1698172842075 0.003713636426255107 33
1698172842330 0.0037949257530272007 34
1698172842582 0.003720680484548211 35
1698172842852 0.003914382308721542 36
1698172843242 0.003763214685022831 37
1698172843534 0.003439356340095401 38
1698172843884 0.0038306040223687887 39
1698172844200 0.003786054439842701 40
1698172844433 0.003934102598577738 41
1698172844666 0.003462370717898011 42
1698172844948 0.0036585417110472918 43
1698172845206 0.0036062123253941536 44
1698172845501 0.00369329284876585 45
1698172845809 0.003676076652482152 46
1698172846186 0.003594186156988144 47
1698172846413 0.00340673909522593 48
1698172846664 0.003411900019273162 49
