1698157705523 0.04208116605877876 0
1698157706065 0.017729535698890686 1
1698157706516 0.01235456857830286 2
1698157707014 0.01004133652895689 3
1698157707416 0.008363441564142704 4
1698157707819 0.00709009962156415 5
1698157708271 0.00639043003320694 6
1698157708658 0.005909098777920008 7
1698157709086 0.005350702442228794 8
1698157709491 0.005076906178146601 9
1698157709887 0.004810999147593975 10
1698157710382 0.004458584822714329 11
1698157710782 0.004265767056494951 12
1698157711220 0.004031314980238676 13
1698157711608 0.004007251933217049 14
1698157712036 0.003664379706606269 15
1698157712419 0.003609229577705264 16
1698157712814 0.003528960281983018 17
1698157713218 0.0033748974092304707 18
1698157713580 0.0033642027992755175 19
1698157713941 0.0032106279395520687 20
1698157714344 0.003193500218912959 21
1698157714711 0.003163836896419525 22
1698157715196 0.003087224904447794 23
1698157715582 0.0030440164264291525 24
1698157715950 0.002989616012200713 25
1698157716328 0.0029718875885009766 26
1698157716704 0.002893563825637102 27
1698157717080 0.002924929605796933 28
1698157717500 0.0029024272225797176 29
1698157717882 0.002861364744603634 30
1698157718266 0.0028850433882325888 31
1698157718751 0.002921415725722909 32
1698157719126 0.0028814023826271296 33
1698157719541 0.0028568312991410494 34
1698157719917 0.002870806958526373 35
1698157720339 0.0028135173488408327 36
1698157720755 0.002848436124622822 37
1698157721131 0.0028599342331290245 38
1698157721554 0.002806054661050439 39
1698157721940 0.00282718101516366 40
1698157722336 0.002879175590351224 41
1698157722899 0.0028296008240431547 42
1698157723327 0.0027750139124691486 43
1698157723781 0.0028103594668209553 44
1698157724214 0.0028394332621246576 45
1698157724845 0.0028283512219786644 46
1698157725264 0.002755330177024007 47
1698157725670 0.0027744246181100607 48
1698157726041 0.002781241899356246 49
