1698178068775 0.03863496333360672 0
1698178068873 0.0036606225185096264 1
1698178068972 0.003207962727174163 2
1698178069070 0.003158408682793379 3
1698178069166 0.0032177497632801533 4
1698178069262 0.0031265418510884047 5
1698178069355 0.003087396267801523 6
1698178069457 0.0030841061379760504 7
1698178069558 0.0030162723269313574 8
1698178069675 0.002745910082012415 9
1698178069773 0.0027113326359540224 10
1698178069866 0.002598118968307972 11
1698178069960 0.0027486972976475954 12
1698178070052 0.002562756882980466 13
1698178070140 0.002516394481062889 14
1698178070230 0.002700356300920248 15
1698178070321 0.002809655386954546 16
1698178070411 0.0027161957696080208 17
1698178070516 0.0025654733180999756 18
1698178070617 0.0026579147670418024 19
1698178070755 0.0025552401784807444 20
1698178070881 0.0026861634105443954 21
1698178070988 0.002399626886472106 22
1698178071135 0.0023693027906119823 23
1698178071257 0.00252222316339612 24
1698178071363 0.0026492958422750235 25
1698178071466 0.0025065678637474775 26
1698178071566 0.002484224969521165 27
1698178071665 0.00243726116605103 28
1698178071761 0.002484999131411314 29
1698178071856 0.0024318674113601446 30
1698178071956 0.0021660805214196444 31
1698178072073 0.0023856163024902344 32
1698178072219 0.002545640105381608 33
1698178072326 0.0022927322424948215 34
1698178072427 0.002498574322089553 35
1698178072531 0.002312631346285343 36
1698178072652 0.0024754449259489775 37
1698178072770 0.0024150535464286804 38
1698178072883 0.002544671529904008 39
1698178072982 0.002225164556875825 40
1698178073081 0.0020958331879228354 41
1698178073178 0.0022022509947419167 42
1698178073276 0.0021502466406673193 43
1698178073374 0.0022501207422465086 44
1698178073475 0.0024522640742361546 45
1698178073574 0.002279972191900015 46
1698178073692 0.0022843237966299057 47
1698178073789 0.0022717409301549196 48
1698178073884 0.0021815369836986065 49
