1698185616164 2167.202880859375 0
1698185616616 264.37518310546875 1
1698185617064 186.97698974609375 2
1698185617492 300.7998352050781 3
1698185617928 228.34414672851562 4
1698185618393 234.2003173828125 5
1698185618840 182.72032165527344 6
1698185619300 194.85476684570312 7
1698185619847 340.00689697265625 8
1698185620334 179.63833618164062 9
1698185620784 218.7987823486328 10
1698185621320 175.86253356933594 11
1698185621785 157.60504150390625 12
1698185622300 227.5343475341797 13
1698185622791 289.840087890625 14
1698185623255 225.4349365234375 15
1698185623689 170.15328979492188 16
1698185624150 182.31039428710938 17
1698185624589 189.14144897460938 18
1698185625034 239.2294158935547 19
1698185625502 203.00991821289062 20
1698185625947 173.29820251464844 21
1698185626392 180.67298889160156 22
1698185626839 167.95167541503906 23
1698185627287 152.72698974609375 24
1698185627723 230.98670959472656 25
1698185628176 228.564697265625 26
1698185628621 188.55235290527344 27
1698185629060 155.4613037109375 28
1698185629526 174.0805206298828 29
1698185629962 241.7532501220703 30
1698185630442 236.232421875 31
1698185630890 189.93893432617188 32
1698185631348 198.5654754638672 33
1698185631809 191.1848907470703 34
1698185632259 140.9716339111328 35
1698185632712 171.4955596923828 36
1698185633165 160.47854614257812 37
1698185633628 180.78915405273438 38
1698185634121 157.65475463867188 39
1698185634664 218.71511840820312 40
1698185635150 366.55682373046875 41
1698185635655 152.07354736328125 42
1698185636147 161.94883728027344 43
1698185636642 166.13307189941406 44
1698185637083 127.2978515625 45
1698185637532 176.68739318847656 46
1698185637986 152.0327911376953 47
1698185638453 161.28091430664062 48
1698185638892 144.70518493652344 49
