1698185616164 26.333707809448242 0
1698185616616 10.302763938903809 1
1698185617064 9.312763214111328 2
1698185617492 11.038908004760742 3
1698185617928 9.999841690063477 4
1698185618393 9.285507202148438 5
1698185618840 8.345343589782715 6
1698185619300 8.002287864685059 7
1698185619847 12.553338050842285 8
1698185620334 8.492901802062988 9
1698185620784 8.964909553527832 10
1698185621320 8.383495330810547 11
1698185621785 7.798487663269043 12
1698185622300 9.239956855773926 13
1698185622791 11.166413307189941 14
1698185623255 10.037193298339844 15
1698185623689 7.904214382171631 16
1698185624150 8.483817100524902 17
1698185624589 8.662341117858887 18
1698185625034 9.948063850402832 19
1698185625502 8.290397644042969 20
1698185625947 8.22281265258789 21
1698185626392 8.566523551940918 22
1698185626839 8.005660057067871 23
1698185627287 7.537557601928711 24
1698185627723 9.313848495483398 25
1698185628176 9.581558227539062 26
1698185628621 8.113658905029297 27
1698185629060 7.592151165008545 28
1698185629526 8.25533390045166 29
1698185629962 9.682904243469238 30
1698185630442 8.879053115844727 31
1698185630890 7.789608478546143 32
1698185631348 7.842646598815918 33
1698185631809 8.44908618927002 34
1698185632259 7.615410327911377 35
1698185632712 8.505374908447266 36
1698185633165 7.5012288093566895 37
1698185633628 8.170855522155762 38
1698185634121 7.292420864105225 39
1698185634664 9.598764419555664 40
1698185635150 11.61411190032959 41
1698185635655 7.17488956451416 42
1698185636147 7.661265850067139 43
1698185636642 7.420765399932861 44
1698185637083 7.363963603973389 45
1698185637532 7.881862163543701 46
1698185637986 6.61872673034668 47
1698185638453 6.814347743988037 48
1698185638892 7.509956359863281 49
