1698161478725 33645.27734375 0
1698161479011 89894.5703125 1
1698161479291 107332.6953125 2
1698161479571 85334.59375 3
1698161479834 73906.8515625 4
1698161480115 69927.546875 5
1698161480395 70583.4765625 6
1698161480697 74599.2421875 7
1698161480982 71475.09375 8
1698161481331 68944.7421875 9
1698161481628 62919.796875 10
1698161481987 62730.59375 11
1698161482317 64134.45703125 12
1698161482617 67510.203125 13
1698161482964 66829.859375 14
1698161483337 74646.2109375 15
1698161483649 59080.03125 16
1698161483949 70021.2578125 17
1698161484231 66340.328125 18
1698161484504 66355.546875 19
1698161484772 65250.03125 20
1698161485044 69113.8203125 21
1698161485341 67066.671875 22
1698161485606 69660.6640625 23
1698161485955 61757.1171875 24
1698161486267 66194.7890625 25
1698161486556 67049.0703125 26
1698161486962 70063.2109375 27
1698161487249 62775.53125 28
1698161487527 63133.671875 29
1698161487799 64725.5625 30
1698161488078 62000.953125 31
1698161488355 61920.2109375 32
1698161488643 67433.9609375 33
1698161488916 61440.4609375 34
1698161489209 58690.23828125 35
1698161489494 61231.76953125 36
1698161489794 61843.625 37
1698161490070 58912.734375 38
1698161490366 62768.61328125 39
1698161490643 69153.65625 40
1698161490942 58963.24609375 41
1698161491309 61159.10546875 42
1698161491588 53825.0 43
1698161491869 64266.83203125 44
1698161492143 69968.8671875 45
1698161492423 56246.375 46
1698161492698 55007.171875 47
1698161492960 63063.9765625 48
