1698177975663 0.021460501477122307 0
1698177975821 0.00401083379983902 1
1698177975974 0.0035904976539313793 2
1698177976143 0.0032128291204571724 3
1698177976317 0.0030733440071344376 4
1698177976474 0.003047626232728362 5
1698177976640 0.0030806323047727346 6
1698177976797 0.0031663498375564814 7
1698177976964 0.0027578275185078382 8
1698177977126 0.0026208057533949614 9
1698177977287 0.002834792947396636 10
1698177977441 0.0031530591659247875 11
1698177977594 0.002889310009777546 12
1698177977754 0.002748927567154169 13
1698177977931 0.0032533262856304646 14
1698177978095 0.0025917673483490944 15
1698177978251 0.0028398544527590275 16
1698177978408 0.002436222042888403 17
1698177978568 0.0025829735677689314 18
1698177978718 0.002781816991046071 19
1698177978902 0.002595263998955488 20
1698177979065 0.0028999019414186478 21
1698177979228 0.003074039239436388 22
1698177979396 0.0025713033974170685 23
1698177979562 0.0024332930333912373 24
1698177979748 0.00245691929012537 25
1698177979941 0.0022497971076518297 26
1698177980149 0.00244805752299726 27
1698177980361 0.0024533572141081095 28
1698177980555 0.0024721804074943066 29
1698177980715 0.0024544731713831425 30
1698177980892 0.0026529827155172825 31
1698177981108 0.0022296893876045942 32
1698177981286 0.0024779103696346283 33
1698177981457 0.0024770949967205524 34
1698177981649 0.0022706363815814257 35
1698177981863 0.0023133736103773117 36
1698177982029 0.002466413425281644 37
1698177982193 0.0022449155803769827 38
1698177982366 0.0026386419776827097 39
1698177982540 0.002401789417490363 40
1698177982741 0.002567674731835723 41
1698177982986 0.0023200828582048416 42
1698177983165 0.002158935647457838 43
1698177983343 0.0024149923119693995 44
1698177983515 0.002441792283207178 45
1698177983684 0.0028909246902912855 46
1698177983858 0.002307778224349022 47
1698177984027 0.002135248389095068 48
1698177984201 0.002422246616333723 49
