1698160252038 0.29287660121917725 0
1698160252919 0.1403127759695053 1
1698160253805 0.10465516895055771 2
1698160254735 0.08128669112920761 3
1698160255627 0.06962431222200394 4
1698160256541 0.06328504532575607 5
1698160257534 0.05819660425186157 6
1698160258441 0.05396575480699539 7
1698160259413 0.04921744018793106 8
1698160260379 0.04569558799266815 9
1698160261303 0.0425470769405365 10
1698160262379 0.0400179848074913 11
1698160263544 0.03806547075510025 12
1698160264629 0.03625311702489853 13
1698160265874 0.03456026688218117 14
1698160267331 0.03357575088739395 15
1698160268572 0.03192473575472832 16
1698160269501 0.03067772276699543 17
1698160270426 0.02941698022186756 18
1698160271429 0.028538651764392853 19
1698160272293 0.027678148820996284 20
1698160273149 0.027083849534392357 21
1698160274039 0.02592003531754017 22
1698160275009 0.02503463439643383 23
1698160276029 0.024261347949504852 24
1698160276968 0.02343839965760708 25
1698160277882 0.02287057228386402 26
1698160278780 0.022656232118606567 27
1698160279665 0.021889764815568924 28
