1698160252038 86.03889465332031 0
1698160252919 49.97047805786133 1
1698160253805 40.95969009399414 2
1698160254735 33.33384323120117 3
1698160255627 29.99509620666504 4
1698160256541 28.490999221801758 5
1698160257534 27.366025924682617 6
1698160258441 25.720348358154297 7
1698160259413 24.515844345092773 8
1698160260379 23.545333862304688 9
1698160261303 22.757232666015625 10
1698160262379 21.898252487182617 11
1698160263544 21.730052947998047 12
1698160264629 20.8377685546875 13
1698160265874 20.064453125 14
1698160267331 20.589839935302734 15
1698160268572 19.85553741455078 16
1698160269501 19.09198760986328 17
1698160270426 18.838966369628906 18
1698160271429 18.512304306030273 19
1698160272293 18.695573806762695 20
1698160273149 18.59008026123047 21
1698160274039 17.963228225708008 22
1698160275009 17.54717254638672 23
1698160276029 17.316925048828125 24
1698160276968 16.974239349365234 25
1698160277882 16.934968948364258 26
1698160278780 17.333040237426758 27
1698160279665 17.300691604614258 28
