1698187872866 1.2437089681625366 0
1698187873166 0.3064722716808319 1
1698187873469 0.268754780292511 2
1698187873836 0.27336928248405457 3
1698187874121 0.2237251102924347 4
1698187874415 0.23899146914482117 5
1698187874719 0.20742209255695343 6
1698187875047 0.2013956904411316 7
1698187875343 0.1740988790988922 8
1698187875646 0.22066880762577057 9
1698187875927 0.1863500326871872 10
1698187876212 0.1658991128206253 11
1698187876520 0.21423611044883728 12
1698187876807 0.17812694609165192 13
1698187877110 0.1635361909866333 14
1698187877471 0.18694789707660675 15
1698187877779 0.17446278035640717 16
1698187878063 0.16451743245124817 17
1698187878365 0.20051833987236023 18
1698187878741 0.18936216831207275 19
1698187879044 0.1756214201450348 20
1698187879345 0.17680490016937256 21
1698187879709 0.16967618465423584 22
1698187880075 0.1689932942390442 23
1698187880411 0.1566658765077591 24
1698187880693 0.16736793518066406 25
1698187880973 0.18453313410282135 26
1698187881249 0.1730814129114151 27
1698187881550 0.1938454508781433 28
1698187881832 0.1683814972639084 29
1698187882112 0.15876637399196625 30
1698187882400 0.16776493191719055 31
1698187882704 0.16136981546878815 32
1698187882986 0.16558805108070374 33
1698187883266 0.16437968611717224 34
1698187883576 0.16133813560009003 35
1698187883865 0.15502870082855225 36
1698187884144 0.16418161988258362 37
1698187884423 0.20010052621364594 38
1698187884737 0.18773309886455536 39
1698187885024 0.17598214745521545 40
1698187885324 0.16071411967277527 41
1698187885609 0.1744873821735382 42
1698187885882 0.16830675303936005 43
1698187886173 0.15196563303470612 44
1698187886457 0.1907479166984558 45
1698187886760 0.1791473925113678 46
1698187887042 0.1655508428812027 47
1698187887315 0.1625150442123413 48
1698187887614 0.16302981972694397 49
