1698183873168 0.04151428863406181 0
1698183873274 0.00845577847212553 1
1698183873407 0.0022738671395927668 2
1698183873532 0.0016587440622970462 3
1698183873669 0.001235272386111319 4
1698183873832 0.0012858560075983405 5
1698183873999 0.0012230140855535865 6
1698183874136 0.001168171176686883 7
1698183874270 0.0009376833331771195 8
1698183874439 0.0010076549369841814 9
1698183874579 0.0008464481798000634 10
1698183874717 0.0009446525946259499 11
1698183874881 0.000985682592727244 12
1698183875038 0.0010026289382949471 13
1698183875178 0.0009710034937597811 14
1698183875333 0.0008850076701492071 15
1698183875469 0.0008687174413353205 16
1698183875594 0.000763078045565635 17
1698183875721 0.0007762081804685295 18
1698183875863 0.0008459841483272612 19
1698183875982 0.0008015012135729194 20
1698183876103 0.0007553764153271914 21
1698183876242 0.0007521171937696636 22
1698183876377 0.0007320842705667019 23
1698183876521 0.0007159293745644391 24
1698183876643 0.0006026245537213981 25
1698183876770 0.000631819071713835 26
1698183876908 0.0006785034202039242 27
1698183877028 0.0006371024646796286 28
1698183877150 0.0006464168545790017 29
1698183877280 0.0006760545657016337 30
1698183877401 0.0008007646538317204 31
1698183877519 0.0005777483456768095 32
1698183877650 0.0006488566286861897 33
1698183877777 0.0006735267234034836 34
1698183877921 0.000624153355602175 35
1698183878048 0.0006221368676051497 36
1698183878176 0.0006129180546849966 37
1698183878299 0.0006052676471881568 38
1698183878424 0.0005720151821151376 39
1698183878553 0.0005659303278662264 40
1698183878661 0.0007186101283878088 41
1698183878781 0.0007447956595569849 42
1698183878925 0.0006777442758902907 43
1698183879064 0.0006215335451997817 44
1698183879197 0.000649698602501303 45
1698183879319 0.0006559677422046661 46
1698183879436 0.0006147373933345079 47
1698183879559 0.0005553865339607 48
1698183879683 0.0006088838563300669 49
