1698184043529 0.03377990424633026 0
1698184043673 0.013863572850823402 1
1698184043813 0.009000017307698727 2
1698184043950 0.006439335644245148 3
1698184044089 0.004012010525912046 4
1698184044229 0.002924960106611252 5
1698184044369 0.0029289741069078445 6
1698184044526 0.0023218458518385887 7
1698184044666 0.0030815494246780872 8
1698184044803 0.002435975940898061 9
1698184044940 0.002291574142873287 10
1698184045077 0.0019942682702094316 11
1698184045222 0.0018656649626791477 12
1698184045371 0.0020908156875520945 13
1698184045510 0.0021633063443005085 14
1698184045646 0.0021308797877281904 15
1698184045786 0.00205378420650959 16
1698184045923 0.0016820086166262627 17
1698184046058 0.001820643083192408 18
1698184046188 0.0018851358909159899 19
1698184046334 0.0017011655727401376 20
1698184046478 0.001807259046472609 21
1698184046615 0.0015365428989753127 22
1698184046743 0.001819102093577385 23
1698184046871 0.0018510307418182492 24
1698184047005 0.0018908679485321045 25
1698184047140 0.001894839107990265 26
1698184047276 0.0018844589358195662 27
1698184047410 0.0015843380242586136 28
1698184047553 0.001503751496784389 29
1698184047692 0.0017299060709774494 30
1698184047830 0.0013708395417779684 31
1698184047974 0.0013749393401667476 32
1698184048102 0.0016159621300175786 33
1698184048221 0.0016015308210626245 34
1698184048349 0.0014107604511082172 35
1698184048486 0.001469713170081377 36
1698184048631 0.001709074480459094 37
1698184048771 0.001807361375540495 38
1698184048923 0.0016017212765291333 39
1698184049070 0.0015995900612324476 40
1698184049204 0.0013679077383130789 41
1698184049365 0.00137429463211447 42
1698184049504 0.0012317867949604988 43
1698184049637 0.0013914235169067979 44
1698184049772 0.001570363063365221 45
1698184049912 0.0015525585040450096 46
1698184050083 0.0013532964512705803 47
1698184050296 0.0013912910362705588 48
1698184050448 0.001459300983697176 49
