1698174357945 0.5181275606155396 0
1698174358250 0.18863655626773834 1
1698174358609 0.029447559267282486 2
1698174358898 0.02664153091609478 3
1698174359178 0.025701021775603294 4
1698174359466 0.020625310018658638 5
1698174359758 0.02042071707546711 6
1698174360046 0.02068348415195942 7
1698174360339 0.016916481778025627 8
1698174360626 0.017211128026247025 9
1698174360908 0.02031600847840309 10
1698174361205 0.015253975987434387 11
1698174361486 0.015393855050206184 12
1698174361768 0.013565575703978539 13
1698174362056 0.016341110691428185 14
1698174362369 0.01441569346934557 15
1698174362652 0.015370952896773815 16
1698174362954 0.014201654121279716 17
1698174363233 0.013779698871076107 18
1698174363522 0.014395047910511494 19
1698174363828 0.014733371324837208 20
1698174364145 0.012194735929369926 21
1698174364445 0.013469632714986801 22
1698174364735 0.012125056236982346 23
1698174365085 0.013780837878584862 24
1698174365406 0.01297203078866005 25
1698174365755 0.01252045203000307 26
1698174366093 0.014354430139064789 27
1698174366508 0.012149003334343433 28
1698174366845 0.011950814165174961 29
1698174367167 0.012183057144284248 30
1698174367489 0.012297311797738075 31
1698174367790 0.013778740540146828 32
1698174368120 0.011643586680293083 33
1698174368517 0.013211259618401527 34
1698174368920 0.012780912220478058 35
1698174369296 0.013247636146843433 36
1698174369606 0.013009760528802872 37
1698174369914 0.012512106448411942 38
1698174370263 0.012370881624519825 39
1698174370649 0.012565141543745995 40
1698174370964 0.012295598164200783 41
1698174371287 0.01159832812845707 42
1698174371587 0.01177060604095459 43
1698174371889 0.011487944982945919 44
1698174372228 0.012819655239582062 45
1698174372656 0.012339543551206589 46
1698174372989 0.011305464431643486 47
1698174373345 0.011401882395148277 48
1698174373663 0.011990361846983433 49
