1698229064977 0.027201147750020027 0
1698229065702 0.005042520351707935 1
1698229067526 0.003582647070288658 2
1698229067900 0.0026906481944024563 3
1698229068260 0.00216731708496809 4
1698229068618 0.0018551901448518038 5
1698229068995 0.0016172402538359165 6
1698229069332 0.001440082909539342 7
1698229069650 0.0012986939400434494 8
1698229069953 0.001215419266372919 9
1698229070412 0.0011372865410521626 10
1698229070742 0.0010612934129312634 11
1698229071073 0.0009851288050413132 12
1698229071696 0.0009834605734795332 13
1698229071975 0.0008958035032264888 14
1698229072302 0.0008516469970345497 15
1698229072587 0.000790049321949482 16
1698229073120 0.0007978056091815233 17
1698229073404 0.0007953073363751173 18
1698229073720 0.0007620170363225043 19
1698229074027 0.0007695548119954765 20
1698229074398 0.0007794111734256148 21
1698229074672 0.0007088666898198426 22
1698229074972 0.0007193247438408434 23
1698229075251 0.0007285042083822191 24
1698229075537 0.0008782874792814255 25
1698229075844 0.0007460426422767341 26
1698229076432 0.0006722102407366037 27
1698229076731 0.0007395611028186977 28
1698229077007 0.0007700013229623437 29
1698229077305 0.0007427535601891577 30
1698229077574 0.0006615241291001439 31
1698229077869 0.000705860962625593 32
1698229078162 0.0007214259239844978 33
1698229078483 0.0007057236507534981 34
1698229078792 0.0006611053831875324 35
1698229079100 0.0006358773680403829 36
1698229079373 0.0007047133985906839 37
1698229079664 0.0006546268123202026 38
1698229079962 0.0006948980153538287 39
1698229080440 0.0006645788671448827 40
1698229080732 0.0006356785888783634 41
1698229081024 0.0006733728805556893 42
1698229081298 0.0006612478755414486 43
1698229081582 0.000730404572095722 44
1698229081863 0.0006308693555183709 45
1698229082171 0.0006251776940189302 46
1698229082452 0.0006553411949425936 47
1698229082736 0.0006164901424199343 48
1698229083009 0.0005955256056040525 49
