1698178724149 0.0004491074359975755 0
1698178724375 0.00012824895384255797 1
1698178724594 0.00010340954759158194 2
1698178724812 0.00011632234964054078 3
1698178725026 7.969552098074928e-05 4
1698178725251 8.348458504769951e-05 5
1698178725477 7.360002200584859e-05 6
1698178725698 7.321337761823088e-05 7
1698178725920 7.357329013757408e-05 8
1698178726134 7.744423055555671e-05 9
1698178726373 8.546726894564927e-05 10
1698178726612 6.56935153529048e-05 11
1698178726836 6.946289067855105e-05 12
1698178727074 7.37066293368116e-05 13
1698178727300 6.15675890003331e-05 14
1698178727532 6.941842730157077e-05 15
1698178727764 6.573514110641554e-05 16
1698178727979 5.2371211495483294e-05 17
1698178728210 6.865672912681475e-05 18
1698178728452 6.682401726720855e-05 19
1698178728723 7.138392538763583e-05 20
1698178728963 6.425733590731397e-05 21
1698178729206 6.189147825352848e-05 22
1698178729488 5.8357785746920854e-05 23
1698178729828 5.9553571190917864e-05 24
1698178730074 6.051784293958917e-05 25
1698178730306 5.8346111472928897e-05 26
1698178730533 5.2747429435839877e-05 27
1698178730752 6.130059773568064e-05 28
1698178730969 6.283879338297993e-05 29
1698178731186 6.313023186521605e-05 30
1698178731467 5.8695979532785714e-05 31
1698178731687 7.982616079971194e-05 32
1698178731907 7.561802340205759e-05 33
1698178732129 6.894850230310112e-05 34
1698178732371 6.894390389788896e-05 35
1698178732594 5.925605000811629e-05 36
1698178732810 5.804777902085334e-05 37
1698178733026 5.8119949244428426e-05 38
1698178733268 5.754977973992936e-05 39
1698178733493 5.323286313796416e-05 40
1698178733712 5.2961637265980244e-05 41
1698178733938 5.808135392726399e-05 42
1698178734167 5.7793578889686614e-05 43
1698178734393 5.20436697115656e-05 44
1698178734611 5.721428897231817e-05 45
1698178734833 4.797608926310204e-05 46
1698178735055 5.8119589084526524e-05 47
1698178735275 4.472483487916179e-05 48
1698178735514 5.917888120166026e-05 49
