1698173346348 0.01459453720599413 0
1698173346707 0.0031228831503540277 1
1698173347075 0.0027191590052098036 2
1698173347434 0.002470887266099453 3
1698173347768 0.002609655261039734 4
1698173348137 0.002192842774093151 5
1698173348472 0.0019271927885711193 6
1698173348824 0.0016832153778523207 7
1698173349189 0.0021349703893065453 8
1698173349556 0.0017313113203272223 9
1698173349898 0.0015802711714059114 10
1698173350352 0.0015346237923949957 11
1698173350721 0.001281960285268724 12
1698173351236 0.0014662216417491436 13
1698173351619 0.0012784404680132866 14
1698173351952 0.001510698813945055 15
1698173352311 0.0012252641608938575 16
1698173352646 0.0012611342826858163 17
1698173352987 0.0012510314118117094 18
1698173353355 0.0013016358716413379 19
1698173353697 0.001382861053571105 20
1698173354048 0.0012021923903375864 21
1698173354417 0.0012130243703722954 22
1698173354802 0.0012434582458809018 23
1698173355321 0.0012250673025846481 24
1698173355662 0.001192613155581057 25
1698173356034 0.0009923030156642199 26
1698173356422 0.0012614496517926455 27
1698173356770 0.001114735729061067 28
1698173357106 0.0011874035699293017 29
1698173357506 0.0010769438231363893 30
1698173357863 0.0011325972154736519 31
1698173358221 0.0011030329624190927 32
1698173358612 0.0010750150540843606 33
1698173358988 0.0009643735247664154 34
1698173359475 0.0011861126404255629 35
1698173359920 0.0012299056397750974 36
1698173360367 0.0011036241194233298 37
1698173360915 0.0010238129179924726 38
1698173361347 0.0009456405532546341 39
1698173361753 0.0010919549968093634 40
1698173362189 0.0011621146695688367 41
1698173362631 0.001043311320245266 42
1698173363132 0.0009689720463939011 43
1698173363629 0.0009922361932694912 44
1698173364041 0.0011259628226980567 45
1698173364459 0.0009289832087233663 46
1698173364841 0.0009390780469402671 47
1698173365367 0.0011203831527382135 48
1698173365760 0.0009539903257973492 49
