1698173346348 48387.36328125 0
1698173346707 8803.0185546875 1
1698173347075 12396.3037109375 2
1698173347434 8437.9658203125 3
1698173347768 8343.75390625 4
1698173348137 9053.646484375 5
1698173348472 8175.08544921875 6
1698173348824 5803.0244140625 7
1698173349189 5100.03759765625 8
1698173349556 8173.37451171875 9
1698173349898 9352.720703125 10
1698173350352 7585.9990234375 11
1698173350721 9826.8720703125 12
1698173351236 9545.212890625 13
1698173351619 8784.9482421875 14
1698173351952 8133.83935546875 15
1698173352311 4359.13525390625 16
1698173352646 6535.966796875 17
1698173352987 8225.537109375 18
1698173353355 4688.681640625 19
1698173353697 6500.66455078125 20
1698173354048 6265.2744140625 21
1698173354417 5022.8017578125 22
1698173354802 1022.5638427734375 23
1698173355321 9334.7265625 24
1698173355662 8069.24072265625 25
1698173356034 6766.52099609375 26
1698173356422 6923.33984375 27
1698173356770 6739.205078125 28
1698173357106 4665.564453125 29
1698173357506 6189.6181640625 30
1698173357863 2965.62255859375 31
1698173358221 4049.2109375 32
1698173358612 7572.40771484375 33
1698173358988 3300.27294921875 34
1698173359475 5408.10400390625 35
1698173359920 666.3670043945312 36
1698173360367 6514.1806640625 37
1698173360915 11406.7998046875 38
1698173361347 9386.8125 39
1698173361753 5182.35205078125 40
1698173362189 5867.51318359375 41
1698173362631 4395.6083984375 42
1698173363132 4981.4111328125 43
1698173363629 2721.17724609375 44
1698173364041 8351.95703125 45
1698173364459 4911.04248046875 46
1698173364841 3439.287353515625 47
1698173365367 1783.81689453125 48
1698173365760 2275.913330078125 49
