1698186144814 14.003499984741211 0
1698186145070 4.928327560424805 1
1698186145318 3.5831594467163086 2
1698186145601 3.519777536392212 3
1698186145889 3.1132736206054688 4
1698186146230 2.8518269062042236 5
1698186146484 2.4677493572235107 6
1698186146733 2.222487211227417 7
1698186146997 2.2620370388031006 8
1698186147301 2.5293779373168945 9
1698186147574 2.0722696781158447 10
1698186147902 1.9624112844467163 11
1698186148174 2.322075843811035 12
1698186148468 2.106795310974121 13
1698186148770 1.7216795682907104 14
1698186149029 2.059844970703125 15
1698186149275 2.0408027172088623 16
1698186149519 1.83705735206604 17
1698186149782 1.5416055917739868 18
1698186150022 2.1787073612213135 19
1698186150276 1.6376996040344238 20
1698186150524 1.6647357940673828 21
1698186150787 1.9112050533294678 22
1698186151051 1.711136817932129 23
1698186151323 1.8657333850860596 24
1698186151580 1.5767196416854858 25
1698186151829 1.632619023323059 26
1698186152080 1.652450680732727 27
1698186152330 1.6669570207595825 28
1698186152581 1.4538127183914185 29
1698186152854 1.625943899154663 30
1698186153103 1.5854272842407227 31
1698186153352 1.6787728071212769 32
1698186153592 1.603738784790039 33
1698186153863 1.5686824321746826 34
1698186154108 1.607885479927063 35
1698186154350 1.39378821849823 36
1698186154597 1.6417193412780762 37
1698186154867 1.9453656673431396 38
1698186155115 1.2946903705596924 39
1698186155358 1.418381690979004 40
1698186155599 1.525387167930603 41
1698186155854 1.2863770723342896 42
1698186156112 1.7368372678756714 43
1698186156363 1.367438793182373 44
1698186156633 1.3236956596374512 45
1698186156882 1.3804831504821777 46
1698186157139 1.5322102308273315 47
1698186157391 1.4060535430908203 48
1698186157649 1.2280871868133545 49
