1698175364960 44066.046875 0
1698175365141 3447.348876953125 1
1698175365329 9401.873046875 2
1698175365539 8924.58203125 3
1698175365734 4461.423828125 4
1698175365910 3008.33349609375 5
1698175366088 3979.967041015625 6
1698175366280 5967.78125 7
1698175366449 3518.344482421875 8
1698175366620 8769.6083984375 9
1698175366801 3655.876220703125 10
1698175366976 5114.16552734375 11
1698175367151 7144.2431640625 12
1698175367315 7639.2685546875 13
1698175367512 4534.2646484375 14
1698175367705 10245.8037109375 15
1698175367930 8144.69482421875 16
1698175368106 8223.029296875 17
1698175368289 5283.83349609375 18
1698175368487 8857.1123046875 19
1698175368655 5787.703125 20
1698175368843 6719.89306640625 21
1698175369020 5837.60693359375 22
1698175369200 5872.353515625 23
1698175369376 4225.09326171875 24
1698175369555 6313.45458984375 25
1698175369726 5686.2265625 26
1698175369893 5924.52734375 27
1698175370065 3482.30078125 28
1698175370238 6967.0107421875 29
1698175370435 3749.8447265625 30
1698175370609 2959.566650390625 31
1698175370789 5671.53857421875 32
1698175370969 4445.43798828125 33
1698175371189 6545.734375 34
1698175371364 2313.288330078125 35
1698175371543 6156.47216796875 36
1698175371719 5555.74560546875 37
1698175371901 6926.869140625 38
1698175372074 4473.72216796875 39
1698175372263 6490.0546875 40
1698175372443 5628.947265625 41
1698175372630 7467.8955078125 42
1698175372800 6018.1806640625 43
1698175372977 4928.2470703125 44
1698175373195 4778.197265625 45
1698175373397 7756.41357421875 46
1698175373585 7821.06591796875 47
1698175373775 5048.32080078125 48
1698175374070 4249.947265625 49
