1698182496988 124881704.0 0
1698182497169 17938352.0 1
1698182497351 15371682.0 2
1698182497605 17492112.0 3
1698182497824 16329222.0 4
1698182497997 13397437.0 5
1698182498178 12429559.0 6
1698182498360 12382234.0 7
1698182498586 11259424.0 8
1698182498821 10558755.0 9
1698182499033 12655515.0 10
1698182499221 13372173.0 11
1698182499406 9769771.0 12
1698182499601 13414785.0 13
1698182499843 8992112.0 14
1698182500170 8049789.5 15
1698182500376 8349255.5 16
1698182500552 10999380.0 17
1698182500725 7607910.5 18
1698182500903 8224969.5 19
1698182501076 8244588.5 20
1698182501280 10558290.0 21
1698182501468 9703852.0 22
1698182501649 8655285.0 23
1698182501825 8439128.0 24
1698182502004 9369460.0 25
1698182502186 9065987.0 26
1698182502371 8113714.5 27
1698182502543 8923941.0 28
1698182502712 7839960.0 29
1698182502879 8785565.0 30
1698182503048 7780295.0 31
1698182503215 9602200.0 32
1698182503382 7992510.5 33
1698182503571 10366127.0 34
1698182503745 8050705.5 35
1698182503921 7549539.0 36
1698182504091 7239970.0 37
1698182504262 7360753.0 38
1698182504436 7674832.5 39
1698182504609 7286436.0 40
1698182504783 7919661.0 41
1698182504952 8359818.0 42
1698182505175 7947925.5 43
1698182505344 6716640.0 44
1698182505521 6810635.5 45
1698182505687 8451562.0 46
1698182505883 11204623.0 47
1698182506069 7809246.5 48
1698182506258 7503556.5 49
