1698185989014 26.42403221130371 0
1698185989192 13.222813606262207 1
1698185989368 11.699830055236816 2
1698185989566 11.316380500793457 3
1698185989804 10.986716270446777 4
1698185989996 11.699649810791016 5
1698185990174 10.932804107666016 6
1698185990373 10.926286697387695 7
1698185990554 11.607701301574707 8
1698185990735 10.759387016296387 9
1698185990943 11.141966819763184 10
1698185991167 9.645451545715332 11
1698185991353 11.202818870544434 12
1698185991529 10.453567504882812 13
1698185991696 10.677725791931152 14
1698185991865 10.482359886169434 15
1698185992166 9.50001335144043 16
1698185992339 10.279541969299316 17
1698185992510 9.785627365112305 18
1698185992681 10.078251838684082 19
1698185992852 10.113917350769043 20
1698185993015 9.704363822937012 21
1698185993209 9.674160957336426 22
1698185993380 9.805218696594238 23
1698185993556 11.49102783203125 24
1698185993722 11.732050895690918 25
1698185993896 9.7054443359375 26
1698185994065 9.528220176696777 27
1698185994261 9.058918952941895 28
1698185994434 9.055636405944824 29
1698185994605 10.625929832458496 30
1698185994781 11.253715515136719 31
1698185994961 10.148239135742188 32
1698185995152 10.650724411010742 33
1698185995324 9.807356834411621 34
1698185995494 9.964890480041504 35
1698185995658 10.260063171386719 36
1698185995829 9.692375183105469 37
1698185996004 9.215876579284668 38
1698185996175 9.291091918945312 39
1698185996350 9.900226593017578 40
1698185996519 9.405075073242188 41
1698185996689 10.01334285736084 42
1698185996862 9.431844711303711 43
1698185997050 9.261919975280762 44
1698185997229 9.238510131835938 45
1698185997400 9.093435287475586 46
1698185997568 9.369807243347168 47
1698185997730 9.24020767211914 48
1698185997903 9.385170936584473 49
