1698167188855 33.493995666503906 0
1698167189240 18.446718215942383 1
1698167189453 15.078418731689453 2
1698167189709 14.9747896194458 3
1698167189917 13.717942237854004 4
1698167190143 13.482946395874023 5
1698167190322 12.900016784667969 6
1698167190492 12.271612167358398 7
1698167190675 12.639070510864258 8
1698167190856 12.309468269348145 9
1698167191056 12.480047225952148 10
1698167191241 11.757858276367188 11
1698167191435 12.08011531829834 12
1698167191628 11.510946273803711 13
1698167191825 11.473159790039062 14
1698167192004 11.799333572387695 15
1698167192211 11.606975555419922 16
1698167192425 11.93476676940918 17
1698167192668 11.532015800476074 18
1698167192847 11.338390350341797 19
1698167193036 10.984332084655762 20
1698167193218 11.849322319030762 21
1698167193388 11.431540489196777 22
1698167193580 11.710606575012207 23
1698167193765 11.594742774963379 24
1698167193961 11.404656410217285 25
1698167194171 11.154756546020508 26
1698167194374 10.60844612121582 27
1698167194616 10.607882499694824 28
1698167194828 10.521405220031738 29
1698167195019 10.663092613220215 30
1698167195228 10.490846633911133 31
1698167195406 10.422499656677246 32
1698167195584 10.606864929199219 33
1698167195775 10.543065071105957 34
1698167195998 10.314075469970703 35
1698167196239 10.398195266723633 36
1698167196468 10.344192504882812 37
1698167196690 10.397699356079102 38
1698167196878 10.156441688537598 39
1698167197078 10.907524108886719 40
1698167197314 10.580304145812988 41
1698167197619 10.464709281921387 42
1698167197852 10.64336109161377 43
1698167198053 10.205012321472168 44
1698167198310 10.288860321044922 45
1698167198584 10.125958442687988 46
1698167198827 10.145275115966797 47
1698167199513 9.944198608398438 48
1698167199771 10.018028259277344 49
