1698154076864 0.38524186611175537 0
1698154078388 0.2118464708328247 1
1698154079724 0.11799836158752441 2
1698154081000 0.08010554313659668 3
1698154081841 0.05362587422132492 4
1698154082825 0.036291252821683884 5
1698154083488 0.024578114971518517 6
1698154084148 0.017884893342852592 7
1698154084875 0.017248596996068954 8
1698154085577 0.017178276553750038 9
1698154086461 0.016717491671442986 10
1698154087150 0.019621437415480614 11
1698154087896 0.01724889874458313 12
1698154088659 0.016721516847610474 13
1698154089378 0.015265830792486668 14
1698154090068 0.01498372945934534 15
1698154090730 0.01487712748348713 16
1698154091410 0.015482297167181969 17
1698154092121 0.0144774429500103 18
1698154092788 0.015439473092556 19
1698154093455 0.015056333504617214 20
1698154094113 0.014444930478930473 21
1698154094766 0.01557016372680664 22
1698154095444 0.015132781118154526 23
1698154096097 0.013893422670662403 24
1698154096812 0.01525996532291174 25
1698154097493 0.014276417903602123 26
1698154098146 0.013861018233001232 27
1698154098838 0.014446831308305264 28
