1698153661032 0.0028314776718616486 0
1698153661277 0.0018250487046316266 1
1698153661528 0.00134672608692199 2
1698153661746 0.0010362248867750168 3
1698153661969 0.0009511084645055234 4
1698153662254 0.0008668926893733442 5
1698153662512 0.0008226531790569425 6
1698153662734 0.0007638095412403345 7
1698153662948 0.0007215146906673908 8
1698153663162 0.0006854525418020785 9
1698153663357 0.0006612453144043684 10
1698153663581 0.0006390108610503376 11
1698153663782 0.0006067845970392227 12
1698153663972 0.0005926041048951447 13
1698153664191 0.0005675029824487865 14
1698153664382 0.0005660530878230929 15
1698153664646 0.0005382235394790769 16
1698153664907 0.000529985991306603 17
1698153665133 0.0005077808164060116 18
1698153665462 0.000496970082167536 19
1698153665684 0.0004712917434517294 20
1698153665888 0.0004745845217257738 21
1698153666083 0.00046537446905858815 22
1698153666297 0.0004597331862896681 23
1698153666534 0.0004545144911389798 24
1698153666743 0.00044088487629778683 25
1698153666959 0.00043454961269162595 26
1698153667180 0.0004142386023886502 27
1698153667375 0.00042559116263873875 28
1698153667587 0.000414915441069752 29
1698153667788 0.0004075721080880612 30
1698153667982 0.0004065809480380267 31
1698153668182 0.0004006550880149007 32
1698153668389 0.0003946087963413447 33
1698153668579 0.0003933334955945611 34
1698153668787 0.00039886520244181156 35
1698153669044 0.0003926156205125153 36
1698153669301 0.0003910752711817622 37
