1698153661032 134.2359161376953 0
1698153661277 232.66844177246094 1
1698153661528 200.06076049804688 2
1698153661746 178.61520385742188 3
1698153661969 176.6779327392578 4
1698153662254 165.5229949951172 5
1698153662512 153.4525146484375 6
1698153662734 150.9974365234375 7
1698153662948 144.97804260253906 8
1698153663162 143.50352478027344 9
1698153663357 136.27613830566406 10
1698153663581 134.65126037597656 11
1698153663782 132.72637939453125 12
1698153663972 133.89019775390625 13
1698153664191 131.39593505859375 14
1698153664382 131.4882354736328 15
1698153664646 131.44281005859375 16
1698153664907 131.45700073242188 17
1698153665133 127.36897277832031 18
1698153665462 127.03553771972656 19
1698153665684 124.74758911132812 20
1698153665888 124.76798248291016 21
1698153666083 123.17372131347656 22
1698153666297 123.9305191040039 23
1698153666534 121.83782196044922 24
1698153666743 118.9085464477539 25
1698153666959 118.7613754272461 26
1698153667180 118.55310821533203 27
1698153667375 113.20532989501953 28
1698153667587 118.08917999267578 29
1698153667788 115.76256561279297 30
1698153667982 116.41454315185547 31
1698153668182 115.54696655273438 32
1698153668389 113.38407135009766 33
1698153668579 114.97222900390625 34
1698153668787 116.24049377441406 35
1698153669044 114.7034683227539 36
1698153669301 115.78135681152344 37
