1698188519802 13844.6083984375 0
1698188519923 733.2537841796875 1
1698188520042 761.745849609375 2
1698188520173 690.011962890625 3
1698188520335 672.398193359375 4
1698188520482 600.2582397460938 5
1698188520615 673.369140625 6
1698188520776 641.84912109375 7
1698188520908 522.9636840820312 8
1698188521039 581.2490234375 9
1698188521162 481.21234130859375 10
1698188521286 548.8933715820312 11
1698188521409 531.6853637695312 12
1698188521537 512.345703125 13
1698188521713 440.0464172363281 14
1698188521880 529.970458984375 15
1698188522052 470.2162170410156 16
1698188522201 533.7404174804688 17
1698188522323 441.6531677246094 18
1698188522447 477.1112976074219 19
1698188522568 462.8916320800781 20
1698188522691 455.9898986816406 21
1698188522814 465.7015380859375 22
1698188522935 443.1792297363281 23
1698188523060 455.9454650878906 24
1698188523202 453.7710266113281 25
1698188523322 435.87823486328125 26
1698188523447 421.0329284667969 27
1698188523569 475.7829284667969 28
1698188523693 455.2123718261719 29
1698188523816 504.0572814941406 30
1698188523938 511.0820007324219 31
1698188524059 455.2666015625 32
1698188524177 421.2852783203125 33
1698188524297 420.6274719238281 34
1698188524425 461.7895202636719 35
1698188524548 406.0527648925781 36
1698188524670 385.6891784667969 37
1698188524817 478.2755126953125 38
1698188524945 486.4955749511719 39
1698188525064 421.6142578125 40
1698188525186 361.5106201171875 41
1698188525307 443.9095153808594 42
1698188525429 388.86773681640625 43
1698188525551 411.1607360839844 44
1698188525676 374.111572265625 45
1698188525823 394.4409484863281 46
1698188525946 378.7674865722656 47
1698188526070 358.336181640625 48
1698188526197 399.3954772949219 49
1698188526317 377.95233154296875 50
1698188526442 350.076416015625 51
1698188526566 422.9785461425781 52
1698188526686 407.5062255859375 53
1698188526830 439.1270751953125 54
1698188526958 349.9779357910156 55
1698188527098 450.33465576171875 56
1698188527225 465.04156494140625 57
1698188527347 479.8484191894531 58
1698188527471 449.04779052734375 59
1698188527591 442.3912048339844 60
1698188527711 366.931640625 61
1698188527836 341.9128112792969 62
1698188527958 332.90399169921875 63
1698188528080 379.854736328125 64
1698188528200 395.4999694824219 65
1698188528319 412.9589538574219 66
1698188528441 361.570556640625 67
1698188528568 400.1645812988281 68
1698188528688 394.2341003417969 69
1698188528833 336.6451721191406 70
1698188528975 406.552978515625 71
1698188529104 348.50830078125 72
1698188529232 326.3858947753906 73
1698188529353 382.34820556640625 74
1698188529479 412.72845458984375 75
1698188529604 380.8037109375 76
1698188529729 414.1909484863281 77
1698188529875 374.0164794921875 78
1698188529992 363.9392395019531 79
1698188530140 371.3810729980469 80
1698188530267 319.3628845214844 81
1698188530390 388.2694396972656 82
1698188530513 365.31707763671875 83
1698188530635 326.4394226074219 84
1698188530759 316.13836669921875 85
1698188530885 352.23419189453125 86
1698188531006 379.9168395996094 87
1698188531218 351.73150634765625 88
1698188531348 344.3766784667969 89
1698188531468 334.12646484375 90
1698188531583 346.9967041015625 91
1698188531702 358.2900695800781 92
1698188531837 332.4429626464844 93
1698188531960 344.1124572753906 94
1698188532080 352.6282653808594 95
1698188532213 313.9571533203125 96
1698188532347 307.4480895996094 97
1698188532480 325.5171203613281 98
1698188532605 341.9631042480469 99
