1698185567507 0.007011308800429106 0
1698185567753 0.0017937372904270887 1
1698185568008 0.0017188170459121466 2
1698185568263 0.0014211030211299658 3
1698185569157 0.001259954646229744 4
1698185569427 0.001219656434841454 5
1698185569674 0.0011199036380276084 6
1698185569924 0.0017694552661851048 7
1698185570158 0.0013023988576605916 8
1698185570402 0.0011770320124924183 9
1698185570659 0.0011936884839087725 10
1698185570910 0.0011071745539084077 11
1698185571162 0.0011459714733064175 12
1698185571432 0.000992850516922772 13
