1698185689550 0.01423287857323885 0
1698185689894 0.007342031691223383 1
1698185690245 0.007194154895842075 2
1698185690597 0.005466147791594267 3
1698185690969 0.004703884478658438 4
1698185691321 0.0046797627583146095 5
1698185691679 0.0049251713789999485 6
1698185692074 0.004016301594674587 7
1698185692433 0.003206356428563595 8
1698185692824 0.0038051053415983915 9
1698185693248 0.00306176976300776 10
1698185693632 0.004419218748807907 11
1698185693998 0.0037159970961511135 12
1698185694464 0.0032046714331954718 13
1698185694849 0.0032824187073856592 14
1698185695232 0.002472584368661046 15
1698185695664 0.0029159821569919586 16
1698185696055 0.0025420072488486767 17
1698185696412 0.002620439510792494 18
1698185696762 0.0023361975327134132 19
1698185697144 0.0023436392657458782 20
1698185697512 0.002360790967941284 21
1698185697866 0.0028630171436816454 22
1698185698220 0.003020299831405282 23
1698185698577 0.002089377958327532 24
1698185698945 0.0024141031317412853 25
1698185699296 0.002253107260912657 26
1698185699683 0.0024028783664107323 27
1698185700030 0.0022074903827160597 28
1698185700385 0.002167254686355591 29
1698185700758 0.0025632218457758427 30
1698185701113 0.0021775313653051853 31
1698185701516 0.002442361554130912 32
1698185701856 0.0019314087694510818 33
1698185702228 0.001982462126761675 34
1698185702586 0.0020748090464621782 35
1698185702945 0.0020654588006436825 36
1698185703297 0.0024293665774166584 37
1698185703643 0.002267570234835148 38
1698185704011 0.0017062000697478652 39
1698185704367 0.002217409200966358 40
1698185704713 0.002393133006989956 41
1698185705085 0.0023951127659529448 42
1698185705449 0.0020463240798562765 43
1698185705803 0.0024077221751213074 44
1698185706178 0.002270359778776765 45
1698185706628 0.002295163692906499 46
1698185707049 0.0017224050825461745 47
1698185707435 0.0018196075689047575 48
1698185707869 0.0018617815803736448 49
