1698180586111 0.04278697818517685 0
1698180586276 0.009969637729227543 1
1698180586420 0.008896238170564175 2
1698180586541 0.008108021691441536 3
1698180586675 0.008512617088854313 4
1698180586802 0.006897955201566219 5
1698180586930 0.006398495752364397 6
1698180587061 0.005925264209508896 7
1698180587222 0.006575331091880798 8
1698180587349 0.006355629302561283 9
1698180587474 0.0057285623624920845 10
1698180587602 0.006852520164102316 11
1698180587718 0.006274358835071325 12
1698180587842 0.0055686105042696 13
1698180587960 0.005131615791469812 14
1698180588086 0.006115646567195654 15
1698180588205 0.005046006757766008 16
1698180588327 0.005530329886823893 17
1698180588449 0.005476662423461676 18
1698180588579 0.0053452313877642155 19
1698180588707 0.005011289846152067 20
1698180588827 0.0047898669727146626 21
1698180588942 0.003955519292503595 22
1698180589063 0.0050156922079622746 23
1698180589178 0.005650623235851526 24
1698180589322 0.004820362199097872 25
1698180589439 0.004751053638756275 26
1698180589549 0.004252956248819828 27
1698180589660 0.004917749669402838 28
1698180589774 0.0042297570034861565 29
1698180589892 0.004480379167944193 30
1698180590016 0.004576449282467365 31
1698180590123 0.004548465833067894 32
1698180590243 0.004531385842710733 33
1698180590354 0.004855487961322069 34
1698180590474 0.004513268359005451 35
1698180590581 0.00446044746786356 36
1698180590712 0.004345704801380634 37
1698180590837 0.0041697886772453785 38
1698180590947 0.004619124345481396 39
1698180591073 0.0045774891041219234 40
1698180591217 0.004232460632920265 41
1698180591342 0.005136309657245874 42
1698180591457 0.00379580189473927 43
1698180591576 0.00388638605363667 44
1698180591687 0.0037836781702935696 45
1698180591807 0.00430265674367547 46
1698180591916 0.004068287555128336 47
1698180592028 0.004558369051665068 48
1698180592147 0.00341365416534245 49
