1698180586111 28.527864456176758 0
1698180586276 13.352388381958008 1
1698180586420 11.576494216918945 2
1698180586541 11.55636215209961 3
1698180586675 11.286965370178223 4
1698180586802 10.363754272460938 5
1698180586930 10.304586410522461 6
1698180587061 9.783502578735352 7
1698180587222 9.751819610595703 8
1698180587349 9.973891258239746 9
1698180587474 8.91958999633789 10
1698180587602 9.330924987792969 11
1698180587718 8.744267463684082 12
1698180587842 9.145195960998535 13
1698180587960 8.728754043579102 14
1698180588086 8.44861125946045 15
1698180588205 8.621037483215332 16
1698180588327 8.560843467712402 17
1698180588449 8.111016273498535 18
1698180588579 8.369564056396484 19
1698180588707 8.531915664672852 20
1698180588827 7.813072204589844 21
1698180588942 7.486059665679932 22
1698180589063 7.917425155639648 23
1698180589178 8.022418022155762 24
1698180589322 7.819861888885498 25
1698180589439 7.811795711517334 26
1698180589549 7.966113567352295 27
1698180589660 7.695922374725342 28
1698180589774 7.753432750701904 29
1698180589892 8.0052490234375 30
1698180590016 7.466272830963135 31
1698180590123 7.408679008483887 32
1698180590243 7.2742486000061035 33
1698180590354 8.006841659545898 34
1698180590474 7.622331142425537 35
1698180590581 7.13621711730957 36
1698180590712 7.244042873382568 37
1698180590837 7.611708641052246 38
1698180590947 7.169007778167725 39
1698180591073 7.0395121574401855 40
1698180591217 6.997441291809082 41
1698180591342 7.206939697265625 42
1698180591457 6.783449172973633 43
1698180591576 7.013522624969482 44
1698180591687 6.748660087585449 45
1698180591807 6.774658203125 46
1698180591916 7.162481784820557 47
1698180592028 6.740192413330078 48
1698180592147 6.227514266967773 49
