1698184909043 455.8683166503906 0
1698184909943 126.36125183105469 1
1698184910846 89.43130493164062 2
1698184911733 85.49345397949219 3
1698184912740 72.38591003417969 4
1698184913767 67.43534851074219 5
1698184914768 90.35941314697266 6
1698184915767 65.28936767578125 7
1698184916669 77.34693145751953 8
1698184917555 71.31843566894531 9
1698184918439 70.13098907470703 10
1698184919350 44.41714096069336 11
1698184920226 52.633426666259766 12
1698184921146 49.88686752319336 13
1698184922072 45.877227783203125 14
1698184922969 48.48505401611328 15
1698184923872 44.636714935302734 16
1698184924779 40.012516021728516 17
1698184925701 40.4715461730957 18
1698184926696 55.784854888916016 19
1698184927665 45.38569259643555 20
1698184928629 41.97331619262695 21
1698184929668 40.64189147949219 22
1698184930575 36.425514221191406 23
1698184931457 41.77989959716797 24
1698184932372 45.12018585205078 25
1698184933265 43.077205657958984 26
1698184934171 41.589454650878906 27
1698184935173 49.15180206298828 28
1698184936070 34.011985778808594 29
1698184936951 37.56596374511719 30
1698184937832 31.702354431152344 31
1698184938729 55.67870330810547 32
1698184939648 39.229557037353516 33
1698184940643 44.996028900146484 34
1698184941598 44.878719329833984 35
1698184942606 33.629520416259766 36
1698184943617 35.53121566772461 37
1698184944511 42.781185150146484 38
1698184945404 40.55575180053711 39
1698184946279 34.71332550048828 40
1698184947190 27.59222984313965 41
1698184948164 34.05046463012695 42
1698184949039 38.20463180541992 43
1698184949909 36.09712219238281 44
1698184950827 39.82170867919922 45
1698184951731 27.709327697753906 46
1698184952603 36.754364013671875 47
1698184953495 23.380163192749023 48
1698184954428 45.405723571777344 49
