1698184909043 78.38439178466797 0
1698184909943 40.14706039428711 1
1698184910846 27.72673797607422 2
1698184911733 22.548114776611328 3
1698184912740 19.1715145111084 4
1698184913767 19.043466567993164 5
1698184914768 18.153600692749023 6
1698184915767 17.094568252563477 7
1698184916669 16.882478713989258 8
1698184917555 17.610532760620117 9
1698184918439 17.331886291503906 10
1698184919350 16.196292877197266 11
1698184920226 15.242117881774902 12
1698184921146 16.127140045166016 13
1698184922072 15.68955135345459 14
1698184922969 15.950496673583984 15
1698184923872 15.731216430664062 16
1698184924779 15.379643440246582 17
1698184925701 16.174043655395508 18
1698184926696 16.42736053466797 19
1698184927665 16.259721755981445 20
1698184928629 14.733532905578613 21
1698184929668 16.334325790405273 22
1698184930575 15.109930038452148 23
1698184931457 14.904864311218262 24
1698184932372 14.643794059753418 25
1698184933265 15.179192543029785 26
1698184934171 14.157133102416992 27
1698184935173 15.963077545166016 28
1698184936070 14.463630676269531 29
1698184936951 14.84253215789795 30
1698184937832 13.745607376098633 31
1698184938729 16.708354949951172 32
1698184939648 14.821257591247559 33
1698184940643 14.078874588012695 34
1698184941598 14.271869659423828 35
1698184942606 15.29399299621582 36
1698184943617 14.269991874694824 37
1698184944511 14.239227294921875 38
1698184945404 15.017827987670898 39
1698184946279 14.836063385009766 40
1698184947190 13.63351821899414 41
1698184948164 13.797755241394043 42
1698184949039 16.46044158935547 43
1698184949909 13.96085262298584 44
1698184950827 15.006247520446777 45
1698184951731 14.473361015319824 46
1698184952603 14.922547340393066 47
1698184953495 12.72484016418457 48
1698184954428 14.416783332824707 49
