1698158264329 0.912865400314331 0
1698158265194 0.8947290182113647 1
1698158266070 0.8760025501251221 2
1698158266905 0.850714385509491 3
1698158267834 0.8153274059295654 4
1698158268675 0.7516148686408997 5
1698158269546 0.6502357125282288 6
1698158270438 0.5400645136833191 7
1698158271517 0.5146350860595703 8
1698158272437 0.4970748722553253 9
1698158273419 0.48189350962638855 10
1698158274288 0.4703194797039032 11
1698158275148 0.4586704671382904 12
1698158276010 0.44411569833755493 13
1698158276861 0.4285818636417389 14
1698158277715 0.41423550248146057 15
1698158278600 0.39775192737579346 16
1698158279655 0.3834386169910431 17
1698158280683 0.3635452389717102 18
1698158281567 0.34711572527885437 19
1698158282478 0.3336242735385895 20
1698158283331 0.32399019598960876 21
1698158284213 0.3099590837955475 22
1698158285076 0.301230788230896 23
1698158285944 0.29248422384262085 24
1698158286800 0.2845170497894287 25
1698158287641 0.274342805147171 26
1698158288601 0.26667264103889465 27
1698158289694 0.26052963733673096 28
1698158290545 0.2568936049938202 29
1698158291395 0.25110775232315063 30
1698158292246 0.24620185792446136 31
1698158293134 0.24210664629936218 32
1698158294015 0.2388359159231186 33
1698158295063 0.23067998886108398 34
1698158296150 0.228584423661232 35
1698158297104 0.22612690925598145 36
1698158298137 0.22234538197517395 37
1698158299090 0.2167057991027832 38
1698158299968 0.21552041172981262 39
1698158300886 0.20972733199596405 40
1698158301705 0.2062925100326538 41
1698158302603 0.20411813259124756 42
1698158303447 0.1998981386423111 43
1698158304349 0.20049656927585602 44
1698158305216 0.19808988273143768 45
1698158306097 0.19319692254066467 46
1698158307165 0.18842673301696777 47
1698158308026 0.18765310943126678 48
1698158308879 0.18316690623760223 49
1698158309761 0.18480871617794037 50
1698158310639 0.17937791347503662 51
1698158311518 0.17801116406917572 52
1698158312375 0.17665685713291168 53
1698158313222 0.17405202984809875 54
1698158314092 0.16926167905330658 55
1698158315246 0.1697334498167038 56
1698158316173 0.16730350255966187 57
1698158317045 0.16354824602603912 58
1698158317931 0.16235168278217316 59
1698158318771 0.1596333235502243 60
1698158319618 0.15877434611320496 61
1698158320508 0.15600843727588654 62
1698158321358 0.15448538959026337 63
1698158322288 0.15251220762729645 64
1698158323142 0.15049666166305542 65
1698158324116 0.14981262385845184 66
1698158324986 0.1478298306465149 67
1698158325910 0.14288443326950073 68
1698158326783 0.14459741115570068 69
1698158327642 0.1399560123682022 70
1698158328497 0.14304950833320618 71
1698158329392 0.13920195400714874 72
1698158330237 0.13765832781791687 73
1698158331168 0.13670474290847778 74
1698158332184 0.13614413142204285 75
1698158333213 0.13345284759998322 76
1698158334049 0.13240225613117218 77
1698158334886 0.13135385513305664 78
1698158335730 0.12833943963050842 79
1698158336669 0.12851230800151825 80
1698158337521 0.12495282292366028 81
1698158338394 0.12614822387695312 82
1698158339240 0.1245984211564064 83
1698158340122 0.12372896820306778 84
1698158341063 0.12076965719461441 85
1698158342107 0.11949299275875092 86
1698158343050 0.12069020420312881 87
1698158344118 0.11968754231929779 88
1698158345103 0.1187707930803299 89
1698158346012 0.11761703342199326 90
1698158346906 0.1141362190246582 91
1698158347845 0.11467202007770538 92
1698158348810 0.112172931432724 93
1698158349834 0.1109132170677185 94
1698158350876 0.10912185907363892 95
1698158351769 0.10876044631004333 96
1698158352685 0.1083519458770752 97
1698158353571 0.10750630497932434 98
1698158354458 0.10707011073827744 99
