1698158264329 98.73575592041016 0
1698158265194 93.9793701171875 1
1698158266070 87.33705139160156 2
1698158266905 78.42007446289062 3
1698158267834 68.98670959472656 4
1698158268675 64.70467376708984 5
1698158269546 70.93016815185547 6
1698158270438 86.59783172607422 7
1698158271517 96.51008605957031 8
1698158272437 102.7441177368164 9
1698158273419 107.41551971435547 10
1698158274288 110.09432220458984 11
1698158275148 113.15132904052734 12
1698158276010 115.14949798583984 13
1698158276861 114.55833435058594 14
1698158277715 116.34005737304688 15
1698158278600 115.44667053222656 16
1698158279655 111.86540985107422 17
1698158280683 110.95153045654297 18
1698158281567 107.93368530273438 19
1698158282478 100.6512451171875 20
1698158283331 94.51146697998047 21
1698158284213 85.77015686035156 22
1698158285076 80.91725158691406 23
1698158285944 77.2767333984375 24
1698158286800 73.54486083984375 25
1698158287641 72.66262817382812 26
1698158288601 71.90642547607422 27
1698158289694 71.97692108154297 28
1698158290545 72.24502563476562 29
1698158291395 71.86894226074219 30
1698158292246 71.48905944824219 31
1698158293134 70.81230926513672 32
1698158294015 70.17477416992188 33
1698158295063 69.52801513671875 34
1698158296150 69.17918395996094 35
1698158297104 68.63578033447266 36
1698158298137 68.9765396118164 37
1698158299090 68.28599548339844 38
1698158299968 68.2766342163086 39
1698158300886 69.07736206054688 40
1698158301705 67.65432739257812 41
1698158302603 68.90875244140625 42
1698158303447 66.65390014648438 43
1698158304349 68.45225524902344 44
1698158305216 66.94182586669922 45
1698158306097 69.17285919189453 46
1698158307165 67.21662902832031 47
1698158308026 68.02849578857422 48
1698158308879 66.61140441894531 49
1698158309761 68.63504028320312 50
1698158310639 66.86287689208984 51
1698158311518 67.60160827636719 52
1698158312375 67.8672866821289 53
1698158313222 67.98710632324219 54
1698158314092 67.84258270263672 55
1698158315246 67.82874298095703 56
1698158316173 66.20001983642578 57
1698158317045 66.85549926757812 58
1698158317931 67.44587707519531 59
1698158318771 67.4115219116211 60
1698158319618 66.70143127441406 61
1698158320508 65.49632263183594 62
1698158321358 67.90477752685547 63
1698158322288 66.24153900146484 64
1698158323142 67.03535461425781 65
1698158324116 65.86994934082031 66
1698158324986 66.10740661621094 67
1698158325910 65.85382843017578 68
1698158326783 65.85176086425781 69
1698158327642 65.22236633300781 70
1698158328497 65.27890014648438 71
1698158329392 64.28878784179688 72
1698158330237 65.83190155029297 73
1698158331168 63.78078842163086 74
1698158332184 64.4706802368164 75
1698158333213 64.6688003540039 76
1698158334049 63.632286071777344 77
1698158334886 63.164085388183594 78
1698158335730 63.5339241027832 79
1698158336669 63.63685607910156 80
1698158337521 62.53639602661133 81
1698158338394 63.51337814331055 82
1698158339240 61.49674987792969 83
1698158340122 62.834476470947266 84
1698158341063 62.48483657836914 85
1698158342107 61.37859344482422 86
1698158343050 59.7523307800293 87
1698158344118 61.029754638671875 88
1698158345103 59.04042434692383 89
1698158346012 60.78667449951172 90
1698158346906 59.83611297607422 91
1698158347845 58.40769577026367 92
1698158348810 58.911407470703125 93
1698158349834 59.603050231933594 94
1698158350876 58.193424224853516 95
1698158351769 57.74652099609375 96
1698158352685 57.674625396728516 97
1698158353571 57.659053802490234 98
1698158354458 57.89936447143555 99
