1698181575171 0.0002702696656342596 0
1698181575310 2.333457268832717e-05 1
1698181575440 1.8380116671323776e-05 2
1698181575571 1.9241626432631165e-05 3
1698181575700 1.7809768905863166e-05 4
1698181575840 1.707901174086146e-05 5
1698181575965 1.8826360246748663e-05 6
1698181576096 1.9311630239826627e-05 7
1698181576225 1.7988031686400063e-05 8
1698181576363 1.993572550418321e-05 9
1698181576510 1.8610498955240473e-05 10
1698181576631 1.865405101852957e-05 11
1698181576767 1.710161814116873e-05 12
1698181576899 2.0157976905466057e-05 13
1698181577022 1.7929296518559568e-05 14
1698181577158 1.754733602865599e-05 15
1698181577291 1.6831820175866596e-05 16
1698181577423 1.4848310456727631e-05 17
1698181577558 1.8865352103603072e-05 18
1698181577714 1.5989575331332162e-05 19
1698181577852 1.735859041218646e-05 20
1698181577990 1.6212341506616212e-05 21
1698181578143 1.5612487914040685e-05 22
1698181578269 1.597429763933178e-05 23
1698181578393 1.4826934602751862e-05 24
1698181578534 1.527880522189662e-05 25
1698181578674 1.8789569367072545e-05 26
1698181578806 1.6436097212135792e-05 27
1698181578934 1.4906722753948998e-05 28
1698181579063 1.807117041607853e-05 29
1698181579192 1.6488165783812292e-05 30
1698181579337 2.0892295651719905e-05 31
1698181579480 2.0585317543009296e-05 32
1698181579618 1.5741919924039394e-05 33
1698181579752 1.7520289475214668e-05 34
1698181579898 1.5391280612675473e-05 35
1698181580035 1.547417377878446e-05 36
1698181580179 1.9301061911392026e-05 37
1698181580322 1.6446816516690888e-05 38
1698181580485 1.803990380722098e-05 39
1698181580662 1.5646823158022016e-05 40
1698181580812 1.6230236724368297e-05 41
1698181580950 1.718094245006796e-05 42
1698181581111 1.5512285244767554e-05 43
1698181581259 1.7850770746008493e-05 44
1698181581410 1.5591669580317102e-05 45
1698181581564 1.5115634596440941e-05 46
1698181581734 1.4063175513001624e-05 47
1698181581877 1.589126441103872e-05 48
1698181582012 1.6538000636501238e-05 49
