1698155624818 0.06287939101457596 0
1698155625993 0.03554466366767883 1
1698155627005 0.02697310782968998 2
1698155628069 0.020387796685099602 3
1698155629322 0.01721818558871746 4
1698155630576 0.015559143386781216 5
1698155631756 0.014148548245429993 6
1698155633056 0.012860987335443497 7
1698155634398 0.011863382533192635 8
1698155635648 0.011520521715283394 9
1698155636845 0.010810435749590397 10
1698155637860 0.010308855213224888 11
1698155638911 0.009844145737588406 12
1698155640001 0.00950182881206274 13
1698155641109 0.009185293689370155 14
1698155642425 0.008904553949832916 15
