1698148669374 54.821678161621094 0
1698148671142 33.936954498291016 1
1698148672599 27.208518981933594 2
1698148674069 24.082746505737305 3
1698148675558 22.95368194580078 4
1698148677151 21.696943283081055 5
1698148678714 20.87053680419922 6
1698148680164 20.084442138671875 7
1698148681671 19.265106201171875 8
1698148683264 19.433059692382812 9
1698148684756 19.0448055267334 10
1698148686219 18.69687271118164 11
1698148687707 18.118432998657227 12
1698148689203 18.146312713623047 13
1698148690745 18.59023094177246 14
1698148692341 17.50212860107422 15
1698148693768 17.489038467407227 16
1698148695268 17.687904357910156 17
1698148696863 17.45958137512207 18
1698148698327 17.5914363861084 19
1698148699832 17.084426879882812 20
1698148701339 17.185487747192383 21
1698148703024 17.173770904541016 22
1698148704502 17.113292694091797 23
1698148705995 17.622943878173828 24
1698148707469 17.22964859008789 25
1698148709031 17.417387008666992 26
1698148710524 17.358444213867188 27
1698148712274 17.030527114868164 28
1698148713775 17.150728225708008 29
1698148715403 16.88066864013672 30
1698148716845 16.87383270263672 31
1698148718338 17.150270462036133 32
1698148719802 17.03417205810547 33
1698148721364 16.976299285888672 34
