1698169376868 0.01564699597656727 0
1698169377240 0.007466877344995737 1
1698169377515 0.0061881947331130505 2
1698169377850 0.005607445724308491 3
1698169378108 0.005185553338378668 4
1698169378363 0.005010779481381178 5
1698169378591 0.005222585052251816 6
1698169378828 0.004702665843069553 7
1698169379079 0.004460433032363653 8
1698169379353 0.004392416216433048 9
1698169379604 0.004427461884915829 10
1698169379838 0.004481323063373566 11
1698169380083 0.004321543499827385 12
1698169380331 0.0042790863662958145 13
1698169380563 0.004224330652505159 14
1698169380819 0.004073369782418013 15
1698169381051 0.004258560482412577 16
1698169381338 0.004113069735467434 17
1698169381700 0.003977338783442974 18
1698169382030 0.003998692613095045 19
1698169382606 0.004128593485802412 20
1698169383004 0.00407784478738904 21
1698169383385 0.0037256816867738962 22
1698169383684 0.0038193524815142155 23
1698169383978 0.003773678559809923 24
1698169384320 0.0038865343667566776 25
1698169384850 0.0037535789888352156 26
1698169385136 0.0036916560493409634 27
1698169385419 0.003866265993565321 28
1698169385693 0.0037181165535002947 29
1698169385940 0.0036368921864777803 30
1698169386216 0.004023035988211632 31
1698169386461 0.0036547889467328787 32
1698169386745 0.0038756420835852623 33
1698169386984 0.003857067320495844 34
1698169387232 0.003643486648797989 35
1698169387546 0.003731947857886553 36
1698169387825 0.0036611193791031837 37
1698169388115 0.003812972456216812 38
1698169388420 0.0037542323116213083 39
1698169388664 0.0037355597596615553 40
1698169388966 0.0036316385958343744 41
1698169389260 0.0036666104570031166 42
1698169389531 0.003723439760506153 43
1698169389768 0.003577602095901966 44
1698169390154 0.0034194134641438723 45
1698169390439 0.003493797965347767 46
1698169390723 0.003724873997271061 47
1698169390961 0.0034801240544766188 48
1698169391198 0.003491409355774522 49
