1698176584981 0.029770104214549065 0
1698176585254 0.007923342287540436 1
1698176585551 0.005846486426889896 2
1698176585835 0.005193091928958893 3
1698176586112 0.005027063190937042 4
1698176586408 0.005438499618321657 5
1698176586701 0.004895912948995829 6
1698176587023 0.004635893739759922 7
1698176587348 0.004323178436607122 8
1698176587621 0.00414819223806262 9
1698176587897 0.003963334485888481 10
1698176588175 0.004085671156644821 11
1698176588480 0.0035404241643846035 12
1698176588758 0.004073522053658962 13
1698176589035 0.003899499075487256 14
1698176589317 0.003914369735866785 15
1698176589592 0.003739021485671401 16
1698176589870 0.003628156380727887 17
1698176590193 0.0035292787943035364 18
1698176590480 0.0035915717016905546 19
1698176590756 0.004099227953702211 20
1698176591049 0.0034128306433558464 21
1698176591353 0.0036035424564033747 22
1698176591632 0.0034778020344674587 23
1698176591967 0.003813902148976922 24
1698176592296 0.002999912016093731 25
1698176592597 0.0037826718762516975 26
1698176593028 0.0036005822475999594 27
1698176593403 0.0037238709628582 28
1698176593903 0.003626986173912883 29
1698176594216 0.0029858630150556564 30
1698176594508 0.0033317431807518005 31
1698176594935 0.0035975808277726173 32
1698176595387 0.003252150723710656 33
1698176595739 0.003139818785712123 34
1698176596217 0.003145751543343067 35
1698176596555 0.0039154100231826305 36
1698176596853 0.0030844626016914845 37
1698176597164 0.0033343350514769554 38
1698176597596 0.0033378638327121735 39
1698176597884 0.0038351737894117832 40
1698176598194 0.003817023942247033 41
1698176598686 0.0037256493233144283 42
1698176599001 0.0031600117217749357 43
1698176599341 0.0032176922541111708 44
1698176599661 0.0031170640140771866 45
1698176599975 0.0033393006306141615 46
1698176600320 0.0034114066511392593 47
1698176600724 0.003684517228975892 48
1698176601073 0.0031542659271508455 49
