1698160859277 0.033931802958250046 0
1698160859975 0.013010770082473755 1
1698160860744 0.009256240911781788 2
1698160861610 0.007432276848703623 3
1698160862415 0.005935030989348888 4
1698160863122 0.005310460459440947 5
1698160863818 0.004729504231363535 6
1698160864474 0.004494436550885439 7
1698160865147 0.004264374729245901 8
1698160865819 0.0038891423027962446 9
1698160866461 0.004136728122830391 10
1698160867218 0.003942722454667091 11
1698160868008 0.003860445460304618 12
1698160868834 0.0037992598954588175 13
1698160869515 0.0038199450355023146 14
1698160870178 0.003695313585922122 15
1698160870982 0.0038287234492599964 16
1698160871928 0.0037765365559607744 17
1698160872592 0.003816823475062847 18
1698160873252 0.0038306396454572678 19
1698160873968 0.0039356546476483345 20
1698160874630 0.0037938395980745554 21
1698160875544 0.003674630541354418 22
