1698160859277 84722.3046875 0
1698160859975 69467.015625 1
1698160860744 68783.1015625 2
1698160861610 59101.56640625 3
1698160862415 63125.58984375 4
1698160863122 64717.7265625 5
1698160863818 65556.53125 6
1698160864474 60132.51953125 7
1698160865147 77921.015625 8
1698160865819 56128.171875 9
1698160866461 59666.6796875 10
1698160867218 44351.984375 11
1698160868008 55366.36328125 12
1698160868834 50360.3359375 13
1698160869515 69864.203125 14
1698160870178 52743.4765625 15
1698160870982 53828.45703125 16
1698160871928 46699.703125 17
1698160872592 48889.86328125 18
1698160873252 54933.3515625 19
1698160873968 59811.75390625 20
1698160874630 57189.9296875 21
1698160875544 44374.37890625 22
