1698159158359 0.882777214050293 0
1698159158620 0.42473551630973816 1
1698159158877 0.26393184065818787 2
1698159159137 0.20177914202213287 3
1698159159390 0.17159609496593475 4
1698159159685 0.1519954800605774 5
1698159159946 0.133817657828331 6
1698159160281 0.11888675391674042 7
1698159160692 0.10821577906608582 8
1698159160981 0.09990739822387695 9
1698159161301 0.09329648315906525 10
1698159161662 0.08677305281162262 11
1698159161963 0.08224857598543167 12
1698159162249 0.07642339915037155 13
1698159162510 0.07312211394309998 14
1698159162770 0.0697391927242279 15
