1698152296205 0.0017132553039118648 0
1698152296636 0.0007385957869701087 1
1698152297071 0.0006202509975992143 2
1698152297490 0.0005511215422302485 3
1698152297946 0.0004783632466569543 4
1698152298415 0.00044242653530091047 5
1698152298872 0.00041982956463471055 6
1698152299328 0.0004069515271112323 7
1698152299846 0.00038788688834756613 8
1698152300356 0.00037233601324260235 9
1698152300822 0.00036334831384010613 10
1698152301260 0.000349581241607666 11
1698152301697 0.00032968155574053526 12
1698152302124 0.0003294052730780095 13
1698152302551 0.00033005911973305047 14
1698152303013 0.0003184313827659935 15
1698152303482 0.0003132434794679284 16
1698152303946 0.00030886041349731386 17
1698152304423 0.00029977477970533073 18
1698152304893 0.0002982487203553319 19
1698152305322 0.0002927808673121035 20
1698152305764 0.00028279071557335556 21
1698152306197 0.00028221411048434675 22
1698152306680 0.0002810674486681819 23
1698152307311 0.00027134569245390594 24
1698152307770 0.00027405988657847047 25
