1698152296205 194.3084716796875 0
1698152296636 132.016845703125 1
1698152297071 124.17436218261719 2
1698152297490 115.82520294189453 3
1698152297946 99.92066192626953 4
1698152298415 93.52112579345703 5
1698152298872 87.36432647705078 6
1698152299328 86.06976318359375 7
1698152299846 87.67094421386719 8
1698152300356 81.92631530761719 9
1698152300822 80.38076782226562 10
1698152301260 76.7607192993164 11
1698152301697 75.22101593017578 12
1698152302124 72.01417541503906 13
1698152302551 75.01850128173828 14
1698152303013 70.05142211914062 15
1698152303482 69.3830337524414 16
1698152303946 69.94756317138672 17
1698152304423 69.02617645263672 18
1698152304893 66.17366027832031 19
1698152305322 65.11762237548828 20
1698152305764 65.63587188720703 21
1698152306197 63.487064361572266 22
1698152306680 64.78055572509766 23
1698152307311 62.8514289855957 24
1698152307770 64.19959259033203 25
