1698185966918 51.870819091796875 0
1698185967112 13.243901252746582 1
1698185967290 12.335869789123535 2
1698185967503 11.664286613464355 3
1698185967732 12.148869514465332 4
1698185967968 11.281843185424805 5
1698185968152 11.68026351928711 6
1698185968333 11.042206764221191 7
1698185968517 11.296431541442871 8
1698185968723 11.256937026977539 9
1698185968910 10.877917289733887 10
1698185969089 10.503612518310547 11
1698185969271 10.82829475402832 12
1698185969453 10.465516090393066 13
1698185969641 10.547550201416016 14
1698185969832 10.151567459106445 15
1698185970006 10.138946533203125 16
1698185970197 9.665826797485352 17
1698185970387 9.67376708984375 18
1698185970567 9.790606498718262 19
1698185970740 9.43352222442627 20
1698185970925 9.684372901916504 21
1698185971109 9.8222074508667 22
1698185971292 10.96710205078125 23
1698185971475 10.467529296875 24
1698185971657 9.292557716369629 25
1698185971860 9.854080200195312 26
1698185972052 9.315519332885742 27
1698185972237 9.337076187133789 28
1698185972418 9.038533210754395 29
1698185972595 9.481389045715332 30
1698185972770 8.8751859664917 31
1698185972979 9.11068344116211 32
1698185973161 9.090323448181152 33
1698185973344 10.246066093444824 34
1698185973527 9.239333152770996 35
1698185973709 8.47632122039795 36
1698185973925 8.456337928771973 37
1698185974109 8.116619110107422 38
1698185974302 9.435091972351074 39
1698185974485 8.802316665649414 40
1698185974689 8.266287803649902 41
1698185974875 8.241783142089844 42
1698185975052 8.3416748046875 43
1698185975238 8.548142433166504 44
1698185975456 8.751009941101074 45
1698185975683 8.86561107635498 46
1698185975918 9.511470794677734 47
1698185976112 9.095695495605469 48
1698185976299 8.845488548278809 49
