1698185950828 28.67249870300293 0
1698185950927 7.107945442199707 1
1698185951026 6.092981815338135 2
1698185951127 7.008530139923096 3
1698185951228 7.395801067352295 4
1698185951328 6.233132362365723 5
1698185951435 6.048376560211182 6
1698185951543 5.7415900230407715 7
1698185951677 6.259745121002197 8
1698185951782 5.9018378257751465 9
1698185951885 6.081826210021973 10
1698185951991 6.004027843475342 11
1698185952097 5.659985065460205 12
1698185952199 6.981021404266357 13
1698185952301 6.6478071212768555 14
1698185952404 5.294715404510498 15
1698185952514 5.924808979034424 16
1698185952615 6.1576056480407715 17
1698185952752 5.776976108551025 18
1698185952858 5.845068454742432 19
1698185952967 5.275511741638184 20
1698185953073 5.655838966369629 21
1698185953201 5.62178373336792 22
1698185953306 5.433629035949707 23
1698185953416 6.172652244567871 24
1698185953530 5.955872058868408 25
1698185953649 4.994235515594482 26
1698185953760 5.674160003662109 27
1698185953910 5.4508161544799805 28
1698185954054 5.332097053527832 29
1698185954200 5.639949798583984 30
1698185954311 5.445626258850098 31
1698185954427 5.588802337646484 32
1698185954546 6.717830181121826 33
1698185954723 6.059675693511963 34
1698185954885 5.628554344177246 35
1698185955049 6.110278129577637 36
1698185955185 5.416956424713135 37
1698185955330 5.734057903289795 38
1698185955442 5.2810587882995605 39
1698185955567 5.553898811340332 40
1698185955698 5.919647693634033 41
1698185955832 5.149583339691162 42
1698185955957 5.509294033050537 43
1698185956088 5.412919521331787 44
1698185956220 5.564523696899414 45
1698185956362 5.476383209228516 46
1698185956514 5.098827838897705 47
1698185956643 5.445514678955078 48
1698185956760 5.104137897491455 49
