1698181525961 21459.22265625 0
1698181526086 66677.875 1
1698181526210 96461.9375 2
1698181526316 30438.544921875 3
1698181526437 31780.095703125 4
1698181526558 42808.97265625 5
1698181526670 37329.41015625 6
1698181526787 26560.419921875 7
1698181526898 42496.6953125 8
1698181527013 42921.32421875 9
1698181527122 78148.234375 10
1698181527232 27251.763671875 11
1698181527346 35738.3984375 12
1698181527459 50624.5390625 13
1698181527587 41822.96875 14
1698181527724 40283.4140625 15
1698181527850 45387.97265625 16
1698181527962 25909.80078125 17
1698181528082 30645.111328125 18
1698181528191 37035.1796875 19
1698181528310 29591.646484375 20
1698181528418 31222.037109375 21
1698181528527 33907.69140625 22
1698181528670 27786.35546875 23
1698181528784 53858.71875 24
1698181528904 54871.27734375 25
1698181529026 53284.52734375 26
1698181529131 34360.4296875 27
1698181529239 35106.43359375 28
1698181529360 41870.61328125 29
1698181529473 39823.98828125 30
1698181529598 35180.0 31
1698181529718 33758.46484375 32
1698181529830 39046.1015625 33
1698181529951 40020.546875 34
1698181530059 37128.33203125 35
1698181530170 42981.5390625 36
1698181530295 34639.66015625 37
1698181530428 29148.189453125 38
1698181530549 29012.9609375 39
1698181530693 55248.64453125 40
1698181530811 35397.61328125 41
1698181530937 48715.99609375 42
1698181531073 32835.15625 43
1698181531234 39009.44140625 44
1698181531391 49410.73046875 45
1698181531524 31361.826171875 46
1698181531651 46163.91796875 47
1698181531785 41118.93359375 48
1698181531926 32771.8828125 49
