1698187085846 98.95260620117188 0
1698187086254 96.53632354736328 1
1698187086681 93.64483642578125 2
1698187087075 90.24800109863281 3
1698187087489 86.32192993164062 4
1698187087885 81.47157287597656 5
1698187088294 76.01250457763672 6
1698187088722 69.1097183227539 7
1698187089117 60.94457244873047 8
1698187089539 51.44825744628906 9
1698187089930 41.0433464050293 10
1698187090331 31.59529685974121 11
1698187090741 26.843307495117188 12
1698187091139 26.57013702392578 13
1698187091564 28.316265106201172 14
1698187091990 30.221845626831055 15
1698187092486 31.795692443847656 16
1698187092904 31.901355743408203 17
1698187093337 32.32176971435547 18
1698187093816 32.0233039855957 19
1698187094248 32.381202697753906 20
1698187094699 32.214317321777344 21
1698187095287 32.47346496582031 22
1698187095677 32.01782989501953 23
1698187096081 31.490190505981445 24
1698187096500 31.0550537109375 25
1698187096896 31.316682815551758 26
1698187097284 30.975006103515625 27
1698187097678 31.170761108398438 28
1698187098092 30.65495491027832 29
1698187098489 30.424989700317383 30
1698187098911 30.4047908782959 31
1698187099303 30.00078582763672 32
1698187099695 29.41135025024414 33
1698187100113 29.56975746154785 34
1698187100506 29.201435089111328 35
1698187100928 28.89027214050293 36
1698187101341 28.286937713623047 37
1698187101753 27.7540225982666 38
1698187102153 27.010679244995117 39
1698187102551 27.02374839782715 40
1698187102975 26.73101806640625 41
1698187103381 26.32048988342285 42
1698187103798 25.915210723876953 43
1698187104187 25.172304153442383 44
1698187104589 25.77846908569336 45
1698187105011 24.419559478759766 46
1698187105406 24.59666633605957 47
1698187105810 23.655723571777344 48
1698187106217 23.59315299987793 49
