1698181074116 0.042085789144039154 0
1698181074255 0.0065504987724125385 1
1698181074399 0.00533901434391737 2
1698181074536 0.004589658696204424 3
1698181074674 0.0035015747416764498 4
1698181074816 0.003652578219771385 5
1698181074955 0.0029831489082425833 6
1698181075091 0.0030941423028707504 7
1698181075225 0.0031296289525926113 8
1698181075364 0.002917483216151595 9
1698181075511 0.0028065559454262257 10
1698181075647 0.002042955020442605 11
1698181075782 0.0021901726722717285 12
1698181075918 0.002162717515602708 13
1698181076059 0.0022422769106924534 14
1698181076193 0.00214973627589643 15
1698181076326 0.002322722924873233 16
1698181076484 0.0023544584400951862 17
1698181076613 0.0024359922390431166 18
1698181076749 0.0017917380901053548 19
1698181076886 0.0020477320067584515 20
1698181077024 0.0017190630314871669 21
1698181077159 0.0021163017954677343 22
1698181077294 0.002451455220580101 23
1698181077441 0.0018033682135865092 24
1698181077580 0.0019073350122198462 25
1698181077713 0.0020076697692275047 26
1698181077845 0.0019088637782260776 27
1698181077969 0.0018545514903962612 28
1698181078101 0.0018040054710581899 29
1698181078230 0.0019286001333966851 30
1698181078360 0.001714878249913454 31
1698181078517 0.0017666654894128442 32
1698181078659 0.0017020043451339006 33
1698181078807 0.0015361859695985913 34
1698181078939 0.001833037706092 35
1698181079069 0.0016208421438932419 36
1698181079197 0.0018043413292616606 37
1698181079330 0.0015876222169026732 38
1698181079481 0.0016394739504903555 39
1698181079620 0.0016499673947691917 40
1698181079792 0.001773244352079928 41
1698181079966 0.00207629706710577 42
1698181080139 0.0013713100925087929 43
1698181080300 0.0016248392639681697 44
1698181080455 0.0017008238937705755 45
1698181080602 0.00153624196536839 46
1698181080739 0.0016987139824777842 47
1698181080884 0.0018017913680523634 48
1698181081048 0.0017020493978634477 49
