1698181074116 41283.18359375 0
1698181074255 4980.8525390625 1
1698181074399 8554.4736328125 2
1698181074536 1536.45751953125 3
1698181074674 4374.41552734375 4
1698181074816 1408.777099609375 5
1698181074955 3932.997314453125 6
1698181075091 8528.953125 7
1698181075225 10662.9765625 8
1698181075364 3280.474365234375 9
1698181075511 2552.349365234375 10
1698181075647 4733.31396484375 11
1698181075782 3366.101806640625 12
1698181075918 7833.861328125 13
1698181076059 5887.19580078125 14
1698181076193 11054.81640625 15
1698181076326 2909.28662109375 16
1698181076484 1747.247314453125 17
1698181076613 7345.94873046875 18
1698181076749 6238.84228515625 19
1698181076886 867.5132446289062 20
1698181077024 5909.55517578125 21
1698181077159 147.3422393798828 22
1698181077294 7909.76513671875 23
1698181077441 830.9603271484375 24
1698181077580 9138.88671875 25
1698181077713 8799.1748046875 26
1698181077845 6631.021484375 27
1698181077969 5086.52978515625 28
1698181078101 8756.6630859375 29
1698181078230 10153.94140625 30
1698181078360 6274.787109375 31
1698181078517 10957.3515625 32
1698181078659 10444.0859375 33
1698181078807 3981.884765625 34
1698181078939 3820.9140625 35
1698181079069 1302.9561767578125 36
1698181079197 4106.4033203125 37
1698181079330 6447.87255859375 38
1698181079481 843.73876953125 39
1698181079620 5516.3408203125 40
1698181079792 2521.2255859375 41
1698181079966 4407.75927734375 42
1698181080139 979.268798828125 43
1698181080300 11764.5703125 44
1698181080455 3817.968994140625 45
1698181080602 224.51768493652344 46
1698181080739 7068.8994140625 47
1698181080884 4041.208740234375 48
1698181081048 2873.083740234375 49
