1698153726632 0.3061389625072479 0
1698153727227 0.1273634284734726 1
1698153727812 0.07662530243396759 2
1698153728433 0.054531022906303406 3
1698153729082 0.0402534082531929 4
1698153729733 0.032781362533569336 5
1698153730362 0.027135921642184258 6
1698153731054 0.022983727976679802 7
1698153731875 0.022122584283351898 8
1698153732683 0.02087017148733139 9
1698153733682 0.020967015996575356 10
1698153734562 0.02042592689394951 11
1698153735194 0.020314965397119522 12
1698153735790 0.020312916487455368 13
1698153736390 0.020259587094187737 14
1698153736977 0.01963287591934204 15
1698153737571 0.0199178084731102 16
1698153738172 0.02096724323928356 17
1698153738794 0.02047816291451454 18
1698153739455 0.020574502646923065 19
1698153740076 0.02000352367758751 20
1698153740688 0.019369229674339294 21
1698153741323 0.019717484712600708 22
1698153741938 0.01944589614868164 23
1698153742532 0.01940269209444523 24
1698153743156 0.018851259723305702 25
1698153743892 0.019239546731114388 26
1698153744571 0.019430873915553093 27
