1698149310986 0.13963373005390167 0
1698149312262 0.059260450303554535 1
1698149313527 0.03607812523841858 2
1698149314752 0.02769831009209156 3
1698149316041 0.021955644711852074 4
1698149317310 0.018732942640781403 5
1698149318578 0.01689057983458042 6
1698149319816 0.015550275333225727 7
1698149321028 0.014170382171869278 8
1698149322442 0.013992824591696262 9
1698149323872 0.013131358660757542 10
1698149325101 0.012723710387945175 11
1698149326307 0.012207603082060814 12
1698149327584 0.012472725473344326 13
1698149328980 0.012233409099280834 14
1698149330231 0.011966952122747898 15
1698149331548 0.012271042913198471 16
1698149332798 0.011491184122860432 17
1698149334025 0.011342211626470089 18
1698149335319 0.01147855632007122 19
1698149336545 0.011331823654472828 20
1698149337793 0.011520006693899632 21
1698149339044 0.011382322758436203 22
1698149340347 0.012244434095919132 23
1698149341603 0.011356974020600319 24
1698149342888 0.011227999813854694 25
1698149344133 0.011252563446760178 26
1698149345375 0.011289853602647781 27
1698149346596 0.011197308078408241 28
1698149347852 0.011697431094944477 29
1698149349239 0.011102459393441677 30
