1698149310986 58.70756149291992 0
1698149312262 35.782432556152344 1
1698149313527 26.577077865600586 2
1698149314752 22.857725143432617 3
1698149316041 20.073081970214844 4
1698149317310 18.891847610473633 5
1698149318578 18.028127670288086 6
1698149319816 17.832778930664062 7
1698149321028 16.765869140625 8
1698149322442 17.30742835998535 9
1698149323872 16.263938903808594 10
1698149325101 15.941543579101562 11
1698149326307 15.479130744934082 12
1698149327584 15.915727615356445 13
1698149328980 15.505518913269043 14
1698149330231 15.378860473632812 15
1698149331548 15.511460304260254 16
1698149332798 14.689480781555176 17
1698149334025 14.438226699829102 18
1698149335319 14.481436729431152 19
1698149336545 14.553894996643066 20
1698149337793 14.305005073547363 21
1698149339044 14.273418426513672 22
1698149340347 15.533008575439453 23
1698149341603 14.358025550842285 24
1698149342888 14.660421371459961 25
1698149344133 13.970036506652832 26
1698149345375 14.252949714660645 27
1698149346596 14.191620826721191 28
1698149347852 14.957870483398438 29
1698149349239 14.078811645507812 30
