1698180565487 0.027302026748657227 0
1698180565699 0.005849152337759733 1
1698180565927 0.005238726269453764 2
1698180566138 0.004757655784487724 3
1698180566359 0.004262144677340984 4
1698180566575 0.004216381348669529 5
1698180566830 0.003810435300692916 6
1698180567058 0.004009882919490337 7
1698180567274 0.003602569689974189 8
1698180567503 0.004124090075492859 9
1698180567751 0.0035408379044383764 10
1698180567978 0.003293561050668359 11
1698180568190 0.0037052358966320753 12
1698180568400 0.0040640393272042274 13
1698180568631 0.0036232902202755213 14
1698180568843 0.0030410485342144966 15
1698180569051 0.0031899590976536274 16
1698180569264 0.0031560210045427084 17
1698180569479 0.003035385627299547 18
1698180569705 0.003406793111935258 19
1698180569931 0.0028871363028883934 20
1698180570142 0.0029631429351866245 21
1698180570375 0.00315030082128942 22
1698180570590 0.002910465467721224 23
1698180570805 0.0028596511110663414 24
1698180571022 0.00316465157084167 25
1698180571237 0.0029997285455465317 26
1698180571470 0.0031178875360637903 27
1698180571674 0.0028496284503489733 28
1698180571887 0.002723041921854019 29
1698180572090 0.0027820307295769453 30
1698180572300 0.002782384166494012 31
1698180572527 0.002960577607154846 32
1698180572755 0.0031035125721246004 33
1698180572974 0.0039513311348855495 34
1698180573186 0.0027895725797861814 35
1698180573397 0.0031389060895889997 36
1698180573622 0.0027272312436252832 37
1698180573836 0.0027199899777770042 38
1698180574048 0.003081477712839842 39
1698180574262 0.0028128675185143948 40
1698180574480 0.0028730498161166906 41
1698180574718 0.00270897732116282 42
1698180574933 0.002905449829995632 43
1698180575154 0.002434123307466507 44
1698180575368 0.00276859849691391 45
1698180575599 0.002685835584998131 46
1698180575812 0.0028150479774922132 47
1698180576050 0.0027160157915204763 48
1698180576265 0.0024907130282372236 49
