1698169095541 0.07450608909130096 0
1698169095891 0.02264471724629402 1
1698169096193 0.018086401745676994 2
1698169096458 0.015058513730764389 3
1698169096716 0.013576132245361805 4
1698169097049 0.012461798265576363 5
1698169097444 0.011745820753276348 6
1698169097701 0.011442077346146107 7
1698169098000 0.011247274465858936 8
1698169098300 0.01127144880592823 9
1698169098559 0.011114264838397503 10
1698169098924 0.011345086619257927 11
1698169099257 0.01100393570959568 12
1698169099573 0.010918865911662579 13
1698169099882 0.010800257325172424 14
1698169100164 0.01071961596608162 15
1698169100436 0.010320272296667099 16
1698169100701 0.01097717136144638 17
1698169100956 0.010569628328084946 18
1698169101217 0.01064256951212883 19
1698169101436 0.010417408309876919 20
1698169101699 0.010529380291700363 21
1698169101959 0.010391482152044773 22
1698169102265 0.010247739031910896 23
1698169102532 0.010392064228653908 24
1698169102791 0.010358208790421486 25
1698169103018 0.010140784084796906 26
1698169103254 0.01000987645238638 27
1698169103520 0.01036317739635706 28
1698169103760 0.01005722675472498 29
1698169104004 0.010215839371085167 30
1698169104223 0.010229891166090965 31
1698169104447 0.01029557827860117 32
1698169104696 0.010249219834804535 33
1698169104929 0.010103289037942886 34
1698169105164 0.010171853937208652 35
1698169105382 0.010091201402246952 36
1698169105651 0.010372701101005077 37
1698169105879 0.009905648417770863 38
1698169106127 0.009831455536186695 39
1698169106379 0.009862393140792847 40
1698169106595 0.010271867737174034 41
1698169106867 0.009956621564924717 42
1698169107232 0.00989286694675684 43
1698169107550 0.009849093854427338 44
1698169107868 0.010083950124680996 45
1698169108101 0.009951001033186913 46
1698169108340 0.009883933700621128 47
1698169108604 0.010218589566648006 48
1698169108842 0.00991020631045103 49
