1698173676987 8596.1171875 0
1698173677406 6775.04052734375 1
1698173677838 8127.80224609375 2
1698173678245 3278.251953125 3
1698173678649 7144.47412109375 4
1698173679099 3332.158447265625 5
1698173679505 1107.7142333984375 6
1698173679937 5442.96435546875 7
1698173680363 7178.65380859375 8
1698173680780 5503.2529296875 9
1698173681279 3673.683837890625 10
1698173681758 7094.26513671875 11
1698173682234 6523.03759765625 12
1698173682723 11658.8671875 13
1698173683148 8652.5537109375 14
1698173683671 8625.1123046875 15
1698173684131 6465.40625 16
1698173684571 5016.4990234375 17
1698173684982 5135.31787109375 18
1698173685386 2377.6884765625 19
1698173685797 8677.296875 20
1698173686253 5354.2841796875 21
1698173686676 1334.83203125 22
1698173687093 3558.76611328125 23
1698173687517 8293.9228515625 24
1698173687935 8429.919921875 25
1698173688366 595.9401245117188 26
1698173688803 5885.978515625 27
1698173689247 1538.8228759765625 28
1698173689698 7782.70849609375 29
1698173690166 6613.3916015625 30
1698173690856 1657.3006591796875 31
1698173691470 4496.01953125 32
1698173691917 5828.89697265625 33
1698173692419 5110.53515625 34
1698173692878 38.176151275634766 35
1698173693485 2198.095458984375 36
1698173693990 3853.41796875 37
1698173694492 4277.40576171875 38
1698173694955 5080.83056640625 39
1698173695577 2546.09228515625 40
1698173695997 6428.0146484375 41
1698173696423 3510.868896484375 42
1698173696842 6593.5537109375 43
1698173697295 736.40283203125 44
1698173697725 4568.37451171875 45
1698173698156 4414.53369140625 46
1698173698594 1778.5018310546875 47
1698173699072 4676.26123046875 48
1698173699562 5136.58642578125 49
