1698177038424 2965.558837890625 0
1698177039067 26388.361328125 1
1698177039884 32280.263671875 2
1698177040494 23596.837890625 3
1698177041358 21841.26953125 4
1698177042030 18298.796875 5
1698177042799 30058.146484375 6
1698177043454 25351.9453125 7
1698177044167 28602.779296875 8
1698177044988 23885.18359375 9
1698177045751 20826.431640625 10
1698177046530 21283.2421875 11
1698177047140 23520.359375 12
1698177047992 21346.595703125 13
1698177048611 19421.638671875 14
1698177049337 17919.4140625 15
1698177050117 22070.751953125 16
1698177050842 25821.201171875 17
1698177051498 22973.060546875 18
1698177052233 15104.2431640625 19
1698177053044 17249.732421875 20
1698177053698 19989.0546875 21
1698177054425 19674.7890625 22
1698177055155 12722.501953125 23
1698177056024 10466.59765625 24
1698177056817 22350.267578125 25
1698177057563 13642.8544921875 26
1698177058352 10973.029296875 27
1698177058965 18526.482421875 28
1698177059757 15072.6240234375 29
1698177060498 13597.8994140625 30
1698177061346 12703.4931640625 31
1698177061981 13568.8154296875 32
1698177062653 14218.5537109375 33
1698177063616 14545.50390625 34
1698177064196 9557.572265625 35
1698177064789 13139.8818359375 36
1698177065382 3460.769775390625 37
1698177065979 10695.6552734375 38
1698177066599 14184.0419921875 39
1698177067303 4528.705078125 40
1698177068002 12341.1044921875 41
1698177068592 1420.057373046875 42
1698177069154 15919.55078125 43
1698177069763 9642.9033203125 44
1698177070395 15179.7529296875 45
1698177070977 11191.8037109375 46
1698177071567 6578.12109375 47
1698177072123 8078.556640625 48
1698177072725 4268.36669921875 49
