1698175682947 44.283660888671875 0
1698175683199 12.881245613098145 1
1698175683506 10.74968433380127 2
1698175683787 10.14507007598877 3
1698175684045 12.833263397216797 4
1698175684300 13.620667457580566 5
1698175684541 13.017399787902832 6
1698175684803 11.959216117858887 7
1698175685072 12.206177711486816 8
1698175685324 15.016518592834473 9
1698175685599 10.257475852966309 10
1698175685851 10.211708068847656 11
1698175686106 11.32667350769043 12
1698175686345 10.522863388061523 13
1698175686592 11.3001070022583 14
1698175686861 9.606123924255371 15
1698175687098 11.198338508605957 16
1698175687335 10.738740921020508 17
1698175687574 10.600510597229004 18
1698175687829 9.787192344665527 19
1698175688108 10.591931343078613 20
1698175688385 10.401611328125 21
1698175688624 11.920495986938477 22
1698175688888 11.844836235046387 23
1698175689262 9.325512886047363 24
1698175689556 11.620721817016602 25
1698175689820 9.107032775878906 26
1698175690170 10.576676368713379 27
1698175690530 10.688377380371094 28
1698175690898 12.01787281036377 29
1698175691156 9.254057884216309 30
1698175691422 9.226947784423828 31
1698175691652 12.126709938049316 32
1698175691918 10.764041900634766 33
1698175692153 10.703812599182129 34
1698175692392 8.914970397949219 35
1698175692627 9.825112342834473 36
1698175692881 9.135929107666016 37
1698175693177 9.96198558807373 38
1698175693430 9.410337448120117 39
1698175693665 9.883299827575684 40
1698175693896 10.42556095123291 41
1698175694125 9.350580215454102 42
1698175694349 10.692224502563477 43
1698175694619 9.960238456726074 44
1698175695119 10.117721557617188 45
1698175695410 10.568255424499512 46
1698175695686 9.81368350982666 47
1698175695953 9.918776512145996 48
1698175696194 9.502735137939453 49
