1698183236470 179.51547241210938 0
1698183236870 60.999874114990234 1
1698183237257 67.20536041259766 2
1698183237688 39.77345275878906 3
1698183238293 38.43098068237305 4
1698183238739 50.32695007324219 5
1698183239178 36.726531982421875 6
1698183239631 34.171939849853516 7
1698183240022 30.277616500854492 8
1698183240406 27.55215072631836 9
1698183240831 23.708847045898438 10
1698183241223 27.948299407958984 11
1698183241632 42.956790924072266 12
1698183242021 28.79631233215332 13
1698183242409 25.3309268951416 14
1698183242816 26.612443923950195 15
1698183243215 26.57037925720215 16
1698183243632 25.897361755371094 17
1698183244018 27.67888641357422 18
1698183244406 20.416858673095703 19
1698183244804 22.56516456604004 20
1698183245190 28.756532669067383 21
1698183245599 25.49085807800293 22
1698183245995 21.83001708984375 23
1698183246387 22.29092788696289 24
1698183246800 25.78311538696289 25
1698183247206 20.53705596923828 26
1698183247615 20.949186325073242 27
1698183248004 26.180700302124023 28
1698183248420 16.588350296020508 29
1698183248817 25.021347045898438 30
1698183249233 27.31960678100586 31
1698183249643 17.682743072509766 32
1698183250129 18.114076614379883 33
1698183250606 25.308635711669922 34
1698183251020 20.23321533203125 35
1698183251448 20.365888595581055 36
1698183251908 22.482662200927734 37
1698183252299 21.249225616455078 38
1698183252707 26.437894821166992 39
1698183253108 16.336719512939453 40
1698183253507 22.867876052856445 41
1698183253889 23.914649963378906 42
1698183254274 20.86403465270996 43
1698183254710 17.52461814880371 44
1698183255186 22.16188621520996 45
1698183255577 18.434326171875 46
1698183255969 20.62481689453125 47
1698183256356 24.6591854095459 48
1698183256763 18.7393798828125 49
