1698229114108 0.02138451300561428 0
1698229114582 0.0056063150987029076 1
1698229115010 0.00409824401140213 2
1698229115461 0.00348636694252491 3
1698229115967 0.0028991051949560642 4
1698229116441 0.002846107119694352 5
1698229116919 0.0025253943167626858 6
1698229117555 0.0024590373504906893 7
1698229117998 0.0021618965547531843 8
1698229118639 0.002164052100852132 9
1698229119035 0.001870439969934523 10
1698229120481 0.0018703639507293701 11
1698229121211 0.0019558335188776255 12
1698229121575 0.0018451976357027888 13
1698229121963 0.0017957821255549788 14
1698229122409 0.001697785803116858 15
1698229123499 0.0016805918421596289 16
1698229125344 0.0016137929633259773 17
1698229125855 0.0016293009975925088 18
1698229126268 0.0014902849216014147 19
1698229126650 0.001353924861177802 20
1698229128004 0.0014622036833316088 21
1698229128392 0.001693381229415536 22
1698229128797 0.0013976750196889043 23
1698229129562 0.0015233885496854782 24
1698229130810 0.0016025659861043096 25
1698229131173 0.0013612480834126472 26
1698229131637 0.0014659306034445763 27
1698229132979 0.0013916190946474671 28
1698229134699 0.0015518834115937352 29
1698229135042 0.0013173484476283193 30
1698229135405 0.0013230282347649336 31
1698229136630 0.001524876686744392 32
1698229137042 0.0012986661167815328 33
1698229137440 0.0012904619798064232 34
1698229137805 0.0012381077976897359 35
1698229138192 0.0013057519681751728 36
1698229139258 0.0013959705829620361 37
1698229140589 0.0011822551023215055 38
1698229141532 0.0012533607659861445 39
1698229142737 0.001179290353320539 40
1698229143128 0.0012338610831648111 41
1698229144096 0.0013177919900044799 42
1698229145362 0.0012875571846961975 43
1698229146312 0.0013526396360248327 44
1698229146702 0.0012551989639177918 45
1698229147981 0.0011541215935721993 46
1698229149239 0.0011374522000551224 47
1698229150105 0.0011598069686442614 48
1698229151513 0.0011693354463204741 49
