1698181799794 0.0002496926754247397 0
1698181800029 2.8498701794887893e-05 1
1698181800294 2.628548099892214e-05 2
1698181800548 2.9544777135015465e-05 3
1698181800786 2.31952089961851e-05 4
1698181801016 2.2589314539800398e-05 5
1698181801278 2.7222818971495144e-05 6
1698181801532 2.1397750970209017e-05 7
1698181801778 2.15137806662824e-05 8
1698181802023 1.786377288226504e-05 9
1698181802279 1.906224679260049e-05 10
1698181802534 1.8003236618824303e-05 11
1698181802779 1.827452979341615e-05 12
1698181803018 1.6837329894769937e-05 13
1698181803274 1.6151281670317985e-05 14
1698181803514 1.7186299373861402e-05 15
1698181803752 1.6393818441429175e-05 16
1698181803998 2.0860865333816037e-05 17
1698181804255 1.6795715055195615e-05 18
1698181804505 1.6660515029798262e-05 19
1698181804746 1.6784188119345345e-05 20
1698181805017 1.7130425476352684e-05 21
1698181805273 1.7324611690128222e-05 22
1698181805515 1.9945136955357157e-05 23
1698181805759 1.5852296201046556e-05 24
1698181806053 1.7621789083932526e-05 25
1698181806368 1.8410606571706012e-05 26
1698181806628 2.079206933558453e-05 27
1698181806884 2.1058278434793465e-05 28
1698181807200 1.5397021343233064e-05 29
1698181807443 1.6850888641783968e-05 30
1698181807684 1.6346275515388697e-05 31
1698181807922 1.4716441000928171e-05 32
1698181808152 1.451568186894292e-05 33
1698181808414 1.42649732879363e-05 34
1698181808658 1.6701256754458882e-05 35
1698181808897 1.8419925254420377e-05 36
1698181809135 1.5174386135186069e-05 37
1698181809398 1.615542350918986e-05 38
1698181809641 1.4872895008011255e-05 39
1698181809879 1.4606457625632174e-05 40
1698181810118 1.6080663044704124e-05 41
1698181810402 1.620067996555008e-05 42
1698181810642 1.660598354646936e-05 43
1698181810883 1.5861493011470884e-05 44
1698181811121 1.4564798220817465e-05 45
1698181811381 1.6553880413994193e-05 46
1698181811615 1.6208088709390722e-05 47
1698181811855 1.6254534784820862e-05 48
1698181812098 1.8829337932402268e-05 49
