1698172656203 0.10451690107584 0
1698172656807 0.030916279181838036 1
1698172657224 0.02642481029033661 2
1698172657626 0.02573736198246479 3
1698172658059 0.019289730116724968 4
1698172658456 0.019429488107562065 5
1698172659035 0.017649361863732338 6
1698172659458 0.017908040434122086 7
1698172659914 0.016038306057453156 8
1698172660440 0.01648750901222229 9
1698172660981 0.013750000856816769 10
1698172661496 0.014817656017839909 11
1698172661885 0.013470899313688278 12
1698172662250 0.01326697412878275 13
1698172662618 0.012519009411334991 14
1698172663000 0.011739203706383705 15
1698172663369 0.01111579593271017 16
1698172663753 0.010712038725614548 17
1698172664131 0.012876437976956367 18
1698172664502 0.011781297624111176 19
1698172664879 0.011603293009102345 20
1698172665251 0.01025770790874958 21
1698172665662 0.009064817801117897 22
1698172666058 0.01016072928905487 23
1698172666406 0.009863226674497128 24
1698172666805 0.008857344277203083 25
1698172667191 0.009315247647464275 26
1698172667555 0.008706461638212204 27
1698172667912 0.009822855703532696 28
1698172668262 0.009394464083015919 29
1698172668635 0.007911505177617073 30
1698172669151 0.0075814868323504925 31
1698172669598 0.0081771956756711 32
1698172670271 0.00851819384843111 33
1698172670724 0.008448004722595215 34
1698172671113 0.00886969082057476 35
1698172671581 0.00828462652862072 36
1698172672099 0.008784310892224312 37
1698172672530 0.007039592135697603 38
1698172672923 0.008100646547973156 39
1698172673327 0.007712103426456451 40
1698172673759 0.00807882845401764 41
1698172674289 0.0076545532792806625 42
1698172674690 0.00627250038087368 43
1698172675077 0.00682796211913228 44
1698172675540 0.007514154072850943 45
1698172676093 0.0073265256360173225 46
1698172676497 0.006602499168366194 47
1698172676903 0.006643315311521292 48
1698172677315 0.0067410157062113285 49
