1698180180994 65.18734741210938 0
1698180181255 119.48004913330078 1
1698180181532 67.02324676513672 2
1698180181827 28.820816040039062 3
1698180182088 29.89515495300293 4
1698180182354 29.394187927246094 5
1698180182636 28.104602813720703 6
1698180182933 27.176990509033203 7
1698180183198 28.66851043701172 8
1698180183452 24.791536331176758 9
1698180183692 26.502960205078125 10
1698180183914 22.72830581665039 11
1698180184168 22.571243286132812 12
1698180184411 22.029312133789062 13
1698180184661 22.10952377319336 14
1698180184898 26.545080184936523 15
1698180185135 20.447837829589844 16
1698180185368 20.91023826599121 17
1698180185607 21.332042694091797 18
1698180185866 21.17578125 19
1698180186108 19.561477661132812 20
1698180186348 20.738733291625977 21
1698180186577 19.541898727416992 22
1698180186838 19.981611251831055 23
1698180187124 21.815290451049805 24
1698180187403 20.991928100585938 25
1698180187630 20.603979110717773 26
1698180187886 20.278886795043945 27
1698180188149 21.13535499572754 28
1698180188400 19.648094177246094 29
1698180188664 21.55476188659668 30
1698180188915 23.32457160949707 31
1698180189180 20.715688705444336 32
1698180189452 18.676071166992188 33
1698180189695 19.726680755615234 34
1698180189930 19.434768676757812 35
1698180190165 20.365755081176758 36
1698180190403 20.540231704711914 37
1698180190654 19.594749450683594 38
1698180190922 20.143247604370117 39
1698180191163 17.710134506225586 40
1698180191396 18.376750946044922 41
1698180191632 19.280529022216797 42
1698180191883 18.883140563964844 43
1698180192114 18.85881233215332 44
1698180192349 19.557018280029297 45
1698180192591 19.117652893066406 46
1698180192838 20.615339279174805 47
1698180193079 19.610294342041016 48
1698180193315 18.65510368347168 49
