1698184820399 0.02268311381340027 0
1698184820629 0.004230287857353687 1
1698184820878 0.003044414333999157 2
1698184821137 0.0033150454983115196 3
1698184821962 0.002688723150640726 4
1698184822177 0.0027325586415827274 5
1698184822393 0.002727133221924305 6
1698184822600 0.0024496030528098345 7
1698184822799 0.0023281613830477 8
1698184823009 0.0024962027091532946 9
1698184823219 0.0024053421802818775 10
1698184823431 0.00229354458861053 11
1698184823660 0.0021215116139501333 12
1698184823875 0.002223971299827099 13
1698184824085 0.0021301619708538055 14
1698184824309 0.0019013597629964352 15
1698184824520 0.0023190276697278023 16
1698184824759 0.0023561983834952116 17
1698184824969 0.0021712591405957937 18
1698184825175 0.0021347012370824814 19
1698184825394 0.0021005026064813137 20
1698184825601 0.0020050201565027237 21
1698184825809 0.001844975515268743 22
1698184826019 0.002272648736834526 23
1698184826229 0.0021997306030243635 24
1698184826436 0.001980609493330121 25
1698184826652 0.001709075178951025 26
1698184826860 0.0016486955573782325 27
1698184827069 0.0017346047097817063 28
1698184827294 0.0019373620161786675 29
1698184827508 0.0016125041292980313 30
1698184827723 0.0018620943883433938 31
1698184827933 0.0016774546820670366 32
1698184828142 0.0017343757208436728 33
1698184828371 0.0016625626012682915 34
1698184828595 0.0017132686916738749 35
1698184828798 0.0017774978186935186 36
1698184829006 0.0019618927035480738 37
1698184829219 0.0014682806795462966 38
1698184829451 0.0015360083198174834 39
1698184829663 0.0014576056273654103 40
1698184829881 0.0018993936246261 41
1698184830084 0.0018244435777887702 42
1698184830343 0.0017077479278668761 43
1698184830568 0.0018774067284539342 44
1698184830771 0.001678180298767984 45
1698184830982 0.0014479812234640121 46
1698184831201 0.0016156501369550824 47
1698184831433 0.001555254333652556 48
1698184831800 0.001467500114813447 49
