1698184820399 22581.015625 0
1698184820629 23145.8359375 1
1698184820878 6806.7109375 2
1698184821137 1687.0062255859375 3
1698184821962 373.4062194824219 4
1698184822177 19656.9921875 5
1698184822393 28018.6953125 6
1698184822600 16831.38671875 7
1698184822799 16501.39453125 8
1698184823009 14742.4990234375 9
1698184823219 3138.347412109375 10
1698184823431 19944.5859375 11
1698184823660 5211.8232421875 12
1698184823875 20331.59375 13
1698184824085 22951.572265625 14
1698184824309 4337.1181640625 15
1698184824520 19764.33984375 16
1698184824759 5085.22607421875 17
1698184824969 17965.951171875 18
1698184825175 22115.99609375 19
1698184825394 13660.748046875 20
1698184825601 20372.677734375 21
1698184825809 11517.4462890625 22
1698184826019 18688.42578125 23
1698184826229 7650.95947265625 24
1698184826436 12995.150390625 25
1698184826652 18373.345703125 26
1698184826860 14894.62109375 27
1698184827069 12536.380859375 28
1698184827294 11715.4453125 29
1698184827508 24014.99609375 30
1698184827723 28044.771484375 31
1698184827933 18616.0546875 32
1698184828142 1288.227783203125 33
1698184828371 5487.77294921875 34
1698184828595 18435.14453125 35
1698184828798 27942.857421875 36
1698184829006 25362.033203125 37
1698184829219 23867.51953125 38
1698184829451 2963.540771484375 39
1698184829663 2557.464599609375 40
1698184829881 36212.34765625 41
1698184830084 2919.162353515625 42
1698184830343 1975.142822265625 43
1698184830568 8183.09130859375 44
1698184830771 23499.453125 45
1698184830982 9681.3046875 46
1698184831201 10749.8828125 47
1698184831433 17821.609375 48
1698184831800 6796.5458984375 49
