1698166681073 0.08299318701028824 0
1698166681650 0.03639215603470802 1
1698166682246 0.030992643907666206 2
1698166682761 0.027486460283398628 3
1698166683256 0.02713499777019024 4
1698166683757 0.024852752685546875 5
1698166684418 0.02353944070637226 6
1698166685054 0.023605650290846825 7
1698166685873 0.022692954167723656 8
1698166686413 0.022626018151640892 9
1698166686935 0.021782388910651207 10
1698166687470 0.021346354857087135 11
1698166687994 0.020738087594509125 12
1698166688545 0.02058238722383976 13
1698166689089 0.021018460392951965 14
1698166689630 0.02039235085248947 15
1698166690257 0.020255737006664276 16
1698166690795 0.01986413449048996 17
1698166691291 0.020167969167232513 18
1698166691781 0.01997411623597145 19
1698166692338 0.0198600385338068 20
1698166692812 0.019293805584311485 21
1698166693332 0.01929047331213951 22
1698166693843 0.01957227662205696 23
1698166694320 0.01886872760951519 24
1698166695104 0.018929816782474518 25
1698166695943 0.018848875537514687 26
1698166696433 0.018684793263673782 27
1698166696919 0.01818343997001648 28
1698166697420 0.01843137852847576 29
1698166697919 0.017963675782084465 30
1698166698439 0.017857626080513 31
1698166698962 0.017663704231381416 32
1698166699441 0.018210340291261673 33
1698166699986 0.0178093072026968 34
1698166700662 0.01739511825144291 35
1698166701319 0.017920682206749916 36
1698166701900 0.017626069486141205 37
1698166702413 0.017314529046416283 38
1698166702900 0.017375361174345016 39
1698166703377 0.017177073284983635 40
1698166703909 0.017381317913532257 41
1698166704478 0.017068734392523766 42
1698166705112 0.01670820824801922 43
1698166705869 0.01656682975590229 44
1698166706504 0.01700512319803238 45
1698166707012 0.01669435389339924 46
1698166707495 0.016348298639059067 47
1698166708009 0.01661067269742489 48
1698166708516 0.01600523851811886 49
