1698166681073 40.695499420166016 0
1698166681650 27.242908477783203 1
1698166682246 25.232030868530273 2
1698166682761 23.961380004882812 3
1698166683256 23.017351150512695 4
1698166683757 22.39792823791504 5
1698166684418 21.607213973999023 6
1698166685054 21.61212921142578 7
1698166685873 21.004682540893555 8
1698166686413 21.06525230407715 9
1698166686935 20.697254180908203 10
1698166687470 20.47742462158203 11
1698166687994 20.194299697875977 12
1698166688545 19.884641647338867 13
1698166689089 20.13595962524414 14
1698166689630 20.09195899963379 15
1698166690257 19.60523223876953 16
1698166690795 19.30046844482422 17
1698166691291 19.749542236328125 18
1698166691781 19.397663116455078 19
1698166692338 19.605010986328125 20
1698166692812 19.269819259643555 21
1698166693332 19.103973388671875 22
1698166693843 19.126340866088867 23
1698166694320 19.166942596435547 24
1698166695104 18.924930572509766 25
1698166695943 18.68636131286621 26
1698166696433 18.863866806030273 27
1698166696919 18.71344566345215 28
1698166697420 18.328189849853516 29
1698166697919 18.390695571899414 30
1698166698439 18.371732711791992 31
1698166698962 18.30499839782715 32
1698166699441 18.18170928955078 33
1698166699986 18.32713508605957 34
1698166700662 17.935911178588867 35
1698166701319 17.952133178710938 36
1698166701900 17.954809188842773 37
1698166702413 17.685150146484375 38
1698166702900 17.72986602783203 39
1698166703377 17.950096130371094 40
1698166703909 17.540874481201172 41
1698166704478 17.625471115112305 42
1698166705112 17.46034812927246 43
1698166705869 17.16926383972168 44
1698166706504 17.757871627807617 45
1698166707012 17.525535583496094 46
1698166707495 17.429616928100586 47
1698166708009 17.22850799560547 48
1698166708516 17.09869384765625 49
