1698160927511 0.15609824657440186 0
1698160928891 0.06671934574842453 1
1698160930275 0.04690931364893913 2
1698160931769 0.037433382123708725 3
1698160933126 0.03267302364110947 4
1698160934387 0.028170935809612274 5
1698160935925 0.025175433605909348 6
1698160937269 0.02301362343132496 7
1698160938588 0.021319521591067314 8
1698160940126 0.02031548321247101 9
1698160941617 0.01923675462603569 10
1698160943080 0.018713664263486862 11
1698160944470 0.01846013218164444 12
1698160945875 0.018158255144953728 13
1698160947238 0.018253134563565254 14
1698160948568 0.018110042437911034 15
1698160950117 0.017632916569709778 16
1698160951548 0.017689362168312073 17
1698160952919 0.01751570962369442 18
