1698181985433 0.1209331527352333 0
1698181985562 0.04258555918931961 1
1698181985728 0.036617692559957504 2
1698181985873 0.03438808396458626 3
1698181986037 0.030171219259500504 4
1698181986186 0.02814079076051712 5
1698181986321 0.023683082312345505 6
1698181986459 0.02830854244530201 7
1698181986600 0.021009212359786034 8
1698181986727 0.022743862122297287 9
1698181986867 0.020779449492692947 10
1698181986988 0.023679932579398155 11
1698181987109 0.021261941641569138 12
1698181987222 0.020358672365546227 13
1698181987347 0.02089531719684601 14
1698181987476 0.01736542396247387 15
1698181987616 0.017193790525197983 16
1698181987737 0.018477199599146843 17
1698181987862 0.019377874210476875 18
1698181987989 0.01744980365037918 19
1698181988113 0.01621338538825512 20
1698181988259 0.01775272563099861 21
1698181988384 0.019723746925592422 22
1698181988508 0.018219972029328346 23
1698181988639 0.016985176131129265 24
1698181988766 0.016866590827703476 25
1698181988892 0.017387494444847107 26
1698181989018 0.01626669242978096 27
1698181989136 0.01569374091923237 28
1698181989260 0.016238953918218613 29
1698181989389 0.014969504438340664 30
1698181989513 0.01642599329352379 31
1698181989637 0.015079733915627003 32
1698181989762 0.014453361742198467 33
1698181989891 0.014007524587213993 34
1698181990017 0.013582823798060417 35
1698181990224 0.015474162064492702 36
1698181990349 0.013914341107010841 37
1698181990475 0.01652936264872551 38
1698181990600 0.01676303893327713 39
1698181990745 0.012330617755651474 40
1698181990872 0.01293970737606287 41
1698181991010 0.015498783439397812 42
1698181991134 0.014591128565371037 43
1698181991251 0.013465261086821556 44
1698181991377 0.0137829864397645 45
1698181991488 0.011954019777476788 46
1698181991600 0.011617496609687805 47
1698181991713 0.012732612900435925 48
1698181991833 0.014214698225259781 49
