1698183009867 90.98345947265625 0
1698183010007 60.86501693725586 1
1698183010142 44.81797790527344 2
1698183010290 52.382911682128906 3
1698183010420 42.79377365112305 4
1698183010562 30.471223831176758 5
1698183010691 26.029373168945312 6
1698183010829 26.151569366455078 7
1698183010960 29.318115234375 8
1698183011096 28.743228912353516 9
1698183011230 26.329692840576172 10
1698183011374 25.407411575317383 11
1698183011540 32.185081481933594 12
1698183011718 28.679100036621094 13
1698183011898 28.320945739746094 14
1698183012069 25.221750259399414 15
1698183012214 30.472225189208984 16
1698183012363 26.13759994506836 17
1698183012510 28.61564064025879 18
1698183012657 27.506847381591797 19
1698183012852 21.966047286987305 20
1698183013031 24.3101749420166 21
1698183013222 21.704286575317383 22
1698183013390 25.184833526611328 23
1698183013548 22.881561279296875 24
1698183013701 28.061067581176758 25
1698183013872 28.063434600830078 26
1698183014040 23.669992446899414 27
1698183014198 25.613676071166992 28
1698183014344 35.190643310546875 29
1698183014475 25.200908660888672 30
1698183014622 21.36962127685547 31
1698183014803 26.888404846191406 32
1698183014982 22.043485641479492 33
1698183015149 18.593503952026367 34
1698183015290 19.041606903076172 35
1698183015432 24.17156982421875 36
1698183015574 28.359176635742188 37
1698183015718 24.362340927124023 38
1698183015860 24.67827606201172 39
1698183016005 22.980548858642578 40
1698183016169 23.055419921875 41
1698183016311 23.217205047607422 42
1698183016454 22.931665420532227 43
1698183016588 29.380699157714844 44
1698183016725 24.39971923828125 45
1698183016852 17.26030158996582 46
1698183016994 18.501314163208008 47
1698183017148 21.415830612182617 48
1698183017283 20.82331657409668 49
