1698168392001 0.05952763929963112 0
1698168392355 0.022494623437523842 1
1698168392685 0.014802518300712109 2
1698168393014 0.0123022785410285 3
1698168393363 0.010532891377806664 4
1698168393672 0.009202249348163605 5
1698168394041 0.008364873006939888 6
1698168394374 0.007848287001252174 7
1698168394714 0.0073340535163879395 8
1698168395032 0.006895065773278475 9
1698168395383 0.006560011766850948 10
1698168395801 0.006342308130115271 11
1698168396219 0.00617756973952055 12
1698168396573 0.005927118472754955 13
1698168396898 0.005692507140338421 14
1698168397241 0.005690275225788355 15
1698168397553 0.005394388921558857 16
1698168397870 0.005232084542512894 17
1698168398188 0.005245319567620754 18
1698168398528 0.005084583070129156 19
1698168398852 0.005043498706072569 20
1698168399181 0.004980605561286211 21
1698168399528 0.0049681877717375755 22
1698168399853 0.004750701133161783 23
1698168400179 0.004717532079666853 24
1698168400511 0.004696127027273178 25
1698168400871 0.004684069659560919 26
1698168401204 0.004673187620937824 27
1698168401562 0.004663441330194473 28
1698168401885 0.00452954089269042 29
1698168402202 0.004488007165491581 30
1698168402559 0.004455066751688719 31
1698168402885 0.0044644176959991455 32
1698168403308 0.004418373107910156 33
1698168403646 0.00444974098354578 34
1698168404108 0.004462999291718006 35
1698168404535 0.0043844557367265224 36
1698168404865 0.004302734974771738 37
1698168405232 0.004427318461239338 38
1698168405573 0.0043371873907744884 39
1698168405899 0.004340636543929577 40
1698168406223 0.004386771470308304 41
1698168406565 0.0043028052896261215 42
1698168406916 0.004326213151216507 43
1698168407226 0.004292059689760208 44
1698168407547 0.004292044788599014 45
1698168407882 0.004272797144949436 46
1698168408200 0.004218681715428829 47
1698168408532 0.0042024897411465645 48
1698168408839 0.004290612880140543 49
