1698168392001 9241.4833984375 0
1698168392355 117763.078125 1
1698168392685 107237.765625 2
1698168393014 106926.15625 3
1698168393363 106829.796875 4
1698168393672 99084.546875 5
1698168394041 96899.984375 6
1698168394374 95664.140625 7
1698168394714 84761.8125 8
1698168395032 76365.0703125 9
1698168395383 80476.1328125 10
1698168395801 89926.5703125 11
1698168396219 94336.5234375 12
1698168396573 81663.625 13
1698168396898 88497.984375 14
1698168397241 84811.984375 15
1698168397553 66769.8984375 16
1698168397870 82618.109375 17
1698168398188 86824.59375 18
1698168398528 73934.53125 19
1698168398852 73446.40625 20
1698168399181 83312.3359375 21
1698168399528 65667.3359375 22
1698168399853 69085.859375 23
1698168400179 76619.375 24
1698168400511 79786.0234375 25
1698168400871 69678.1640625 26
1698168401204 70441.03125 27
1698168401562 79085.4453125 28
1698168401885 78603.4140625 29
1698168402202 64662.36328125 30
1698168402559 66730.5234375 31
1698168402885 75915.9140625 32
1698168403308 71842.0 33
1698168403646 67811.1640625 34
1698168404108 75812.5703125 35
1698168404535 61022.46875 36
1698168404865 64465.234375 37
1698168405232 68287.5859375 38
1698168405573 72965.890625 39
1698168405899 71360.8671875 40
1698168406223 75816.5546875 41
1698168406565 64826.3203125 42
1698168406916 68368.25 43
1698168407226 69350.09375 44
1698168407547 58820.98046875 45
1698168407882 67577.6875 46
1698168408200 62183.05859375 47
1698168408532 70067.3515625 48
1698168408839 66655.8203125 49
