1698185355408 32.171695709228516 0
1698185355706 11.821224212646484 1
1698185355996 10.913799285888672 2
1698185356293 10.270029067993164 3
1698185356607 10.05930233001709 4
1698185356900 7.892163276672363 5
1698185357197 10.857851028442383 6
1698185357519 9.604349136352539 7
1698185357831 10.24916934967041 8
1698185358137 9.631745338439941 9
1698185358453 8.342193603515625 10
1698185358754 9.6025972366333 11
1698185359064 9.694025993347168 12
1698185359374 8.409407615661621 13
1698185359687 8.378684997558594 14
1698185359975 7.182626247406006 15
1698185360371 7.470746994018555 16
1698185360815 9.159146308898926 17
1698185361130 8.544392585754395 18
1698185361443 7.408139228820801 19
1698185361778 6.776660442352295 20
1698185362148 7.575540065765381 21
1698185362462 7.818736553192139 22
1698185362770 8.342751502990723 23
1698185363077 9.643678665161133 24
1698185363374 7.529269695281982 25
1698185363700 7.682605743408203 26
1698185363991 7.044647216796875 27
1698185364285 8.311295509338379 28
1698185364605 11.515196800231934 29
1698185364900 9.144369125366211 30
1698185365196 7.7083024978637695 31
1698185365497 7.136038780212402 32
1698185365793 6.428332328796387 33
1698185366083 6.38116979598999 34
1698185366383 9.359878540039062 35
1698185366699 10.417448997497559 36
1698185366993 9.449845314025879 37
1698185367288 9.279375076293945 38
1698185367605 7.088319778442383 39
1698185367907 8.08067798614502 40
1698185368217 8.200576782226562 41
1698185368520 8.118213653564453 42
1698185368826 7.7571797370910645 43
1698185369132 7.553864002227783 44
1698185369440 7.40454626083374 45
1698185369745 10.051234245300293 46
1698185370032 7.852081298828125 47
1698185370325 8.458551406860352 48
1698185370644 7.961666584014893 49
