1698172146563 0.044243983924388885 0
1698172146751 0.0044469707645475864 1
1698172146934 0.0036869095638394356 2
1698172147115 0.0032601000275462866 3
1698172147315 0.0034526397939771414 4
1698172147518 0.003374652937054634 5
1698172147715 0.0031991740688681602 6
1698172147924 0.0032736866269260645 7
1698172148136 0.002922614337876439 8
1698172148333 0.0028441096656024456 9
1698172148519 0.0031054497230798006 10
1698172148727 0.0028977261390537024 11
1698172148927 0.003004304366186261 12
1698172149114 0.0027047456242144108 13
1698172149339 0.002834932878613472 14
1698172149537 0.0026853459421545267 15
1698172149740 0.0028438586741685867 16
1698172149946 0.0026772357523441315 17
1698172150148 0.0026572926435619593 18
1698172150347 0.002558236476033926 19
1698172150530 0.0028191108722239733 20
1698172150710 0.002831079298630357 21
1698172150925 0.002732262248173356 22
1698172151114 0.0025316039100289345 23
1698172151320 0.002669071312993765 24
1698172151519 0.002655485412105918 25
1698172151741 0.002738075563684106 26
1698172151930 0.0025857356376945972 27
1698172152126 0.0024999091401696205 28
1698172152339 0.0024918962735682726 29
1698172152587 0.0026228579226881266 30
1698172152791 0.002566396724432707 31
1698172153010 0.0024940429721027613 32
1698172153368 0.002505580196157098 33
1698172153664 0.002358361380174756 34
1698172153981 0.002506544115021825 35
1698172154269 0.0025867419317364693 36
1698172154494 0.002318221377208829 37
1698172154751 0.0024970024824142456 38
1698172155067 0.0024760595988482237 39
1698172155327 0.0024443299043923616 40
1698172155526 0.00246924115344882 41
1698172155708 0.002384540857747197 42
1698172155894 0.002266261028125882 43
1698172156077 0.0024698427878320217 44
1698172156273 0.002253408543765545 45
1698172156465 0.0022160736843943596 46
1698172156658 0.0023120592813938856 47
1698172156845 0.0024835935328155756 48
1698172157039 0.0021827206946909428 49
