1698172146563 27.319446563720703 0
1698172146751 9.926006317138672 1
1698172146934 8.119977951049805 2
1698172147115 7.659967422485352 3
1698172147315 7.710678577423096 4
1698172147518 7.312126636505127 5
1698172147715 7.397249698638916 6
1698172147924 7.541615009307861 7
1698172148136 7.066858768463135 8
1698172148333 6.792150497436523 9
1698172148519 7.168722152709961 10
1698172148727 6.960727691650391 11
1698172148927 6.7297258377075195 12
1698172149114 6.678520679473877 13
1698172149339 6.663477420806885 14
1698172149537 6.796280384063721 15
1698172149740 6.493869781494141 16
1698172149946 6.741612434387207 17
1698172150148 6.589122295379639 18
1698172150347 6.223423957824707 19
1698172150530 6.412327766418457 20
1698172150710 6.777954578399658 21
1698172150925 6.157539367675781 22
1698172151114 6.452524185180664 23
1698172151320 6.480813980102539 24
1698172151519 6.534834861755371 25
1698172151741 6.286314010620117 26
1698172151930 6.3267974853515625 27
1698172152126 6.173966407775879 28
1698172152339 6.177425861358643 29
1698172152587 6.328007221221924 30
1698172152791 6.164183139801025 31
1698172153010 6.179008483886719 32
1698172153368 6.09097146987915 33
1698172153664 6.127381324768066 34
1698172153981 6.054992198944092 35
1698172154269 6.009793281555176 36
1698172154494 5.848016262054443 37
1698172154751 6.18538236618042 38
1698172155067 6.209348678588867 39
1698172155327 6.020143985748291 40
1698172155526 6.2098283767700195 41
1698172155708 6.00338077545166 42
1698172155894 6.121373653411865 43
1698172156077 6.062734127044678 44
1698172156273 5.84584903717041 45
1698172156465 5.780886650085449 46
1698172156658 6.161855697631836 47
1698172156845 6.092759609222412 48
1698172157039 5.82941198348999 49
