1698173900183 33053.84375 0
1698173900875 3937.20849609375 1
1698173901500 7713.9404296875 2
1698173902100 10494.0283203125 3
1698173902738 6213.5791015625 4
1698173903426 8944.0146484375 5
1698173904087 9946.1220703125 6
1698173904711 4830.41015625 7
1698173905323 7858.1201171875 8
1698173905931 10298.72265625 9
1698173906562 3152.041748046875 10
1698173907162 5034.89599609375 11
1698173907809 5559.552734375 12
1698173908439 5133.8984375 13
1698173909045 3775.628173828125 14
1698173909657 4390.49951171875 15
1698173910260 6710.6796875 16
1698173910900 6096.65283203125 17
1698173911598 9781.5693359375 18
1698173912267 2318.8349609375 19
1698173912979 760.2725830078125 20
1698173913923 9779.353515625 21
1698173914615 5772.95361328125 22
1698173915289 5519.8193359375 23
1698173916106 6048.56396484375 24
1698173916791 8935.380859375 25
1698173917459 6915.52685546875 26
1698173918061 2440.56396484375 27
1698173918682 5296.77880859375 28
1698173919290 4422.0400390625 29
1698173919926 8630.890625 30
1698173920565 8856.4150390625 31
1698173921175 9531.810546875 32
1698173921988 2113.040283203125 33
1698173922642 7425.78759765625 34
1698173923242 9013.3447265625 35
1698173923865 6420.935546875 36
1698173924493 2458.1513671875 37
1698173925118 7689.953125 38
1698173925753 7287.20361328125 39
1698173926360 5248.8837890625 40
1698173926985 4802.7802734375 41
1698173927613 3133.979736328125 42
1698173928204 2207.365478515625 43
1698173928839 3062.043212890625 44
1698173929448 11393.5537109375 45
1698173930093 3992.706298828125 46
1698173930802 629.5960083007812 47
1698173931579 426.6512451171875 48
1698173932213 512.221923828125 49
