1698186216958 23.12328338623047 0
1698186217329 4.583282470703125 1
1698186217716 1.7023290395736694 2
1698186218087 1.562831997871399 3
1698186218468 1.4373931884765625 4
1698186218833 1.4457987546920776 5
1698186219220 1.2141717672348022 6
1698186219598 1.3844342231750488 7
1698186219974 1.1525088548660278 8
1698186220341 1.2864468097686768 9
1698186220720 1.1549321413040161 10
1698186221079 1.0958306789398193 11
1698186221447 1.0524331331253052 12
1698186221833 1.229151725769043 13
1698186222204 1.0359858274459839 14
1698186222604 1.0152944326400757 15
1698186222981 0.9493182301521301 16
1698186223482 1.129692554473877 17
1698186223880 0.9070163369178772 18
1698186224241 0.9841033220291138 19
1698186224691 1.0079079866409302 20
1698186225092 0.8924528956413269 21
1698186225484 0.986280083656311 22
1698186225921 0.9042142629623413 23
1698186226355 0.8212374448776245 24
1698186226760 1.08833646774292 25
1698186227116 0.9307771921157837 26
1698186227514 0.9251576066017151 27
1698186227885 0.9106884598731995 28
1698186228266 0.8794565200805664 29
1698186228633 0.9486808776855469 30
1698186229004 0.7531338930130005 31
1698186229398 0.7343138456344604 32
1698186229765 0.7441322803497314 33
1698186230141 0.9705082178115845 34
1698186230504 0.729126513004303 35
1698186230890 0.7706678509712219 36
1698186231256 0.8138937950134277 37
1698186231634 0.8043547868728638 38
1698186232007 0.7406908869743347 39
1698186232373 0.835218608379364 40
1698186232764 0.8784459829330444 41
1698186233138 0.9389774799346924 42
1698186233509 0.7470057010650635 43
1698186233890 0.8492686748504639 44
1698186234265 0.7658528685569763 45
1698186234660 0.8801124095916748 46
1698186235035 0.7226206660270691 47
1698186235426 0.8708199262619019 48
1698186235799 0.7677724361419678 49
