1698187612197 18.914278030395508 0
1698187612474 8.747207641601562 1
1698187612753 8.341395378112793 2
1698187613032 8.519227981567383 3
1698187613318 8.440194129943848 4
1698187613607 7.834648609161377 5
1698187613888 8.44317626953125 6
1698187614172 7.44239616394043 7
1698187614481 7.319130897521973 8
1698187614803 7.148600101470947 9
1698187615207 7.333553314208984 10
1698187615520 7.288581371307373 11
1698187615804 7.926967620849609 12
1698187616130 6.432976722717285 13
1698187616506 6.73012638092041 14
1698187616814 6.4990973472595215 15
1698187617099 7.538420677185059 16
1698187617396 6.548840522766113 17
1698187617774 7.598648548126221 18
1698187618075 7.33872127532959 19
1698187618371 6.75846004486084 20
1698187618676 7.07918119430542 21
1698187618962 6.376359462738037 22
1698187619243 6.599110126495361 23
1698187619528 6.891427516937256 24
1698187619829 6.337894916534424 25
1698187620121 6.487423896789551 26
1698187620406 6.705162048339844 27
1698187620716 7.009213447570801 28
1698187621004 6.334677219390869 29
1698187621281 6.290761947631836 30
1698187621571 6.632746696472168 31
1698187621862 6.1830010414123535 32
1698187622150 7.53072452545166 33
1698187622456 6.79766321182251 34
1698187622733 6.8492655754089355 35
1698187623014 6.389974594116211 36
1698187623302 6.537917137145996 37
1698187623598 6.855030536651611 38
1698187623889 7.528560638427734 39
1698187624193 7.235193729400635 40
1698187624477 6.488382339477539 41
1698187624776 6.283821105957031 42
1698187625066 5.969486713409424 43
1698187625361 6.552597999572754 44
1698187625661 6.81541633605957 45
1698187625945 6.514275074005127 46
1698187626227 5.815020561218262 47
1698187626513 6.424260139465332 48
1698187626821 5.936641693115234 49
