1698185133360 80.80445861816406 0
1698185133717 22.139726638793945 1
1698185134073 10.931953430175781 2
1698185134425 9.260135650634766 3
1698185134793 8.067313194274902 4
1698185135148 7.243300437927246 5
1698185135499 8.99781608581543 6
1698185135859 7.2975335121154785 7
1698185136249 7.005959510803223 8
1698185136612 6.829573154449463 9
1698185136983 7.295783996582031 10
1698185137335 6.945313930511475 11
1698185137727 6.395191669464111 12
1698185138223 7.803493022918701 13
1698185138614 6.697006702423096 14
1698185138974 7.02872371673584 15
1698185139425 8.365278244018555 16
1698185139850 6.463952541351318 17
1698185140237 8.610950469970703 18
1698185140655 6.245797157287598 19
1698185141078 6.615292072296143 20
1698185141435 6.703339576721191 21
1698185141789 6.235271453857422 22
1698185142144 6.334177017211914 23
1698185142501 6.35650110244751 24
1698185142864 5.563804626464844 25
1698185143242 6.697757720947266 26
1698185143608 6.9705424308776855 27
1698185143969 7.776792526245117 28
1698185144343 6.268373012542725 29
1698185144693 7.342465877532959 30
1698185145048 6.364946365356445 31
1698185145397 6.741153240203857 32
1698185145753 7.7596259117126465 33
1698185146125 7.047420024871826 34
1698185146492 6.5926923751831055 35
1698185146859 5.899807453155518 36
1698185147238 6.8214263916015625 37
1698185147613 6.066081523895264 38
1698185147972 6.1237711906433105 39
1698185148352 6.042457580566406 40
1698185148706 5.499660015106201 41
1698185149073 6.027153015136719 42
1698185149448 6.085252285003662 43
1698185149809 6.170564651489258 44
1698185150183 5.6886773109436035 45
1698185150542 6.031538486480713 46
1698185150905 7.102972507476807 47
1698185151295 5.906555652618408 48
1698185151706 6.070520401000977 49
