1698180165179 0.11151723563671112 0
1698180165402 0.03747495263814926 1
1698180165662 0.036903150379657745 2
1698180165920 0.03210347518324852 3
1698180166182 0.026532279327511787 4
1698180166452 0.02980397269129753 5
1698180166697 0.022362522780895233 6
1698180166969 0.02134711854159832 7
1698180167258 0.022706061601638794 8
1698180167555 0.024681972339749336 9
1698180167841 0.020484816282987595 10
1698180168178 0.018518716096878052 11
1698180168572 0.018412996083498 12
1698180168821 0.016453949734568596 13
1698180169077 0.01960824243724346 14
1698180169327 0.01963982917368412 15
1698180169719 0.017602019011974335 16
1698180170005 0.015222332440316677 17
1698180170249 0.0185681339353323 18
1698180170501 0.02006411924958229 19
1698180170758 0.019752081483602524 20
1698180171030 0.01579539105296135 21
1698180171370 0.019119124859571457 22
1698180171712 0.018511399626731873 23
1698180171979 0.021250993013381958 24
1698180172237 0.01558738760650158 25
1698180172482 0.01854509674012661 26
1698180172760 0.020647216588258743 27
1698180173018 0.016780821606516838 28
1698180173270 0.023013556376099586 29
1698180173537 0.01827605813741684 30
1698180173798 0.016673389822244644 31
1698180174054 0.01670021563768387 32
1698180174308 0.015136640518903732 33
1698180174565 0.013724674470722675 34
1698180174828 0.016108252108097076 35
1698180175081 0.013801753520965576 36
1698180175333 0.017441632226109505 37
1698180175599 0.018020760267972946 38
1698180175862 0.01597164385020733 39
1698180176110 0.015392422676086426 40
1698180176366 0.01270152535289526 41
1698180176639 0.01593044400215149 42
1698180176900 0.015504141338169575 43
1698180177154 0.015399415045976639 44
1698180177422 0.016663933172822 45
1698180177758 0.014476827345788479 46
1698180178039 0.014336534775793552 47
1698180178327 0.015110494568943977 48
1698180178639 0.01256546750664711 49
