1698180165179 44.36872100830078 0
1698180165402 23.906999588012695 1
1698180165662 27.03772735595703 2
1698180165920 26.31977081298828 3
1698180166182 23.48388671875 4
1698180166452 25.788869857788086 5
1698180166697 25.616121292114258 6
1698180166969 22.54510498046875 7
1698180167258 20.170637130737305 8
1698180167555 18.80881690979004 9
1698180167841 19.972387313842773 10
1698180168178 18.6826171875 11
1698180168572 17.44363021850586 12
1698180168821 15.81887435913086 13
1698180169077 16.259227752685547 14
1698180169327 17.741209030151367 15
1698180169719 15.657838821411133 16
1698180170005 14.781723976135254 17
1698180170249 17.429704666137695 18
1698180170501 16.76540184020996 19
1698180170758 19.045034408569336 20
1698180171030 15.781807899475098 21
1698180171370 18.075084686279297 22
1698180171712 17.365398406982422 23
1698180171979 16.443214416503906 24
1698180172237 15.422914505004883 25
1698180172482 14.590435981750488 26
1698180172760 16.618276596069336 27
1698180173018 15.593473434448242 28
1698180173270 24.92281723022461 29
1698180173537 15.457528114318848 30
1698180173798 15.44058895111084 31
1698180174054 14.597524642944336 32
1698180174308 14.343317985534668 33
1698180174565 14.34803295135498 34
1698180174828 15.816152572631836 35
1698180175081 16.02752113342285 36
1698180175333 15.198835372924805 37
1698180175599 17.74524688720703 38
1698180175862 15.054586410522461 39
1698180176110 14.761469841003418 40
1698180176366 14.94998836517334 41
1698180176639 18.184581756591797 42
1698180176900 16.85622787475586 43
1698180177154 16.132131576538086 44
1698180177422 14.668899536132812 45
1698180177758 14.548659324645996 46
1698180178039 13.889739036560059 47
1698180178327 14.845484733581543 48
1698180178639 14.218432426452637 49
