1698175873257 0.15325848758220673 0
1698175873489 0.02017536200582981 1
1698175873708 0.020915642380714417 2
1698175873937 0.017151353880763054 3
1698175874175 0.019641773775219917 4
1698175874396 0.016236525028944016 5
1698175874650 0.013708323240280151 6
1698175874984 0.01700221374630928 7
1698175875264 0.014428162015974522 8
1698175875498 0.01522822491824627 9
1698175875757 0.01335163414478302 10
1698175875999 0.014253158122301102 11
1698175876264 0.013557743281126022 12
1698175876540 0.012724405154585838 13
1698175876777 0.013219552114605904 14
1698175877001 0.013508301228284836 15
1698175877246 0.011864438652992249 16
1698175877641 0.011275198310613632 17
1698175877875 0.010788383893668652 18
1698175878109 0.012217560783028603 19
1698175878371 0.012631296180188656 20
1698175878635 0.012773972004652023 21
1698175878882 0.012286321260035038 22
1698175879146 0.01158151589334011 23
1698175879515 0.012783033773303032 24
1698175879795 0.013008235953748226 25
1698175880032 0.01201607845723629 26
1698175880281 0.010729867033660412 27
1698175880532 0.011755724437534809 28
1698175880791 0.010074547491967678 29
1698175881024 0.012858160771429539 30
1698175881264 0.010743826627731323 31
1698175881644 0.011702598072588444 32
1698175881878 0.011400253511965275 33
1698175882115 0.010304413735866547 34
1698175882339 0.009493537247180939 35
1698175882561 0.009761152788996696 36
1698175882799 0.010124425403773785 37
1698175883009 0.01114673912525177 38
1698175883238 0.009320348501205444 39
1698175883452 0.010878469794988632 40
1698175883726 0.01215929165482521 41
1698175883983 0.009511898271739483 42
1698175884219 0.008854617364704609 43
1698175884438 0.01057550311088562 44
1698175884672 0.010099711827933788 45
1698175884955 0.009404648095369339 46
1698175885193 0.009521172381937504 47
1698175885423 0.010263541713356972 48
1698175885740 0.00915199238806963 49
