1698175873257 55.26782989501953 0
1698175873489 16.729572296142578 1
1698175873708 16.087604522705078 2
1698175873937 14.678771018981934 3
1698175874175 14.278678894042969 4
1698175874396 13.510836601257324 5
1698175874650 11.413698196411133 6
1698175874984 11.65710163116455 7
1698175875264 13.146501541137695 8
1698175875498 13.746183395385742 9
1698175875757 13.027185440063477 10
1698175875999 11.716691970825195 11
1698175876264 11.20108699798584 12
1698175876540 10.742643356323242 13
1698175876777 10.675314903259277 14
1698175877001 11.074732780456543 15
1698175877246 10.088868141174316 16
1698175877641 10.595179557800293 17
1698175877875 9.285319328308105 18
1698175878109 10.418782234191895 19
1698175878371 13.064250946044922 20
1698175878635 12.11684799194336 21
1698175878882 12.713604927062988 22
1698175879146 10.254247665405273 23
1698175879515 9.408730506896973 24
1698175879795 11.403098106384277 25
1698175880032 11.153568267822266 26
1698175880281 9.764705657958984 27
1698175880532 9.625564575195312 28
1698175880791 9.662936210632324 29
1698175881024 10.261062622070312 30
1698175881264 8.830309867858887 31
1698175881644 10.295206069946289 32
1698175881878 9.730274200439453 33
1698175882115 8.828628540039062 34
1698175882339 9.12554931640625 35
1698175882561 9.362801551818848 36
1698175882799 9.349692344665527 37
1698175883009 9.502896308898926 38
1698175883238 9.170920372009277 39
1698175883452 9.856855392456055 40
1698175883726 10.962611198425293 41
1698175883983 9.854569435119629 42
1698175884219 9.359268188476562 43
1698175884438 9.921072959899902 44
1698175884672 9.654634475708008 45
1698175884955 9.554479598999023 46
1698175885193 9.441800117492676 47
1698175885423 9.88375473022461 48
1698175885740 10.180291175842285 49
