1698176149944 0.033704109489917755 0
1698176151609 0.007126738782972097 1
1698176153467 0.005699717439711094 2
1698176155057 0.007158081978559494 3
1698176156434 0.00506909703835845 4
1698176157831 0.0052298372611403465 5
1698176159218 0.0049223224632442 6
1698176160676 0.004762928932905197 7
1698176162287 0.004471782129257917 8
1698176163845 0.004357450641691685 9
1698176165420 0.004594625439494848 10
1698176167102 0.0040376451797783375 11
1698176168577 0.003988808020949364 12
1698176170338 0.003710624063387513 13
1698176172333 0.003997595980763435 14
1698176173854 0.003760020947083831 15
1698176175449 0.0037681031972169876 16
1698176176828 0.004077485762536526 17
1698176178221 0.0037024766206741333 18
1698176179591 0.0033355853520333767 19
1698176181076 0.0033496886026114225 20
1698176182634 0.003520833794027567 21
1698176184007 0.0035247798077762127 22
1698176185391 0.0029382796492427588 23
1698176186776 0.003184456843882799 24
1698176188165 0.0028922976925969124 25
1698176189543 0.002960503101348877 26
1698176191077 0.003107893280684948 27
1698176192631 0.0030970429070293903 28
1698176194017 0.0033181090839207172 29
1698176195429 0.0031999326311051846 30
1698176196824 0.0031017037108540535 31
1698176198216 0.0033614609856158495 32
1698176199616 0.002772119827568531 33
1698176201024 0.0029760864563286304 34
1698176202796 0.0026295557618141174 35
1698176204175 0.0025108966510742903 36
1698176205566 0.0028624834958463907 37
1698176207010 0.002642569597810507 38
1698176208406 0.002603087807074189 39
1698176209805 0.0025031864643096924 40
1698176211284 0.0025614991318434477 41
1698176212834 0.0025010136887431145 42
1698176214211 0.002647685818374157 43
1698176215632 0.002491531427949667 44
1698176217030 0.0022295191884040833 45
1698176218436 0.002303092973306775 46
1698176219836 0.002408849075436592 47
1698176221369 0.002226533368229866 48
1698176222929 0.0023982676211744547 49
