1698176149944 92071.8828125 0
1698176151609 74502.390625 1
1698176153467 57122.33203125 2
1698176155057 48307.40234375 3
1698176156434 57710.796875 4
1698176157831 53528.1171875 5
1698176159218 48690.78125 6
1698176160676 46714.70703125 7
1698176162287 56231.3359375 8
1698176163845 47016.671875 9
1698176165420 55432.90234375 10
1698176167102 57618.80078125 11
1698176168577 56833.875 12
1698176170338 63545.41796875 13
1698176172333 40355.1015625 14
1698176173854 60338.06640625 15
1698176175449 49341.9453125 16
1698176176828 51516.70703125 17
1698176178221 60520.375 18
1698176179591 58675.59765625 19
1698176181076 50943.0 20
1698176182634 54989.06640625 21
1698176184007 60412.6328125 22
1698176185391 40372.90625 23
1698176186776 45539.3828125 24
1698176188165 53225.84375 25
1698176189543 48215.125 26
1698176191077 43614.4921875 27
1698176192631 54499.6171875 28
1698176194017 49000.578125 29
1698176195429 46794.9140625 30
1698176196824 28448.51171875 31
1698176198216 37980.55859375 32
1698176199616 51548.61328125 33
1698176201024 45046.91015625 34
1698176202796 58951.625 35
1698176204175 50759.87890625 36
1698176205566 60455.203125 37
1698176207010 37481.72265625 38
1698176208406 56752.08984375 39
1698176209805 50927.16015625 40
1698176211284 47709.33984375 41
1698176212834 57703.6875 42
1698176214211 48997.70703125 43
1698176215632 50428.68359375 44
1698176217030 38735.296875 45
1698176218436 48844.9921875 46
1698176219836 51318.31640625 47
1698176221369 46085.20703125 48
1698176222929 72245.125 49
