1698176734520 42.752525329589844 0
1698176734754 14.004134178161621 1
1698176734923 8.095622062683105 2
1698176735102 5.931948661804199 3
1698176735336 6.418643474578857 4
1698176735545 6.308334827423096 5
1698176735702 6.700362205505371 6
1698176735845 6.372777938842773 7
1698176735993 5.971588134765625 8
1698176736151 5.69689416885376 9
1698176736318 5.952522277832031 10
1698176736473 6.0730061531066895 11
1698176736636 5.686188697814941 12
1698176736785 5.847128391265869 13
1698176736943 6.111963272094727 14
1698176737099 6.1022491455078125 15
1698176737289 5.829265117645264 16
1698176737571 5.926122665405273 17
1698176737754 5.933891296386719 18
1698176737902 5.841655731201172 19
1698176738057 5.747311115264893 20
1698176738225 5.8948564529418945 21
1698176738401 5.794145107269287 22
1698176738566 5.530379772186279 23
1698176738722 5.556700706481934 24
1698176738866 5.667599678039551 25
1698176739006 5.599824905395508 26
1698176739152 5.4100022315979 27
1698176739322 5.363154888153076 28
1698176739468 5.547905921936035 29
1698176739611 5.215536117553711 30
1698176739755 5.221602916717529 31
1698176739902 5.931599140167236 32
1698176740091 5.4346394538879395 33
1698176740238 5.494951248168945 34
1698176740384 5.419431686401367 35
1698176740527 5.424848556518555 36
1698176740674 5.4877753257751465 37
1698176740815 5.242414474487305 38
1698176740961 5.360696792602539 39
1698176741112 5.187742710113525 40
1698176741277 5.286354064941406 41
1698176741422 5.509264945983887 42
1698176741569 5.415960788726807 43
1698176741729 5.248093605041504 44
1698176741882 5.213613510131836 45
1698176742019 5.609659194946289 46
1698176742164 5.201646327972412 47
1698176742338 5.381703853607178 48
1698176742493 5.020772457122803 49
