1698185669887 3214.67333984375 0
1698185669987 316.60345458984375 1
1698185670117 256.70330810546875 2
1698185670285 294.17572021484375 3
1698185670442 229.71665954589844 4
1698185670580 230.22726440429688 5
1698185670760 220.146240234375 6
1698185671037 251.8871307373047 7
1698185671192 234.99754333496094 8
1698185671328 184.3927001953125 9
1698185671459 184.5106964111328 10
1698185671592 189.38742065429688 11
1698185671721 190.40863037109375 12
1698185671848 196.8149871826172 13
1698185671997 184.93833923339844 14
1698185672179 206.96897888183594 15
1698185672323 232.65029907226562 16
1698185672448 218.35452270507812 17
1698185672562 189.3549041748047 18
1698185672682 206.67132568359375 19
1698185672806 188.1676025390625 20
1698185672931 196.6834716796875 21
1698185673055 176.00758361816406 22
1698185673167 182.8589324951172 23
1698185673289 181.3582763671875 24
1698185673412 218.2434539794922 25
1698185673537 166.246337890625 26
1698185673680 206.49366760253906 27
1698185673802 176.0521240234375 28
1698185673928 226.1817169189453 29
1698185674052 186.28662109375 30
1698185674164 176.99830627441406 31
1698185674285 195.6968231201172 32
1698185674408 215.3756103515625 33
1698185674529 182.9155731201172 34
1698185674659 186.1128692626953 35
1698185674791 180.09719848632812 36
1698185674916 171.6851806640625 37
1698185675023 196.16151428222656 38
1698185675129 217.30838012695312 39
1698185675236 200.19700622558594 40
1698185675343 221.18894958496094 41
1698185675461 188.59535217285156 42
1698185675567 181.74696350097656 43
1698185675690 202.42343139648438 44
1698185675811 216.3141632080078 45
1698185675921 188.13699340820312 46
1698185676047 162.93800354003906 47
1698185676176 198.25347900390625 48
1698185676293 180.81800842285156 49
