1698159578200 0.7505577802658081 0
1698159579369 0.45610469579696655 1
1698159580382 0.28875288367271423 2
1698159581473 0.19316790997982025 3
1698159582612 0.13859552145004272 4
1698159583790 0.10382155328989029 5
1698159584993 0.08287163078784943 6
1698159586249 0.06410665065050125 7
1698159587463 0.05459275841712952 8
1698159588592 0.04054699093103409 9
1698159589914 0.030212029814720154 10
1698159591300 0.023982472717761993 11
1698159592754 0.023003816604614258 12
1698159593867 0.020956426858901978 13
