1698186237691 4.4513983726501465 0
1698186237855 0.8419581651687622 1
1698186238021 0.808919370174408 2
1698186238166 0.7927612066268921 3
1698186238328 0.7255063652992249 4
1698186238479 0.6495000123977661 5
1698186238619 0.696715772151947 6
1698186238765 0.7597574591636658 7
1698186238907 0.8046951293945312 8
1698186239062 0.6315005421638489 9
1698186239205 0.585320234298706 10
1698186239356 0.6100968718528748 11
1698186239529 0.6246371269226074 12
1698186239665 0.6312398314476013 13
1698186239802 0.6394124627113342 14
1698186239935 0.6126428246498108 15
1698186240082 0.6494677066802979 16
1698186240314 0.6299705505371094 17
1698186240448 0.6532126665115356 18
1698186240581 0.591141939163208 19
1698186240715 0.635235607624054 20
1698186240850 0.6107147336006165 21
1698186240983 0.6195435523986816 22
1698186241108 0.5536490082740784 23
1698186241233 0.5226598381996155 24
1698186241366 0.5162676572799683 25
1698186241500 0.5710590481758118 26
1698186241637 0.6194143295288086 27
1698186241793 0.5699191093444824 28
1698186241917 0.5194908976554871 29
1698186242043 0.556797981262207 30
1698186242171 0.5310742855072021 31
1698186242298 0.618187665939331 32
1698186242430 0.6255399584770203 33
1698186242552 0.49570226669311523 34
1698186242691 0.6343942880630493 35
1698186242836 0.6231523752212524 36
1698186242977 0.5954288840293884 37
1698186243100 0.4785926342010498 38
1698186243225 0.5620067119598389 39
1698186243369 0.5244704484939575 40
1698186243508 0.5482639074325562 41
1698186243641 0.5860421657562256 42
1698186243780 0.6024808883666992 43
1698186243915 0.482564777135849 44
1698186244051 0.6194575428962708 45
1698186244183 0.6151003241539001 46
1698186244331 0.634555995464325 47
1698186244468 0.6030614972114563 48
1698186244607 0.5743518471717834 49
