1698182548769 0.013609472662210464 0
1698182548968 0.00188697490375489 1
1698182549163 0.0017406865954399109 2
1698182549369 0.0016124313697218895 3
1698182549592 0.0015533698024228215 4
1698182549793 0.0011223495239391923 5
1698182549989 0.0013798297150060534 6
1698182550188 0.0012038282584398985 7
1698182550402 0.0011905415449291468 8
1698182550603 0.0012349210446700454 9
1698182550806 0.0011001074453815818 10
1698182551004 0.001032001688145101 11
1698182551207 0.0010720568243414164 12
1698182551409 0.0010672827484086156 13
1698182551633 0.0011511826887726784 14
1698182551832 0.0012791277840733528 15
1698182552022 0.0008620195440016687 16
1698182552219 0.0010229061590507627 17
1698182552426 0.0010251912754029036 18
1698182552641 0.0010073678568005562 19
1698182552845 0.0009692875319160521 20
1698182553051 0.0010586581192910671 21
1698182553251 0.001019151066429913 22
1698182553480 0.00095582683570683 23
1698182553669 0.0011344881495460868 24
1698182553878 0.0012659078929573298 25
1698182554105 0.0010004295036196709 26
1698182554302 0.0009501337190158665 27
1698182554526 0.0011045420542359352 28
1698182554724 0.0009494931437075138 29
1698182554944 0.0010176898213103414 30
1698182555180 0.0008921337430365384 31
1698182555437 0.0008214299450628459 32
1698182555664 0.0008972720825113356 33
1698182555882 0.0009287306456826627 34
1698182556120 0.001084132120013237 35
1698182556424 0.0007954530883580446 36
1698182556728 0.0008406268898397684 37
1698182556932 0.0008711779373697937 38
1698182557132 0.001088417717255652 39
1698182557332 0.001007610117085278 40
1698182557539 0.0009351916378363967 41
1698182557747 0.0008653088589198887 42
1698182557938 0.0008730998379178345 43
1698182558139 0.0007863473729230464 44
1698182558338 0.0008129734778776765 45
1698182558558 0.0009205189417116344 46
1698182558754 0.0008823605603538454 47
1698182558955 0.0008577556000091136 48
1698182559152 0.0007751313969492912 49
