1698162173690 61.569034576416016 0
1698162174631 31.36833381652832 1
1698162175688 27.18045425415039 2
1698162176845 26.131484985351562 3
1698162178056 24.306598663330078 4
1698162179047 22.917724609375 5
1698162180276 22.588499069213867 6
1698162181425 21.644962310791016 7
1698162182475 21.01729965209961 8
1698162183403 20.16303062438965 9
1698162184381 20.582592010498047 10
1698162185343 19.429460525512695 11
1698162186261 19.056529998779297 12
1698162187168 19.26643943786621 13
1698162188103 18.688465118408203 14
1698162189082 18.836393356323242 15
1698162190270 18.203615188598633 16
1698162191210 18.414033889770508 17
1698162192166 18.110013961791992 18
1698162193202 18.037906646728516 19
1698162194272 17.600217819213867 20
1698162195775 17.346364974975586 21
1698162196782 17.813772201538086 22
