1698177313182 990396.0 0
1698177313586 342619.40625 1
1698177314054 270156.53125 2
1698177314430 249556.453125 3
1698177314867 240825.09375 4
1698177315350 213675.546875 5
1698177315758 198496.375 6
1698177316338 237031.625 7
1698177316774 190830.0 8
1698177317088 189285.78125 9
1698177317457 155489.8125 10
1698177317906 167888.28125 11
1698177318345 192828.46875 12
1698177318786 191842.296875 13
1698177319098 186316.296875 14
1698177319448 164647.625 15
1698177319833 169975.890625 16
1698177320130 159541.640625 17
1698177320448 162743.96875 18
1698177320776 192346.265625 19
1698177321091 164143.328125 20
1698177321382 156101.609375 21
1698177321696 141831.96875 22
1698177321975 186949.078125 23
1698177322243 171431.8125 24
1698177322542 160618.96875 25
1698177322857 148563.734375 26
1698177323134 182388.734375 27
1698177323428 162562.71875 28
1698177323719 161128.6875 29
1698177324023 127196.90625 30
1698177324403 149414.90625 31
1698177324671 160911.90625 32
1698177325033 157148.453125 33
1698177325343 143086.515625 34
1698177325622 128702.375 35
1698177325916 113425.8203125 36
1698177326194 138257.375 37
1698177326536 131594.359375 38
1698177327107 134447.828125 39
1698177327619 143764.03125 40
1698177328024 144891.796875 41
1698177328372 151469.625 42
1698177328713 126969.8984375 43
1698177329104 123714.71875 44
1698177329464 115670.46875 45
1698177329861 126635.9140625 46
1698177330184 138433.640625 47
1698177330490 128677.40625 48
1698177330785 131303.6875 49
