1698177313182 45.90114974975586 0
1698177313586 25.559986114501953 1
1698177314054 23.30686378479004 2
1698177314430 21.967212677001953 3
1698177314867 22.680734634399414 4
1698177315350 20.480186462402344 5
1698177315758 20.13677215576172 6
1698177316338 20.385658264160156 7
1698177316774 19.13379669189453 8
1698177317088 20.054405212402344 9
1698177317457 18.61111068725586 10
1698177317906 18.704439163208008 11
1698177318345 21.08624839782715 12
1698177318786 19.790098190307617 13
1698177319098 20.110340118408203 14
1698177319448 17.8032169342041 15
1698177319833 18.514617919921875 16
1698177320130 18.232070922851562 17
1698177320448 18.5477237701416 18
1698177320776 18.23025894165039 19
1698177321091 17.75054931640625 20
1698177321382 17.925657272338867 21
1698177321696 17.27411460876465 22
1698177321975 19.453563690185547 23
1698177322243 18.064044952392578 24
1698177322542 17.77515983581543 25
1698177322857 17.773099899291992 26
1698177323134 18.101913452148438 27
1698177323428 18.156402587890625 28
1698177323719 17.727188110351562 29
1698177324023 17.342252731323242 30
1698177324403 17.487245559692383 31
1698177324671 18.368181228637695 32
1698177325033 16.67696762084961 33
1698177325343 16.91225242614746 34
1698177325622 16.41192626953125 35
1698177325916 15.295232772827148 36
1698177326194 17.118131637573242 37
1698177326536 15.925405502319336 38
1698177327107 16.731952667236328 39
1698177327619 16.476837158203125 40
1698177328024 16.709789276123047 41
1698177328372 16.55832290649414 42
1698177328713 15.485800743103027 43
1698177329104 15.692564010620117 44
1698177329464 15.405045509338379 45
1698177329861 15.766870498657227 46
1698177330184 16.46989631652832 47
1698177330490 16.202972412109375 48
1698177330785 16.32544708251953 49
