1698168870397 46.160888671875 0
1698168870592 21.7541446685791 1
1698168870810 19.259469985961914 2
1698168871025 16.944263458251953 3
1698168871238 14.827132225036621 4
1698168871431 13.967419624328613 5
1698168871632 13.471244812011719 6
1698168871826 13.372751235961914 7
1698168872041 13.159648895263672 8
1698168872238 13.100898742675781 9
1698168872449 13.06808853149414 10
1698168872668 12.937241554260254 11
1698168872914 12.598875999450684 12
1698168873112 12.42630672454834 13
1698168873309 12.461142539978027 14
1698168873497 12.397518157958984 15
1698168873721 12.293960571289062 16
1698168873953 11.950613975524902 17
1698168874153 11.864612579345703 18
1698168874398 12.01235580444336 19
1698168874627 11.799758911132812 20
1698168874948 11.919851303100586 21
1698168875188 11.710454940795898 22
1698168875445 11.669636726379395 23
1698168875679 11.525805473327637 24
1698168875934 11.294617652893066 25
1698168876137 11.530574798583984 26
1698168876337 11.313385963439941 27
1698168876543 11.312172889709473 28
1698168876742 11.255875587463379 29
1698168876965 11.826876640319824 30
1698168877160 11.343799591064453 31
1698168877361 11.196637153625488 32
1698168877549 11.040841102600098 33
1698168877780 11.220474243164062 34
1698168877971 11.179468154907227 35
1698168878159 11.311993598937988 36
1698168878365 11.10013484954834 37
1698168878558 11.09838581085205 38
1698168878769 11.089545249938965 39
1698168878996 11.125981330871582 40
1698168879279 10.994277000427246 41
1698168879496 11.206879615783691 42
1698168879689 11.373903274536133 43
1698168879894 11.118297576904297 44
1698168880178 10.999313354492188 45
1698168880407 11.055849075317383 46
1698168880609 10.904733657836914 47
1698168880809 11.017505645751953 48
1698168881013 10.824356079101562 49
