1698187787829 1.4783015251159668 0
1698187788187 0.3560441732406616 1
1698187788582 0.3088974356651306 2
1698187788956 0.23326025903224945 3
1698187789331 0.2626965045928955 4
1698187789725 0.19752007722854614 5
1698187790101 0.269347608089447 6
1698187790489 0.22340258955955505 7
1698187790867 0.2234378457069397 8
1698187791253 0.20978690683841705 9
1698187791628 0.20450812578201294 10
1698187791988 0.23573243618011475 11
1698187792383 0.2086694836616516 12
1698187792751 0.2156957983970642 13
1698187793129 0.17803768813610077 14
1698187793522 0.19262351095676422 15
1698187793960 0.20959272980690002 16
1698187794372 0.21156904101371765 17
1698187794752 0.17353616654872894 18
1698187795158 0.21680675446987152 19
1698187795608 0.18028473854064941 20
1698187796005 0.2176540195941925 21
1698187796430 0.16754639148712158 22
1698187796848 0.1610661745071411 23
1698187797268 0.1788383275270462 24
1698187797638 0.19420714676380157 25
1698187798016 0.17426523566246033 26
1698187798386 0.1842023730278015 27
1698187798771 0.165710911154747 28
1698187799137 0.15549391508102417 29
1698187799515 0.1605737805366516 30
1698187799927 0.18608061969280243 31
1698187800297 0.16574089229106903 32
1698187800691 0.18334625661373138 33
1698187801066 0.17677339911460876 34
1698187801459 0.16610343754291534 35
1698187801832 0.24635803699493408 36
1698187802198 0.15894873440265656 37
1698187802597 0.18337547779083252 38
1698187802981 0.1537388563156128 39
1698187803345 0.18868766725063324 40
1698187803740 0.16525232791900635 41
1698187804142 0.16048388183116913 42
1698187804519 0.20554228127002716 43
1698187804882 0.19215255975723267 44
1698187805251 0.16619549691677094 45
1698187805642 0.17514659464359283 46
1698187806019 0.18871374428272247 47
1698187806390 0.2042141705751419 48
1698187806801 0.15981531143188477 49
