1698187787829 19.876222610473633 0
1698187788187 9.925905227661133 1
1698187788582 8.967785835266113 2
1698187788956 8.102621078491211 3
1698187789331 8.769936561584473 4
1698187789725 7.39609956741333 5
1698187790101 9.304615020751953 6
1698187790489 7.936316013336182 7
1698187790867 7.5785441398620605 8
1698187791253 7.559664726257324 9
1698187791628 7.244762897491455 10
1698187791988 8.186479568481445 11
1698187792383 7.730574607849121 12
1698187792751 7.867478847503662 13
1698187793129 6.732966899871826 14
1698187793522 7.04157829284668 15
1698187793960 7.618312835693359 16
1698187794372 7.25148344039917 17
1698187794752 6.313207149505615 18
1698187795158 7.589871883392334 19
1698187795608 6.659102916717529 20
1698187796005 7.589237213134766 21
1698187796430 6.60756254196167 22
1698187796848 6.3852033615112305 23
1698187797268 6.722795486450195 24
1698187797638 7.124592304229736 25
1698187798016 6.535464763641357 26
1698187798386 6.8907670974731445 27
1698187798771 6.469399929046631 28
1698187799137 5.971220016479492 29
1698187799515 6.578043460845947 30
1698187799927 6.798141002655029 31
1698187800297 6.185920715332031 32
1698187800691 6.515163898468018 33
1698187801066 6.346838474273682 34
1698187801459 6.317454814910889 35
1698187801832 8.918107032775879 36
1698187802198 6.508769512176514 37
1698187802597 6.804916858673096 38
1698187802981 6.189419269561768 39
1698187803345 6.804904460906982 40
1698187803740 6.516690731048584 41
1698187804142 6.520867824554443 42
1698187804519 7.670740127563477 43
1698187804882 7.2231831550598145 44
1698187805251 6.884709358215332 45
1698187805642 6.407415390014648 46
1698187806019 6.453708171844482 47
1698187806390 7.146627902984619 48
1698187806801 6.120193958282471 49
