1698173118699 2232.034423828125 0
1698173119250 24526.16796875 1
1698173119774 22163.119140625 2
1698173120259 21058.005859375 3
1698173120802 15592.1630859375 4
1698173121420 14584.6875 5
1698173122034 15456.490234375 6
1698173122707 15273.3837890625 7
1698173123452 12013.22265625 8
1698173124043 16528.859375 9
1698173124815 13482.072265625 10
1698173125352 12082.9736328125 11
1698173125846 13037.8037109375 12
1698173126307 9051.58984375 13
1698173126813 11134.8017578125 14
1698173127490 11122.857421875 15
1698173127966 14941.0546875 16
1698173128456 8560.3212890625 17
1698173128875 15324.3876953125 18
1698173129346 6907.87451171875 19
1698173129780 13169.193359375 20
1698173130286 9103.6376953125 21
1698173130732 6835.46484375 22
1698173131275 2493.43798828125 23
1698173131812 18122.8828125 24
1698173132319 4750.9150390625 25
1698173132854 14683.27734375 26
1698173133398 3847.8525390625 27
1698173134150 5574.6787109375 28
1698173134680 3217.618896484375 29
1698173135258 14047.8232421875 30
1698173135961 2393.435546875 31
1698173136556 3963.800537109375 32
1698173137118 10627.2802734375 33
1698173137766 6880.42529296875 34
1698173138551 12757.98828125 35
1698173139057 4095.47216796875 36
1698173139651 13128.7939453125 37
1698173140257 10979.47265625 38
1698173140954 7935.39453125 39
1698173141899 11336.6796875 40
1698173143001 695.7991943359375 41
1698173144146 10252.8427734375 42
1698173144848 4941.13330078125 43
1698173145424 10331.0087890625 44
1698173146021 8465.8984375 45
1698173146586 7162.919921875 46
1698173147129 11693.3427734375 47
1698173147784 23552.3828125 48
1698173148586 9446.5341796875 49
