1698176765096 56.569671630859375 0
1698176765262 13.18620777130127 1
1698176765426 9.843391418457031 2
1698176765659 8.097294807434082 3
1698176765918 7.29995059967041 4
1698176766117 7.881434440612793 5
1698176766299 7.517117977142334 6
1698176766460 7.383031845092773 7
1698176766628 7.100821495056152 8
1698176766787 6.78975772857666 9
1698176766946 6.987542152404785 10
1698176767105 6.791528701782227 11
1698176767255 6.766392230987549 12
1698176767433 7.15385103225708 13
1698176767597 7.276874542236328 14
1698176767760 6.978750228881836 15
1698176767919 7.160787582397461 16
1698176768069 6.426482200622559 17
1698176768250 6.331441879272461 18
1698176768419 6.694509029388428 19
1698176768603 6.429064750671387 20
1698176768796 6.317107200622559 21
1698176768974 6.415192127227783 22
1698176769145 6.203471660614014 23
1698176769312 6.178295135498047 24
1698176769470 6.22721004486084 25
1698176769647 6.469520568847656 26
1698176769830 6.416614055633545 27
1698176770022 6.171238899230957 28
1698176770192 6.149887561798096 29
1698176770361 6.807422161102295 30
1698176770530 6.216984748840332 31
1698176770758 5.845668792724609 32
1698176770954 6.251654624938965 33
1698176771139 5.782606601715088 34
1698176771314 5.860252857208252 35
1698176771533 5.8893723487854 36
1698176771711 5.68666934967041 37
1698176771879 6.3074259757995605 38
1698176772038 6.322862148284912 39
1698176772197 5.692949295043945 40
1698176772416 5.619387149810791 41
1698176772681 5.8450093269348145 42
1698176772856 5.785829544067383 43
1698176773026 5.720629692077637 44
1698176773207 5.8767242431640625 45
1698176773379 5.887804985046387 46
1698176773546 5.78086519241333 47
1698176773746 5.818141937255859 48
1698176773945 6.453241348266602 49
