1698185203975 2200.070556640625 0
1698185204108 228.5936737060547 1
1698185204240 230.46099853515625 2
1698185204373 199.5736541748047 3
1698185204509 177.58689880371094 4
1698185204670 168.92808532714844 5
1698185204796 162.843505859375 6
1698185204930 176.6538543701172 7
1698185205053 170.6349334716797 8
1698185205186 173.47450256347656 9
1698185205317 157.52476501464844 10
1698185205450 145.81849670410156 11
1698185205580 131.81590270996094 12
1698185205717 124.0765151977539 13
1698185205853 162.23016357421875 14
1698185205986 142.44854736328125 15
1698185206113 139.01475524902344 16
1698185206255 138.52796936035156 17
1698185206384 141.47573852539062 18
1698185206513 110.9527587890625 19
1698185206638 124.76310729980469 20
1698185206759 122.2261962890625 21
1698185206880 153.31201171875 22
1698185207005 108.80782318115234 23
1698185207144 120.8021011352539 24
1698185207277 122.44097137451172 25
1698185207409 112.5257568359375 26
1698185207536 128.51361083984375 27
1698185207678 119.39096069335938 28
1698185207813 110.49858856201172 29
1698185207941 123.0475082397461 30
1698185208073 122.49014282226562 31
1698185208208 120.00724029541016 32
1698185208341 115.53229522705078 33
1698185208473 105.30445098876953 34
1698185208600 142.57203674316406 35
1698185208729 121.85253143310547 36
1698185208857 114.89458465576172 37
1698185208983 119.59445190429688 38
1698185209106 124.00547790527344 39
1698185209235 119.23573303222656 40
1698185209367 121.67372131347656 41
1698185209486 125.76676940917969 42
1698185209638 158.59181213378906 43
1698185209769 110.86509704589844 44
1698185209901 104.22525787353516 45
1698185210037 136.4774932861328 46
1698185210174 114.07875061035156 47
1698185210309 108.66543579101562 48
1698185210475 108.35714721679688 49
