1698185203975 26.936580657958984 0
1698185204108 8.927559852600098 1
1698185204240 8.966621398925781 2
1698185204373 8.034019470214844 3
1698185204509 7.704693794250488 4
1698185204670 7.4963459968566895 5
1698185204796 7.905310153961182 6
1698185204930 8.287908554077148 7
1698185205053 7.578973770141602 8
1698185205186 7.844446659088135 9
1698185205317 7.46701192855835 10
1698185205450 6.796369552612305 11
1698185205580 6.922600269317627 12
1698185205717 6.390655517578125 13
1698185205853 7.455441474914551 14
1698185205986 6.700925827026367 15
1698185206113 6.699887275695801 16
1698185206255 6.79052734375 17
1698185206384 6.895511150360107 18
1698185206513 6.224167823791504 19
1698185206638 6.075222492218018 20
1698185206759 6.350805759429932 21
1698185206880 7.597268581390381 22
1698185207005 6.281712532043457 23
1698185207144 6.409416675567627 24
1698185207277 5.988901615142822 25
1698185207409 6.31611967086792 26
1698185207536 6.588079929351807 27
1698185207678 6.2731757164001465 28
1698185207813 5.90281343460083 29
1698185207941 6.306918621063232 30
1698185208073 6.251406192779541 31
1698185208208 6.437953948974609 32
1698185208341 6.290039539337158 33
1698185208473 5.928145885467529 34
1698185208600 6.951906204223633 35
1698185208729 6.124935150146484 36
1698185208857 6.539161205291748 37
1698185208983 6.285013198852539 38
1698185209106 6.269324779510498 39
1698185209235 6.208922386169434 40
1698185209367 6.09442138671875 41
1698185209486 6.562475681304932 42
1698185209638 7.7427659034729 43
1698185209769 5.849653244018555 44
1698185209901 6.030429840087891 45
1698185210037 6.292977333068848 46
1698185210174 6.475615501403809 47
1698185210309 5.955573081970215 48
1698185210475 6.053359031677246 49
