1698182150440 28.79431915283203 0
1698182150539 7.048065662384033 1
1698182150631 6.559056758880615 2
1698182150724 6.121670722961426 3
1698182150819 5.986428260803223 4
1698182151410 5.918787002563477 5
1698182151535 6.001619815826416 6
1698182151635 5.886302471160889 7
1698182151735 5.935239315032959 8
1698182151838 6.136017322540283 9
1698182151938 5.832015037536621 10
1698182152066 6.022514820098877 11
1698182152193 5.938081741333008 12
1698182152296 5.72312068939209 13
1698182152400 5.740646839141846 14
1698182152504 5.782726287841797 15
1698182152604 6.287309169769287 16
1698182152703 5.780707359313965 17
1698182152804 5.842192649841309 18
1698182152905 5.7972822189331055 19
1698182153004 5.831295490264893 20
1698182153104 6.087290287017822 21
1698182153204 5.492502212524414 22
1698182153306 5.393246173858643 23
1698182153410 5.655728816986084 24
1698182153539 5.312492847442627 25
1698182153645 5.669076919555664 26
1698182153754 5.237239360809326 27
1698182153855 5.7927985191345215 28
1698182153956 5.553661823272705 29
1698182154055 5.491245269775391 30
1698182154160 5.465487003326416 31
1698182154261 5.804891109466553 32
1698182154384 5.678347587585449 33
1698182154509 5.497738838195801 34
1698182154624 5.620601654052734 35
1698182154732 5.486427307128906 36
1698182154848 5.841572284698486 37
1698182154959 5.827367305755615 38
1698182155065 5.38297700881958 39
1698182155168 5.538677215576172 40
1698182155276 5.819547653198242 41
1698182155400 5.272912502288818 42
1698182155551 5.918642520904541 43
1698182155693 5.36870813369751 44
1698182155829 5.177604675292969 45
1698182155943 5.413704872131348 46
1698182156065 5.347567558288574 47
1698182156206 5.411674976348877 48
1698182156332 5.527787685394287 49
