1698176347022 0.07072784006595612 0
1698176347389 0.0061788177117705345 1
1698176347684 0.005838403012603521 2
1698176347968 0.00511332368478179 3
1698176348257 0.00494415732100606 4
1698176348552 0.004963537212461233 5
1698176348839 0.004266365431249142 6
1698176349124 0.0035957968793809414 7
1698176349433 0.00458552036434412 8
1698176349718 0.003673016093671322 9
1698176350000 0.0031881467439234257 10
1698176350277 0.003836860414594412 11
1698176350578 0.003306617261841893 12
1698176350865 0.003434206824749708 13
1698176351153 0.0038524491246789694 14
1698176351468 0.003759186016395688 15
1698176351754 0.003850767621770501 16
1698176352037 0.003640088951215148 17
1698176352341 0.003160162828862667 18
1698176352629 0.0031256049405783415 19
1698176352927 0.003335208399221301 20
1698176353214 0.003237611846998334 21
1698176353531 0.0031583632808178663 22
1698176353818 0.0025046428199857473 23
1698176354108 0.003596197348088026 24
1698176354419 0.003362029092386365 25
1698176354759 0.0033329306170344353 26
1698176355289 0.0027963246684521437 27
1698176355690 0.0034313492942601442 28
1698176356070 0.0038732364773750305 29
1698176356387 0.003682664828374982 30
1698176356878 0.003627477213740349 31
1698176357227 0.003071234794333577 32
1698176357577 0.0028063436038792133 33
1698176358012 0.003201167332008481 34
1698176358360 0.0026383346412330866 35
1698176358674 0.0032335680443793535 36
1698176359158 0.002917338628321886 37
1698176359489 0.0029689024668186903 38
1698176359823 0.002790971426293254 39
1698176360151 0.0032645585015416145 40
1698176360499 0.003044278360903263 41
1698176360800 0.003198147751390934 42
1698176361106 0.0026859890203922987 43
1698176361598 0.00286879506893456 44
1698176361899 0.0026361418422311544 45
1698176362239 0.0029256560374051332 46
1698176362586 0.0030328326392918825 47
1698176362891 0.002765396609902382 48
1698176363244 0.0032515451312065125 49
