1698176347022 32.517173767089844 0
1698176347389 9.603480339050293 1
1698176347684 8.386046409606934 2
1698176347968 7.893500328063965 3
1698176348257 8.029189109802246 4
1698176348552 8.798595428466797 5
1698176348839 7.37917423248291 6
1698176349124 6.854067325592041 7
1698176349433 7.535647869110107 8
1698176349718 6.815848350524902 9
1698176350000 6.614429950714111 10
1698176350277 7.007791996002197 11
1698176350578 6.353385925292969 12
1698176350865 6.807397842407227 13
1698176351153 7.153904914855957 14
1698176351468 6.656355857849121 15
1698176351754 6.586628437042236 16
1698176352037 6.945125102996826 17
1698176352341 6.113036155700684 18
1698176352629 6.245406150817871 19
1698176352927 6.394504070281982 20
1698176353214 6.518538951873779 21
1698176353531 6.219939708709717 22
1698176353818 5.809650897979736 23
1698176354108 6.594849586486816 24
1698176354419 6.3148064613342285 25
1698176354759 6.471707820892334 26
1698176355289 5.818784236907959 27
1698176355690 6.541203022003174 28
1698176356070 7.079956531524658 29
1698176356387 6.3495612144470215 30
1698176356878 7.109626770019531 31
1698176357227 6.046828746795654 32
1698176357577 5.974180698394775 33
1698176358012 6.2709760665893555 34
1698176358360 5.667358875274658 35
1698176358674 6.194676399230957 36
1698176359158 5.810581684112549 37
1698176359489 6.135268211364746 38
1698176359823 5.53162145614624 39
1698176360151 6.281233787536621 40
1698176360499 5.967513561248779 41
1698176360800 6.02807092666626 42
1698176361106 5.499545574188232 43
1698176361598 5.80964469909668 44
1698176361899 5.692722320556641 45
1698176362239 6.174201965332031 46
1698176362586 5.939102649688721 47
1698176362891 5.52929162979126 48
1698176363244 5.910841941833496 49
