1698175300669 20528.58203125 0
1698175301195 19772.326171875 1
1698175301566 15765.1357421875 2
1698175301917 8819.4169921875 3
1698175302305 13065.5634765625 4
1698175302724 8033.0 5
1698175303094 9459.1376953125 6
1698175303475 13312.546875 7
1698175303828 15490.3896484375 8
1698175304306 12148.4013671875 9
1698175304702 12799.84375 10
1698175305218 11103.455078125 11
1698175305640 14740.71875 12
1698175306056 14765.9248046875 13
1698175306562 12995.8623046875 14
1698175306913 19206.1875 15
1698175307286 11665.775390625 16
1698175307674 2304.9482421875 17
1698175308019 14030.029296875 18
1698175308525 15973.7060546875 19
1698175308916 18456.150390625 20
1698175309260 28421.443359375 21
1698175309664 20234.19140625 22
1698175310012 6194.4365234375 23
1698175310451 7826.21533203125 24
1698175310939 20432.150390625 25
1698175311430 22115.822265625 26
1698175311849 6452.37841796875 27
1698175312475 10654.91796875 28
1698175312850 27902.791015625 29
1698175313319 5344.455078125 30
1698175313682 15145.296875 31
1698175314052 2274.012939453125 32
1698175314412 4918.78271484375 33
1698175314770 11041.8251953125 34
1698175315248 10673.0751953125 35
1698175315672 20945.962890625 36
1698175316090 2242.619140625 37
1698175316461 7060.2919921875 38
1698175316839 10585.703125 39
1698175317249 20083.802734375 40
1698175317707 14363.8740234375 41
1698175318082 3704.706787109375 42
1698175318437 11001.43359375 43
1698175318831 20298.599609375 44
1698175319224 11429.4287109375 45
1698175319714 24678.28515625 46
1698175320092 8631.72265625 47
1698175320468 10456.1044921875 48
1698175320981 11948.9423828125 49
