1698151234920 0.0681564211845398 0
1698151236435 0.036143697798252106 1
1698151237886 0.02588866651058197 2
1698151239387 0.02079053968191147 3
1698151241060 0.018208960071206093 4
1698151242557 0.016764335334300995 5
1698151244014 0.015456029213964939 6
1698151245670 0.014524750411510468 7
1698151247223 0.01417610514909029 8
1698151248687 0.013431357219815254 9
1698151250204 0.012984905391931534 10
1698151251844 0.012492695823311806 11
1698151253303 0.012052882462739944 12
1698151255006 0.01203146856278181 13
1698151256482 0.011501121334731579 14
1698151257954 0.011481553316116333 15
1698151259423 0.01097988523542881 16
1698151261057 0.010803956538438797 17
1698151262560 0.010722157545387745 18
1698151264006 0.010619795881211758 19
1698151265486 0.0102852089330554 20
