1698177617233 0.030685024335980415 0
1698177617374 0.007180973421782255 1
1698177617483 0.007083115633577108 2
1698177617603 0.004997936077415943 3
1698177617731 0.0054235635325312614 4
1698177617836 0.005446609575301409 5
1698177617942 0.005268717184662819 6
1698177618050 0.0049987901002168655 7
1698177618157 0.005328749306499958 8
1698177618288 0.004836482461541891 9
1698177618422 0.005634392146021128 10
1698177618530 0.0048021250404417515 11
1698177618648 0.00437703775241971 12
1698177618750 0.004250164143741131 13
1698177618885 0.004404248204082251 14
1698177619020 0.004268103279173374 15
1698177619145 0.004329708404839039 16
1698177619271 0.00387881719507277 17
1698177619420 0.003694634884595871 18
1698177619557 0.0039949845522642136 19
1698177619696 0.004165831953287125 20
1698177619819 0.00393900228664279 21
1698177619932 0.00409596785902977 22
1698177620046 0.003836338873952627 23
1698177620177 0.0037524134386330843 24
1698177620307 0.0037532076239585876 25
1698177620426 0.0035833658184856176 26
1698177620550 0.003539915196597576 27
1698177620655 0.0038676380645483732 28
1698177620759 0.003385488875210285 29
1698177620889 0.0033727807458490133 30
1698177620994 0.003680791473016143 31
1698177621100 0.003359291236847639 32
1698177621226 0.0033329944126307964 33
1698177621441 0.003178874496370554 34
1698177621566 0.0035750390961766243 35
1698177621686 0.003436367493122816 36
1698177621793 0.003419683314859867 37
1698177621915 0.0036146959755569696 38
1698177622020 0.0030238046310842037 39
1698177622157 0.003148582298308611 40
1698177622267 0.0032604066655039787 41
1698177622399 0.003364717587828636 42
1698177622525 0.0029913948383182287 43
1698177622644 0.0030567198991775513 44
1698177622750 0.0034816425759345293 45
1698177622860 0.002866368042305112 46
1698177622969 0.002768150297924876 47
1698177623087 0.00308233592659235 48
1698177623211 0.002881702734157443 49
