1698177617233 24.600830078125 0
1698177617374 12.797527313232422 1
1698177617483 11.364404678344727 2
1698177617603 9.695987701416016 3
1698177617731 10.113566398620605 4
1698177617836 9.894447326660156 5
1698177617942 9.845458030700684 6
1698177618050 9.680212020874023 7
1698177618157 9.723548889160156 8
1698177618288 9.340795516967773 9
1698177618422 9.841575622558594 10
1698177618530 9.03137493133545 11
1698177618648 8.5496187210083 12
1698177618750 8.460731506347656 13
1698177618885 8.78589916229248 14
1698177619020 8.709773063659668 15
1698177619145 8.568418502807617 16
1698177619271 8.269431114196777 17
1698177619420 8.126953125 18
1698177619557 8.359489440917969 19
1698177619696 8.322517395019531 20
1698177619819 8.119478225708008 21
1698177619932 8.339600563049316 22
1698177620046 8.381811141967773 23
1698177620177 7.787405490875244 24
1698177620307 7.924554347991943 25
1698177620426 7.779881000518799 26
1698177620550 7.596414089202881 27
1698177620655 8.393022537231445 28
1698177620759 7.5907816886901855 29
1698177620889 7.771422386169434 30
1698177620994 7.5906758308410645 31
1698177621100 7.230083465576172 32
1698177621226 7.3897624015808105 33
1698177621441 7.193724155426025 34
1698177621566 7.4803643226623535 35
1698177621686 7.102879047393799 36
1698177621793 7.32527494430542 37
1698177621915 7.548777103424072 38
1698177622020 6.9835920333862305 39
1698177622157 6.863563060760498 40
1698177622267 6.9469828605651855 41
1698177622399 6.882478713989258 42
1698177622525 6.691929340362549 43
1698177622644 7.150173664093018 44
1698177622750 7.279814720153809 45
1698177622860 6.908118724822998 46
1698177622969 6.783224582672119 47
1698177623087 6.995185852050781 48
1698177623211 6.566340446472168 49
