1698173562840 0.0002495467779226601 0
1698173563315 8.76987396623008e-05 1
1698173563949 7.451215060427785e-05 2
1698173564414 7.086779805831611e-05 3
1698173564875 5.668575977324508e-05 4
1698173565389 5.5466003686888143e-05 5
1698173565805 5.02410730405245e-05 6
1698173566215 5.0527145504020154e-05 7
1698173566609 6.531632971018553e-05 8
1698173567051 5.4562311561312526e-05 9
1698173567470 5.683007839252241e-05 10
1698173567931 5.428339500213042e-05 11
1698173568359 5.8389596233610064e-05 12
1698173568886 6.138146272860467e-05 13
1698173569526 5.1387203711783513e-05 14
1698173570090 4.9571230192668736e-05 15
1698173570502 4.999973680241965e-05 16
1698173570919 4.497982808970846e-05 17
1698173571338 7.446173549396917e-05 18
1698173571784 6.299911910900846e-05 19
