1698148927187 0.13124370574951172 0
1698148929842 0.05436838045716286 1
1698148932402 0.037105511873960495 2
1698148934953 0.030077654868364334 3
1698148937468 0.025990499183535576 4
1698148939966 0.023541178554296494 5
1698148942569 0.022206546738743782 6
1698148945049 0.020083937793970108 7
1698148947556 0.018503885716199875 8
1698148950194 0.01768924854695797 9
1698148952944 0.016848117113113403 10
1698148955676 0.015730388462543488 11
1698148958183 0.016115596517920494 12
1698148960671 0.015187904238700867 13
1698148963340 0.015239482745528221 14
1698148965793 0.015574171207845211 15
1698148968400 0.01571773737668991 16
1698148970982 0.014904974028468132 17
1698148973468 0.014725051820278168 18
1698148976039 0.01477843802422285 19
1698148978604 0.014832854270935059 20
1698148981147 0.014942280948162079 21
1698148983665 0.01489977166056633 22
1698148986345 0.014531710185110569 23
1698148988926 0.014336143620312214 24
1698148991574 0.014811655506491661 25
1698148994029 0.014474292285740376 26
1698148996606 0.015015190467238426 27
1698148999095 0.014655486680567265 28
1698149001732 0.014417440630495548 29
1698149004220 0.0145495580509305 30
1698149006729 0.014707828871905804 31
