1698172178532 0.03995462507009506 0
1698172179387 0.011954355984926224 1
1698172180289 0.009670411236584187 2
1698172181204 0.009135016240179539 3
1698172182073 0.00817345455288887 4
1698172182909 0.008463422767817974 5
1698172183669 0.0073327268473804 6
1698172184465 0.006798292975872755 7
1698172185268 0.007173991296440363 8
1698172186103 0.006451672408729792 9
1698172187022 0.006211856845766306 10
1698172188149 0.008418752811849117 11
1698172189022 0.0056429593823850155 12
1698172189941 0.006024864502251148 13
1698172190861 0.005450233351439238 14
1698172191756 0.0056929015554487705 15
1698172192546 0.005979514215141535 16
1698172193317 0.0053836568258702755 17
1698172194102 0.005672834347933531 18
1698172194868 0.007941936142742634 19
1698172195707 0.0063026039861142635 20
1698172196817 0.005012407433241606 21
1698172197817 0.005759417545050383 22
1698172198652 0.004926047287881374 23
1698172199464 0.004980230703949928 24
1698172200253 0.005060084629803896 25
1698172200999 0.004931742791086435 26
1698172201745 0.004148063249886036 27
1698172202509 0.004602685105055571 28
1698172203351 0.004718969110399485 29
1698172204128 0.0038618706166744232 30
1698172205030 0.00422713253647089 31
1698172206053 0.004413513001054525 32
1698172206813 0.005162219982594252 33
1698172207571 0.004861271940171719 34
1698172208350 0.004438828676939011 35
1698172209089 0.004247339442372322 36
1698172209872 0.0038660846184939146 37
1698172210671 0.00394364632666111 38
1698172211445 0.005648631136864424 39
1698172212229 0.00482481624931097 40
1698172212967 0.00552480760961771 41
1698172213887 0.0038611036725342274 42
1698172214770 0.0038339635357260704 43
1698172215685 0.004534525331109762 44
1698172216485 0.00417574355378747 45
1698172217349 0.004412434063851833 46
1698172218181 0.004384731408208609 47
1698172219132 0.0035282918252050877 48
1698172219973 0.00374765251763165 49
