1698226764713 0.07241306453943253 0
1698226764980 0.023676734417676926 1
1698226765247 0.016602693125605583 2
1698226765527 0.013272395357489586 3
1698226765761 0.01167321763932705 4
1698226766026 0.01050654985010624 5
1698226766284 0.009123122319579124 6
1698226766535 0.009632805362343788 7
1698226766810 0.00803812500089407 8
1698226767045 0.006939957849681377 9
1698226767301 0.0071439179591834545 10
1698226767552 0.006366213317960501 11
1698226767891 0.006367895752191544 12
1698226768148 0.005864131264388561 13
1698226768407 0.006275635678321123 14
1698226768646 0.005725190509110689 15
1698226768906 0.00590073736384511 16
1698226769155 0.005114319734275341 17
1698226769422 0.005423351190984249 18
1698226769662 0.004709616303443909 19
1698226769912 0.004794790875166655 20
1698226770281 0.004628284368664026 21
1698226770545 0.00489682937040925 22
1698226770812 0.0045943669974803925 23
1698226771079 0.004683791194111109 24
1698226771359 0.004712442401796579 25
1698226771652 0.004337776452302933 26
1698226771919 0.0042433966882526875 27
1698226772184 0.0041717966087162495 28
1698226772466 0.0037152336444705725 29
1698226772784 0.004091649316251278 30
1698226773072 0.0038737053982913494 31
1698226773331 0.003802550258114934 32
1698226773572 0.0035025987308472395 33
1698226773813 0.003855906194075942 34
1698226774071 0.0037502474151551723 35
1698226774328 0.003765418892726302 36
1698226774572 0.003570953384041786 37
1698226774846 0.0037317934911698103 38
1698226775120 0.003518331330269575 39
1698226775368 0.0038016291800886393 40
1698226775619 0.0033011806663125753 41
1698226775875 0.003338018199428916 42
1698226776142 0.0032056565396487713 43
1698226776432 0.0032625237945467234 44
1698226776683 0.0035941191017627716 45
1698226776941 0.003232869552448392 46
1698226777213 0.003198248101398349 47
1698226777489 0.002790633821859956 48
1698226777755 0.003341308096423745 49
