1698180898129 0.08562222868204117 0
1698180898402 0.011383697390556335 1
1698180898688 0.0028896741569042206 2
1698180899050 0.0025464885402470827 3
1698180899463 0.00185623939614743 4
1698180899752 0.0018869643099606037 5
1698180900040 0.0019194745691493154 6
1698180900331 0.0019732194487005472 7
1698180900641 0.0021948255598545074 8
1698180900956 0.0019846111536026 9
1698180901247 0.0019038632744923234 10
1698180901532 0.0017950416076928377 11
1698180901839 0.0017960908589884639 12
1698180902132 0.0022748142946511507 13
1698180902425 0.00172996218316257 14
1698180902748 0.001716352067887783 15
1698180903067 0.002155065070837736 16
1698180903362 0.0016851654509082437 17
1698180903666 0.0016780368750914931 18
1698180904029 0.0015602856874465942 19
1698180904361 0.0017771358834579587 20
1698180904695 0.0017667770152911544 21
1698180905068 0.0015939256409183145 22
1698180905384 0.0015433263033628464 23
1698180905684 0.0017446838319301605 24
1698180905974 0.0017081755213439465 25
1698180906266 0.0016201107064262033 26
1698180906587 0.0013352027162909508 27
1698180906870 0.00159546104259789 28
1698180907157 0.001632958767004311 29
1698180907441 0.001669315854087472 30
1698180907752 0.0015020972350612283 31
1698180908051 0.0016725764144212008 32
1698180908339 0.0014459345256909728 33
1698180908635 0.00143633340485394 34
1698180908948 0.0017485236749053001 35
1698180909239 0.0014603908639401197 36
1698180909527 0.0015214084414765239 37
1698180909851 0.0015504813054576516 38
1698180910133 0.001641909359022975 39
1698180910458 0.001387632335536182 40
1698180910751 0.0014476977521553636 41
1698180911046 0.0014338706387206912 42
1698180911336 0.001623019459657371 43
1698180911625 0.0015817037783563137 44
1698180911928 0.0014663668116554618 45
1698180912229 0.001593568129464984 46
1698180912531 0.001457425532862544 47
1698180912833 0.0014388771960511804 48
1698180913134 0.0012072132667526603 49
