1698180898129 279187.6875 0
1698180898402 36598.6640625 1
1698180898688 32879.41015625 2
1698180899050 11051.1884765625 3
1698180899463 11646.4931640625 4
1698180899752 14744.5517578125 5
1698180900040 21447.447265625 6
1698180900331 14732.2822265625 7
1698180900641 9527.6474609375 8
1698180900956 16992.9296875 9
1698180901247 9190.7724609375 10
1698180901532 30394.263671875 11
1698180901839 15008.810546875 12
1698180902132 16903.27734375 13
1698180902425 20140.9296875 14
1698180902748 11897.46875 15
1698180903067 15007.4765625 16
1698180903362 13363.1435546875 17
1698180903666 17100.396484375 18
1698180904029 16595.494140625 19
1698180904361 22225.478515625 20
1698180904695 14351.7080078125 21
1698180905068 20020.548828125 22
1698180905384 15696.2197265625 23
1698180905684 13676.7880859375 24
1698180905974 22606.310546875 25
1698180906266 18162.4453125 26
1698180906587 15243.9423828125 27
1698180906870 16051.515625 28
1698180907157 14477.0205078125 29
1698180907441 14649.6318359375 30
1698180907752 6713.18994140625 31
1698180908051 16809.376953125 32
1698180908339 11974.0087890625 33
1698180908635 23138.462890625 34
1698180908948 15802.232421875 35
1698180909239 28651.73828125 36
1698180909527 18777.822265625 37
1698180909851 14623.416015625 38
1698180910133 12411.7958984375 39
1698180910458 6974.7353515625 40
1698180910751 13098.40625 41
1698180911046 9033.17578125 42
1698180911336 12182.9140625 43
1698180911625 8493.7880859375 44
1698180911928 20929.814453125 45
1698180912229 7576.74365234375 46
1698180912531 10178.7119140625 47
1698180912833 15773.8251953125 48
1698180913134 7745.865234375 49
