1698178737054 0.006894731428474188 0
1698178737223 0.001710420474410057 1
1698178737363 0.0015968852676451206 2
1698178737495 0.0015296865021809936 3
1698178737629 0.0016241571865975857 4
1698178737762 0.00135965330991894 5
1698178737910 0.001211033551953733 6
1698178738074 0.00135203602258116 7
1698178738253 0.0013308017514646053 8
1698178738378 0.001389768673107028 9
1698178738519 0.001380259171128273 10
1698178738655 0.0012070373632013798 11
1698178738812 0.0009741890244185925 12
1698178738964 0.0011380757205188274 13
1698178739128 0.0012107276124879718 14
1698178739281 0.001012961147353053 15
1698178739416 0.0009153440478257835 16
1698178739555 0.0010395552963018417 17
1698178739690 0.00105538300704211 18
1698178739834 0.001155948848463595 19
1698178739970 0.0011085864389315248 20
1698178740103 0.00104167265817523 21
1698178740234 0.0010858230525627732 22
1698178740366 0.0011286999797448516 23
1698178740520 0.0009562449995428324 24
1698178740658 0.0010711660142987967 25
1698178740792 0.0010212501510977745 26
1698178740918 0.0009307891014032066 27
1698178741050 0.0011787828989326954 28
1698178741188 0.0010388469090685248 29
1698178741319 0.0008653748664073646 30
1698178741461 0.0008673395495861769 31
1698178741596 0.0011680793249979615 32
1698178741730 0.0010807571234181523 33
1698178741861 0.0009297479991801083 34
1698178742008 0.0008878022199496627 35
1698178742149 0.001136302249506116 36
1698178742297 0.0008569533238187432 37
1698178742461 0.000976567156612873 38
1698178742594 0.0009904686594381928 39
1698178742727 0.0009601929341442883 40
1698178742860 0.0009185531525872648 41
1698178742983 0.0008759411284700036 42
1698178743136 0.0010220390977337956 43
1698178743273 0.0009356539230793715 44
1698178743410 0.0010444145882502198 45
1698178743544 0.0010061594657599926 46
1698178743680 0.0011575613170862198 47
1698178743815 0.0008706488297320902 48
1698178743960 0.0009630421991460025 49
