1698183424635 48.019256591796875 0
1698183424771 9.265823364257812 1
1698183424913 7.449326038360596 2
1698183425057 7.374728679656982 3
1698183425202 7.627216339111328 4
1698183425375 7.471899509429932 5
1698183425518 7.602980136871338 6
1698183425672 7.3633856773376465 7
1698183425824 7.325651168823242 8
1698183425981 7.145443439483643 9
1698183426124 6.811861515045166 10
1698183426259 7.366187572479248 11
1698183426436 7.106429100036621 12
1698183426589 6.914632797241211 13
1698183426724 6.736070156097412 14
1698183426862 7.3498735427856445 15
1698183427009 6.856770038604736 16
1698183427152 7.010478496551514 17
1698183427306 6.593774795532227 18
1698183427461 6.551741600036621 19
1698183427606 6.733718395233154 20
1698183427749 7.388181686401367 21
1698183427902 6.709650993347168 22
1698183428044 6.648321151733398 23
1698183428185 6.496138095855713 24
1698183428342 6.63298225402832 25
1698183428494 6.605713367462158 26
1698183428644 6.787712097167969 27
1698183428792 6.889075756072998 28
1698183428936 6.723257064819336 29
1698183429080 6.745585918426514 30
1698183429238 6.423223495483398 31
1698183429404 6.282930850982666 32
1698183429553 6.515058994293213 33
1698183429686 6.424853801727295 34
1698183429833 6.464681625366211 35
1698183429977 6.391232967376709 36
1698183430126 6.460781574249268 37
1698183430271 6.445521831512451 38
1698183430442 6.3748650550842285 39
1698183430588 7.088947772979736 40
1698183430740 6.394561767578125 41
1698183430884 6.193388938903809 42
1698183431032 6.979204177856445 43
1698183431176 6.658246040344238 44
1698183431330 6.451054096221924 45
1698183431485 6.470619201660156 46
1698183431640 6.6578688621521 47
1698183431803 6.229301452636719 48
1698183431970 7.205112457275391 49
