1698173849037 0.00866940151900053 0
1698173849533 0.002034919336438179 1
1698173849955 0.0014285078505054116 2
1698173850397 0.001375345280393958 3
1698173850826 0.0016225664876401424 4
1698173851237 0.0013277730904519558 5
1698173851683 0.001590013736858964 6
1698173852113 0.0013264295412227511 7
1698173852577 0.00142103957477957 8
1698173853029 0.0013795566046610475 9
1698173853526 0.0014543707948178053 10
1698173854010 0.0010549550643190742 11
1698173854438 0.0008713816059753299 12
1698173854887 0.0011272418778389692 13
1698173855334 0.0009890309302136302 14
1698173855759 0.0009575146250426769 15
1698173856183 0.0011450853198766708 16
1698173856621 0.000974137568846345 17
1698173857055 0.0008854646002873778 18
1698173857488 0.0010055601596832275 19
1698173857924 0.0010379208251833916 20
1698173858344 0.0012237598421052098 21
1698173858801 0.0010067326948046684 22
1698173859287 0.0016182651743292809 23
1698173859726 0.0008812730084173381 24
1698173860181 0.0010604682611301541 25
1698173860614 0.0010223424760624766 26
1698173861053 0.0009448412456549704 27
1698173861484 0.0009384501609019935 28
1698173862016 0.0009735846542753279 29
1698173862545 0.0010147643042728305 30
1698173863200 0.0009329405729658902 31
1698173863789 0.0009767874144017696 32
1698173864241 0.0009462017333135009 33
1698173864752 0.0009752826881594956 34
1698173865232 0.0009337026858702302 35
1698173865820 0.000843095884192735 36
1698173866258 0.0008193625253625214 37
1698173866765 0.0008111402858048677 38
1698173867254 0.0010054857702925801 39
1698173867845 0.0007544636027887464 40
1698173868270 0.0007931094733066857 41
1698173868686 0.0008235133718699217 42
1698173869133 0.001014560810290277 43
1698173869627 0.0008586078765802085 44
1698173870127 0.0008407066925428808 45
1698173870579 0.0008501275442540646 46
1698173871090 0.001145954360254109 47
1698173871572 0.0007645463920198381 48
1698173872029 0.0007193312630988657 49
