1698153236525 0.0438915379345417 0
1698153236873 0.017864642664790154 1
1698153237427 0.012294204905629158 2
1698153237923 0.009565203450620174 3
1698153238337 0.007471479009836912 4
1698153238697 0.006098619196563959 5
1698153239084 0.005339520983397961 6
1698153239478 0.004525268450379372 7
1698153239869 0.004144848324358463 8
1698153240301 0.003637662623077631 9
1698153240667 0.0033501104917377234 10
1698153240984 0.003104404779151082 11
1698153241300 0.0029010577127337456 12
1698153241610 0.0028649254236370325 13
1698153242008 0.002664552303031087 14
1698153242463 0.0024774293415248394 15
1698153242968 0.0024846431333571672 16
1698153243423 0.0024267472326755524 17
1698153243802 0.002382609760388732 18
1698153244201 0.0022118352353572845 19
1698153244551 0.0022342263255268335 20
1698153244909 0.0024330962914973497 21
1698153245368 0.002221365226432681 22
1698153245864 0.0021520229056477547 23
