1698172770920 0.07896969467401505 0
1698172771155 0.015181575901806355 1
1698172771382 0.01295908447355032 2
1698172771644 0.010870156809687614 3
1698172771881 0.010850002057850361 4
1698172772140 0.00983087532222271 5
1698172772375 0.010073424316942692 6
1698172772635 0.00889755878597498 7
1698172772890 0.008327066898345947 8
1698172773113 0.007929788902401924 9
1698172773340 0.00790336448699236 10
1698172773659 0.007179815787822008 11
1698172773900 0.008734477683901787 12
1698172774160 0.007623779121786356 13
1698172774527 0.007260369602590799 14
1698172774896 0.0076721832156181335 15
1698172775178 0.005982017610222101 16
1698172775420 0.006338223349303007 17
1698172775679 0.00683042174205184 18
1698172775941 0.006806082557886839 19
1698172776339 0.007473798468708992 20
1698172776563 0.006960182450711727 21
1698172776811 0.0060784537345170975 22
1698172777029 0.0065749515779316425 23
1698172777267 0.005471209995448589 24
1698172777482 0.006272394210100174 25
1698172777758 0.006094977725297213 26
1698172777981 0.00570333655923605 27
1698172778207 0.00560804083943367 28
1698172778434 0.005334245041012764 29
1698172778661 0.005280717276036739 30
1698172778908 0.005445877555757761 31
1698172779132 0.00490809790790081 32
1698172779364 0.005457650870084763 33
1698172779599 0.005092001985758543 34
1698172779833 0.005414388608187437 35
1698172780084 0.005542249418795109 36
1698172780307 0.005168316885828972 37
1698172780528 0.005179259926080704 38
1698172780760 0.004797325935214758 39
1698172780996 0.005791749805212021 40
1698172781230 0.0050672502256929874 41
1698172781450 0.00499243289232254 42
1698172781679 0.004807933233678341 43
1698172781920 0.004553710110485554 44
1698172782191 0.0050225337035954 45
1698172782464 0.004278108011931181 46
1698172782742 0.004643202293664217 47
1698172783072 0.004724766593426466 48
1698172783311 0.004580548498779535 49
