1698172770920 38.7810173034668 0
1698172771155 17.053199768066406 1
1698172771382 15.827776908874512 2
1698172771644 14.52694320678711 3
1698172771881 14.187256813049316 4
1698172772140 13.354809761047363 5
1698172772375 13.911470413208008 6
1698172772635 12.644950866699219 7
1698172772890 12.414730072021484 8
1698172773113 12.546863555908203 9
1698172773340 12.4405517578125 10
1698172773659 11.876457214355469 11
1698172773900 13.090592384338379 12
1698172774160 12.029128074645996 13
1698172774527 11.512962341308594 14
1698172774896 11.875365257263184 15
1698172775178 10.869412422180176 16
1698172775420 11.180706977844238 17
1698172775679 11.341469764709473 18
1698172775941 11.189098358154297 19
1698172776339 11.14891529083252 20
1698172776563 10.97512149810791 21
1698172776811 11.05571460723877 22
1698172777029 10.972238540649414 23
1698172777267 10.180033683776855 24
1698172777482 10.5740327835083 25
1698172777758 10.40090274810791 26
1698172777981 9.900395393371582 27
1698172778207 10.253286361694336 28
1698172778434 10.296475410461426 29
1698172778661 9.620530128479004 30
1698172778908 9.734094619750977 31
1698172779132 9.758037567138672 32
1698172779364 10.000672340393066 33
1698172779599 9.393574714660645 34
1698172779833 9.938709259033203 35
1698172780084 9.46661376953125 36
1698172780307 10.04373836517334 37
1698172780528 9.593194007873535 38
1698172780760 9.689480781555176 39
1698172780996 9.590917587280273 40
1698172781230 9.272749900817871 41
1698172781450 9.196986198425293 42
1698172781679 9.24081802368164 43
1698172781920 8.752520561218262 44
1698172782191 9.631893157958984 45
1698172782464 8.626605987548828 46
1698172782742 9.260198593139648 47
1698172783072 9.019681930541992 48
1698172783311 8.844483375549316 49
