1698179639853 32.44050216674805 0
1698179640112 8.624859809875488 1
1698179640381 7.102694511413574 2
1698179640632 6.622626304626465 3
1698179640886 6.298405647277832 4
1698179641141 6.147818565368652 5
1698179641423 6.574875831604004 6
1698179641670 6.990027904510498 7
1698179641933 7.042175769805908 8
1698179642192 5.892289161682129 9
1698179642462 5.965393543243408 10
1698179642715 6.28386116027832 11
1698179642963 5.946625709533691 12
1698179643227 5.766778469085693 13
1698179643492 5.868621349334717 14
1698179643770 5.982058525085449 15
1698179644023 5.923834323883057 16
1698179644304 5.738424777984619 17
1698179644568 6.087956428527832 18
1698179644825 5.830734729766846 19
1698179645081 5.805553913116455 20
1698179645359 6.007387161254883 21
1698179645630 5.595061302185059 22
1698179645888 5.5093159675598145 23
1698179646149 5.462821006774902 24
1698179646434 5.65431547164917 25
1698179646693 5.697684288024902 26
1698179646965 5.416947841644287 27
1698179647307 5.714400768280029 28
1698179647596 6.22507905960083 29
1698179647887 5.36232328414917 30
1698179648190 5.688572883605957 31
1698179648466 6.18174934387207 32
1698179648716 5.458481311798096 33
1698179648971 5.8855414390563965 34
1698179649226 5.468416690826416 35
1698179649494 5.39471435546875 36
1698179649747 5.298630714416504 37
1698179650004 5.442590713500977 38
1698179650262 5.451690673828125 39
1698179650520 5.403514385223389 40
1698179650778 5.424412727355957 41
1698179651035 5.685943603515625 42
1698179651296 5.789957523345947 43
1698179651552 5.6412224769592285 44
1698179651810 5.733156204223633 45
1698179652070 6.374794006347656 46
1698179652346 5.154770374298096 47
1698179652601 5.431969165802002 48
1698179652858 5.871970176696777 49
