1698153465600 0.048725105822086334 0
1698153468161 0.027507660910487175 1
1698153470838 0.019119655713438988 2
1698153473341 0.015270796604454517 3
1698153475915 0.013452830724418163 4
1698153478279 0.011968492530286312 5
1698153480838 0.010806643404066563 6
1698153483444 0.009830592200160027 7
1698153486111 0.009045747108757496 8
1698153488483 0.00857656542211771 9
1698153491146 0.008176347240805626 10
1698153493516 0.007714401930570602 11
1698153495963 0.007250921800732613 12
1698153498431 0.007091314997524023 13
1698153501159 0.0068007782101631165 14
1698153503605 0.006451585795730352 15
1698153506012 0.006042053457349539 16
1698153508543 0.006037310231477022 17
1698153511134 0.0059339567087590694 18
1698153513547 0.005506044253706932 19
1698153516316 0.005288691259920597 20
1698153518748 0.005068326834589243 21
1698153521253 0.005162942688912153 22
1698153523795 0.005012165755033493 23
1698153526165 0.004728326573967934 24
1698153528636 0.00470851780846715 25
1698153531428 0.004573131911456585 26
1698153533920 0.004423449281603098 27
1698153536325 0.0044407532550394535 28
1698153538848 0.004457884468138218 29
