1698153465600 32241.365234375 0
1698153468161 59801.8984375 1
1698153470838 32496.9375 2
1698153473341 32768.00390625 3
1698153475915 30277.01953125 4
1698153478279 21495.212890625 5
1698153480838 18731.4765625 6
1698153483444 25572.525390625 7
1698153486111 17718.79296875 8
1698153488483 25536.1015625 9
1698153491146 28607.1171875 10
1698153493516 21775.3671875 11
1698153495963 24467.24609375 12
1698153498431 16950.83203125 13
1698153501159 17254.79296875 14
1698153503605 18874.220703125 15
1698153506012 14871.9775390625 16
1698153508543 16661.978515625 17
1698153511134 23320.939453125 18
1698153513547 18737.138671875 19
1698153516316 16948.65234375 20
1698153518748 19107.181640625 21
1698153521253 23236.357421875 22
1698153523795 21727.359375 23
1698153526165 10187.197265625 24
1698153528636 14619.1416015625 25
1698153531428 9619.8984375 26
1698153533920 18201.828125 27
1698153536325 17222.447265625 28
1698153538848 17682.62109375 29
