1698174116336 0.011974451132118702 0
1698174116862 0.0014956251252442598 1
1698174117337 0.0013567437417805195 2
1698174117829 0.0016760157886892557 3
1698174118327 0.0018803875427693129 4
1698174118790 0.0016166496789082885 5
1698174119294 0.0011457668151706457 6
1698174119878 0.0012527748476713896 7
1698174120377 0.001569791347719729 8
1698174120866 0.0012029476929455996 9
1698174121335 0.001313385320827365 10
1698174121824 0.0014896385837346315 11
1698174122286 0.0011240667663514614 12
1698174122769 0.001147044007666409 13
1698174123236 0.0009184728842228651 14
1698174123741 0.0010734135285019875 15
1698174124217 0.0010736207477748394 16
1698174124721 0.0010524672688916326 17
1698174125255 0.0011107297614216805 18
1698174125947 0.0010470065753906965 19
1698174126697 0.0011318533215671778 20
1698174127211 0.001001479453407228 21
1698174127766 0.0009682535310275853 22
1698174128254 0.001047358731739223 23
1698174128938 0.0009444925235584378 24
1698174129510 0.001006778795272112 25
1698174130046 0.0011134089436382055 26
1698174130587 0.0009335671202279627 27
1698174131185 0.0009217929327860475 28
1698174131645 0.0008394668693654239 29
1698174132116 0.0010150092421099544 30
1698174132607 0.0007405534270219505 31
1698174133093 0.0007704299059696496 32
1698174133569 0.0011916313087567687 33
1698174134171 0.0008777796174399555 34
1698174134785 0.0010209999745711684 35
1698174135508 0.0008527953177690506 36
1698174136058 0.0009775457438081503 37
1698174136571 0.0008063218556344509 38
1698174137247 0.0008200141019187868 39
1698174137701 0.0009190303971990943 40
1698174138168 0.0008212170796468854 41
1698174138639 0.0008535197121091187 42
1698174139150 0.0012179395416751504 43
1698174139622 0.000848769152071327 44
1698174140172 0.0008364526438526809 45
1698174140641 0.0009098434238694608 46
1698174141136 0.0008156344993039966 47
1698174141601 0.0008617484709247947 48
1698174142075 0.0007658529793843627 49
