1698174116336 13029.052734375 0
1698174116862 11804.865234375 1
1698174117337 11492.8779296875 2
1698174117829 11767.681640625 3
1698174118327 5060.087890625 4
1698174118790 11828.4775390625 5
1698174119294 4918.75341796875 6
1698174119878 8152.1611328125 7
1698174120377 13550.556640625 8
1698174120866 8852.3740234375 9
1698174121335 6862.83349609375 10
1698174121824 9830.251953125 11
1698174122286 4812.07568359375 12
1698174122769 7817.15234375 13
1698174123236 1186.3792724609375 14
1698174123741 4543.84716796875 15
1698174124217 9328.8203125 16
1698174124721 1613.5908203125 17
1698174125255 10150.9482421875 18
1698174125947 7746.89111328125 19
1698174126697 14225.86328125 20
1698174127211 9121.3076171875 21
1698174127766 582.890625 22
1698174128254 2722.73876953125 23
1698174128938 7754.54248046875 24
1698174129510 3744.90966796875 25
1698174130046 2751.291015625 26
1698174130587 7817.52001953125 27
1698174131185 8646.138671875 28
1698174131645 7553.005859375 29
1698174132116 1730.38232421875 30
1698174132607 10582.376953125 31
1698174133093 1739.1142578125 32
1698174133569 9389.341796875 33
1698174134171 1955.2340087890625 34
1698174134785 6127.4990234375 35
1698174135508 2052.6787109375 36
1698174136058 8785.7412109375 37
1698174136571 7393.88720703125 38
1698174137247 8957.9169921875 39
1698174137701 6196.6962890625 40
1698174138168 3047.086669921875 41
1698174138639 3751.4599609375 42
1698174139150 8915.7470703125 43
1698174139622 9684.546875 44
1698174140172 4640.4814453125 45
1698174140641 3958.100341796875 46
1698174141136 11786.0419921875 47
1698174141601 1348.7276611328125 48
1698174142075 10753.255859375 49
