1698229012247 39635.57421875 0
1698229012521 38388.8046875 1
1698229012770 28972.97265625 2
1698229013013 27391.171875 3
1698229013263 27523.255859375 4
1698229013519 25032.201171875 5
1698229013745 24881.13671875 6
1698229013995 24359.50390625 7
1698229014244 23813.666015625 8
1698229014487 26139.693359375 9
1698229014727 24470.287109375 10
1698229014963 24771.60546875 11
1698229015211 21767.064453125 12
1698229015465 21231.314453125 13
1698229015715 23705.638671875 14
1698229015953 22122.375 15
1698229016197 18179.583984375 16
1698229016461 22387.904296875 17
1698229016714 21002.14453125 18
1698229016979 19628.748046875 19
1698229017221 20525.001953125 20
1698229017488 19058.154296875 21
1698229017738 22663.9453125 22
1698229017989 19931.98046875 23
1698229018345 22151.39453125 24
1698229018609 22642.6796875 25
1698229018876 21170.90234375 26
1698229019118 17873.873046875 27
1698229019378 18713.814453125 28
1698229019667 19316.685546875 29
1698229020044 22044.365234375 30
1698229020319 21197.7421875 31
1698229020567 22257.806640625 32
1698229020817 18600.599609375 33
1698229021079 20363.912109375 34
1698229021318 21369.1484375 35
1698229021576 17264.080078125 36
1698229021801 19296.2265625 37
1698229022026 19950.58984375 38
1698229022267 20681.5859375 39
1698229022534 20693.8046875 40
1698229022767 19855.9140625 41
1698229024024 18856.126953125 42
1698229024265 18762.671875 43
1698229024498 17205.41015625 44
1698229024739 21844.513671875 45
1698229024973 20715.3828125 46
1698229025277 19830.79296875 47
1698229025534 17976.8125 48
1698229025793 20206.7109375 49
