1698151731204 54.33979415893555 0
1698151731668 30.745704650878906 1
1698151732085 25.044347763061523 2
1698151732528 22.76275634765625 3
1698151733014 20.790313720703125 4
1698151733457 19.924039840698242 5
1698151733889 19.20204734802246 6
1698151734309 18.89396858215332 7
1698151734776 18.108367919921875 8
1698151735196 17.381269454956055 9
1698151735673 17.595245361328125 10
1698151736167 16.837339401245117 11
1698151736667 16.725318908691406 12
1698151737105 16.549833297729492 13
1698151737539 16.490896224975586 14
1698151738026 16.634389877319336 15
1698151738468 16.108495712280273 16
1698151738945 16.299772262573242 17
1698151739354 15.854114532470703 18
1698151739819 15.793880462646484 19
1698151740239 15.963984489440918 20
1698151740691 15.695141792297363 21
1698151741126 15.650845527648926 22
1698151741573 15.808877944946289 23
1698151741992 15.73335075378418 24
1698151742455 15.59786319732666 25
