1698182697601 0.015964386984705925 0
1698182697991 0.0014229610096663237 1
1698182698299 0.0015119293238967657 2
1698182698608 0.0011207332136109471 3
1698182698897 0.0010452017886564136 4
1698182699201 0.0010184331331402063 5
1698182699502 0.0010835258290171623 6
1698182699839 0.0008039860404096544 7
1698182700157 0.0009962829062715173 8
1698182700462 0.0008904680144041777 9
1698182700758 0.0008206600905396044 10
1698182701104 0.0008674312266521156 11
1698182701407 0.0008891663164831698 12
1698182701703 0.000599506834987551 13
1698182702008 0.0008669282542541623 14
1698182702353 0.0005875880597159266 15
1698182702664 0.0007999982917681336 16
1698182702958 0.0007163598784245551 17
1698182703320 0.0008751851855777204 18
1698182703679 0.0006813729996792972 19
1698182704030 0.0005647014477290213 20
1698182704371 0.0005818424979224801 21
1698182704850 0.000594719429500401 22
1698182705186 0.0006469861837103963 23
1698182705488 0.0007186554721556604 24
1698182705784 0.0005978012341074646 25
1698182706101 0.0006740314420312643 26
1698182706401 0.0008764490485191345 27
1698182706703 0.0005999269196763635 28
1698182706997 0.0007349336519837379 29
1698182707286 0.0005814877804368734 30
1698182707609 0.0006878312560729682 31
1698182707903 0.0005793964955955744 32
1698182708221 0.000516583037097007 33
1698182708534 0.0006311891484074295 34
1698182708829 0.0004748116771224886 35
1698182709152 0.0005497526144608855 36
1698182709453 0.0005454887868836522 37
1698182709747 0.0008505408186465502 38
1698182710056 0.0005207175272516906 39
1698182710392 0.0007454542792402208 40
1698182710706 0.0007122266106307507 41
1698182711000 0.0005712562706321478 42
1698182711324 0.000510330602992326 43
1698182711628 0.0005267741507850587 44
1698182711930 0.0007668681791983545 45
1698182712251 0.0006213756278157234 46
1698182712547 0.0005039022071287036 47
1698182712850 0.0005458714440464973 48
1698182713179 0.0005132912774570286 49
