1698182697601 28205.173828125 0
1698182697991 11564.6572265625 1
1698182698299 7917.00537109375 2
1698182698608 7204.6171875 3
1698182698897 11067.7587890625 4
1698182699201 5757.81787109375 5
1698182699502 14455.3994140625 6
1698182699839 3068.21728515625 7
1698182700157 3146.842529296875 8
1698182700462 7018.09033203125 9
1698182700758 1595.43798828125 10
1698182701104 6215.91845703125 11
1698182701407 583.417236328125 12
1698182701703 5844.81298828125 13
1698182702008 3580.188232421875 14
1698182702353 5652.1171875 15
1698182702664 9385.3427734375 16
1698182702958 2009.948486328125 17
1698182703320 1927.9005126953125 18
1698182703679 1042.3189697265625 19
1698182704030 8406.552734375 20
1698182704371 420.7611083984375 21
1698182704850 3434.241943359375 22
1698182705186 4388.66748046875 23
1698182705488 2313.87255859375 24
1698182705784 2823.83544921875 25
1698182706101 1086.1541748046875 26
1698182706401 4465.2548828125 27
1698182706703 4151.580078125 28
1698182706997 799.88623046875 29
1698182707286 3110.70068359375 30
1698182707609 2192.811767578125 31
1698182707903 6245.43359375 32
1698182708221 303.09405517578125 33
1698182708534 3377.05078125 34
1698182708829 959.732421875 35
1698182709152 196.09681701660156 36
1698182709453 6461.3271484375 37
1698182709747 1494.7388916015625 38
1698182710056 5905.236328125 39
1698182710392 1432.912109375 40
1698182710706 4997.85888671875 41
1698182711000 96.94535827636719 42
1698182711324 5885.35009765625 43
1698182711628 982.713623046875 44
1698182711930 1571.8009033203125 45
1698182712251 9536.462890625 46
1698182712547 8002.05712890625 47
1698182712850 53.7210807800293 48
1698182713179 804.2098388671875 49
