1698151572251 0.04635721817612648 0
1698151572624 0.016276851296424866 1
1698151573010 0.01086393091827631 2
1698151573384 0.008362926542758942 3
1698151573862 0.0066085681319236755 4
1698151574273 0.0051421355456113815 5
1698151574647 0.004417754709720612 6
1698151575018 0.0039056092500686646 7
1698151575384 0.003618912771344185 8
1698151575754 0.0033732701558619738 9
1698151576098 0.0032172035425901413 10
1698151576461 0.0030726296827197075 11
1698151576840 0.0028433597180992365 12
1698151577218 0.002855174010619521 13
1698151577578 0.0028024092316627502 14
1698151577942 0.0026938579976558685 15
1698151578292 0.002602756954729557 16
1698151578677 0.0025640055537223816 17
1698151579078 0.0025920390617102385 18
1698151579466 0.002567349001765251 19
1698151579897 0.0025941061321645975 20
1698151580244 0.002512921579182148 21
1698151580625 0.00249433028511703 22
1698151581036 0.0024954441469162703 23
1698151581390 0.002561352215707302 24
1698151581753 0.0025362533051520586 25
1698151582132 0.0025155581533908844 26
1698151582499 0.0025104163214564323 27
1698151582866 0.0024726984556764364 28
1698151583253 0.002438610652461648 29
1698151583642 0.002449017483741045 30
1698151584019 0.0024104882031679153 31
1698151584404 0.002477043541148305 32
