1698154683919 99.8545150756836 0
1698154684901 99.54248809814453 1
1698154685911 99.19999694824219 2
1698154686919 98.83563995361328 3
1698154687884 98.44668579101562 4
1698154688908 98.04491424560547 5
1698154690003 97.62018585205078 6
1698154691162 97.17259216308594 7
1698154692402 96.697021484375 8
1698154694251 96.18486022949219 9
1698154695919 95.64167022705078 10
1698154697324 95.06136322021484 11
1698154698806 94.45699310302734 12
1698154699908 93.79297637939453 13
1698154701000 93.07506561279297 14
1698154702303 92.31107330322266 15
1698154703405 91.47286224365234 16
1698154704406 90.5610580444336 17
1698154705439 89.55473327636719 18
1698154706489 88.48965454101562 19
1698154707404 87.32369232177734 20
1698154708333 86.0446548461914 21
1698154709351 84.6314468383789 22
1698154710294 83.06094360351562 23
1698154711375 81.35420227050781 24
1698154712445 79.45188903808594 25
1698154713339 77.37773132324219 26
1698154714253 75.14876556396484 27
1698154715250 72.83165740966797 28
1698154716179 70.44695281982422 29
1698154717138 68.06590270996094 30
1698154718067 65.74507141113281 31
1698154719073 64.1403579711914 32
1698154720180 63.156494140625 33
1698154721149 62.662132263183594 34
1698154722107 62.52729797363281 35
