1698172580408 0.0383397601544857 0
1698172580581 0.00696361530572176 1
1698172580740 0.006730230059474707 2
1698172580895 0.005606490187346935 3
1698172581051 0.005820108111947775 4
1698172581196 0.005031580105423927 5
1698172581345 0.005139027256518602 6
1698172581560 0.004637687932699919 7
1698172581778 0.00528320437297225 8
1698172581955 0.0041692666709423065 9
1698172582141 0.0044178892858326435 10
1698172582360 0.004611106123775244 11
1698172582586 0.004319388419389725 12
1698172582758 0.0044984663836658 13
1698172582928 0.0042525045573711395 14
1698172583112 0.004155820235610008 15
1698172583263 0.004520950838923454 16
1698172583420 0.0039190552197396755 17
1698172583572 0.003940516151487827 18
1698172583730 0.004173255525529385 19
1698172583903 0.0039124577306210995 20
1698172584045 0.0042503285221755505 21
1698172584220 0.004228899721056223 22
1698172584378 0.004350319039076567 23
1698172584554 0.003733883611857891 24
1698172584713 0.0036461814306676388 25
1698172584874 0.0035765650682151318 26
1698172585026 0.0038237895350903273 27
1698172585184 0.003694005310535431 28
1698172585338 0.004127978812903166 29
1698172585514 0.003703333204612136 30
1698172585686 0.003497640835121274 31
1698172585840 0.004049584735184908 32
1698172586001 0.0035147536545991898 33
1698172586162 0.003658739384263754 34
1698172586312 0.0036700882483273745 35
1698172586479 0.003495714394375682 36
1698172586622 0.00395363662391901 37
1698172586815 0.003415842540562153 38
1698172586970 0.003442980581894517 39
1698172587126 0.003444764530286193 40
1698172587280 0.0034752346109598875 41
1698172587429 0.0032789185643196106 42
1698172587588 0.0033169984817504883 43
1698172587753 0.00373335974290967 44
1698172587924 0.0032816457096487284 45
1698172588091 0.003929323982447386 46
1698172588251 0.0035015344619750977 47
1698172588401 0.0034665067214518785 48
1698172588556 0.003288462059572339 49
