1698172580408 28.588327407836914 0
1698172580581 12.039292335510254 1
1698172580740 11.386008262634277 2
1698172580895 10.483407020568848 3
1698172581051 10.471552848815918 4
1698172581196 9.432873725891113 5
1698172581345 9.805418968200684 6
1698172581560 9.187491416931152 7
1698172581778 9.574677467346191 8
1698172581955 8.91236400604248 9
1698172582141 8.8047456741333 10
1698172582360 9.004293441772461 11
1698172582586 8.898453712463379 12
1698172582758 8.777717590332031 13
1698172582928 8.677392959594727 14
1698172583112 8.77396011352539 15
1698172583263 8.904011726379395 16
1698172583420 8.583264350891113 17
1698172583572 8.512097358703613 18
1698172583730 8.472305297851562 19
1698172583903 8.266584396362305 20
1698172584045 8.334859848022461 21
1698172584220 8.197498321533203 22
1698172584378 8.492255210876465 23
1698172584554 8.404695510864258 24
1698172584713 8.211823463439941 25
1698172584874 8.119937896728516 26
1698172585026 8.075861930847168 27
1698172585184 7.922204971313477 28
1698172585338 8.095887184143066 29
1698172585514 8.064133644104004 30
1698172585686 7.6742682456970215 31
1698172585840 8.20759105682373 32
1698172586001 7.934023380279541 33
1698172586162 7.7197980880737305 34
1698172586312 7.797187328338623 35
1698172586479 7.717141628265381 36
1698172586622 8.31156063079834 37
1698172586815 7.926159381866455 38
1698172586970 7.722099781036377 39
1698172587126 7.7379279136657715 40
1698172587280 7.562885761260986 41
1698172587429 7.861072540283203 42
1698172587588 7.629264831542969 43
1698172587753 7.793574333190918 44
1698172587924 7.741292476654053 45
1698172588091 8.067802429199219 46
1698172588251 7.765228748321533 47
1698172588401 7.322359085083008 48
1698172588556 7.449729919433594 49
