1698184612077 58.34933090209961 0
1698184612322 25.62544822692871 1
1698184612587 22.743167877197266 2
1698184612852 19.528133392333984 3
1698184613119 17.560386657714844 4
1698184613372 16.39406394958496 5
1698184613649 17.20178985595703 6
1698184613922 15.684514045715332 7
1698184614241 15.35151481628418 8
1698184614498 15.075735092163086 9
1698184614743 15.238903999328613 10
1698184614987 15.038740158081055 11
1698184615265 14.779951095581055 12
1698184615549 14.988337516784668 13
1698184615832 13.564860343933105 14
1698184616111 14.31442642211914 15
1698184616383 13.886658668518066 16
1698184616681 14.167290687561035 17
1698184616946 13.754019737243652 18
1698184617182 14.510417938232422 19
1698184617436 14.429376602172852 20
1698184617690 14.078718185424805 21
1698184617935 13.251991271972656 22
1698184618178 13.67788314819336 23
1698184618419 13.514910697937012 24
1698184618682 13.061054229736328 25
1698184618935 13.384124755859375 26
1698184619215 13.537949562072754 27
1698184619474 13.117637634277344 28
1698184619722 13.661641120910645 29
1698184619963 12.554497718811035 30
1698184620208 12.93226432800293 31
1698184620455 12.467462539672852 32
1698184620720 13.671606063842773 33
1698184620972 14.06973648071289 34
1698184621231 12.32957935333252 35
1698184621480 13.558001518249512 36
1698184621716 12.99157428741455 37
1698184621968 12.428146362304688 38
1698184622238 12.769170761108398 39
1698184622480 12.385639190673828 40
1698184622725 11.650124549865723 41
1698184622990 12.686141014099121 42
1698184623239 12.861879348754883 43
1698184623491 12.208366394042969 44
1698184623746 12.400310516357422 45
1698184623976 12.32956314086914 46
1698184624236 13.626439094543457 47
1698184624481 12.522134780883789 48
1698184624725 13.381141662597656 49
