1698153754640 63.70247268676758 0
1698153755090 36.95116424560547 1
1698153755654 32.347965240478516 2
1698153756063 26.176374435424805 3
1698153756527 24.223453521728516 4
1698153756962 22.53974151611328 5
1698153757385 21.99361228942871 6
1698153757850 20.586055755615234 7
1698153758273 20.053762435913086 8
1698153758713 19.923805236816406 9
1698153759190 19.303466796875 10
1698153759759 18.696611404418945 11
1698153760312 18.48974609375 12
1698153760920 18.448644638061523 13
1698153761335 18.37528419494629 14
1698153761757 18.637069702148438 15
1698153762199 17.794221878051758 16
1698153762634 17.718616485595703 17
1698153763082 17.190631866455078 18
1698153763564 16.775218963623047 19
1698153764202 16.95614242553711 20
1698153764685 16.932958602905273 21
1698153765116 16.91851234436035 22
1698153765810 16.8142147064209 23
1698153766497 16.546361923217773 24
1698153767057 16.50546646118164 25
