1698183434468 31.837974548339844 0
1698183434654 11.857322692871094 1
1698183434840 11.515979766845703 2
1698183435048 10.017995834350586 3
1698183435223 10.087532043457031 4
1698183435410 10.429136276245117 5
1698183435576 9.381160736083984 6
1698183435750 9.960474967956543 7
1698183435924 8.830122947692871 8
1698183436114 8.894946098327637 9
1698183436286 8.857850074768066 10
1698183436463 8.768537521362305 11
1698183436633 8.641500473022461 12
1698183436799 9.09984302520752 13
1698183436960 8.669622421264648 14
1698183437129 8.790118217468262 15
1698183437303 8.050497055053711 16
1698183437498 8.151786804199219 17
1698183437670 7.673598289489746 18
1698183437850 7.808440208435059 19
1698183438020 7.616919994354248 20
1698183438190 8.338543891906738 21
1698183438369 9.084970474243164 22
1698183438559 8.161173820495605 23
1698183438736 7.740780353546143 24
1698183438897 7.320915699005127 25
1698183439066 7.665334224700928 26
1698183439233 7.794853687286377 27
1698183439406 8.222378730773926 28
1698183439583 7.2051897048950195 29
1698183439754 7.836928844451904 30
1698183439922 7.118483066558838 31
1698183440094 7.114537239074707 32
1698183440263 7.664267539978027 33
1698183440451 8.360736846923828 34
1698183440632 7.95081901550293 35
1698183440799 7.6535773277282715 36
1698183440960 8.078829765319824 37
1698183441151 8.053919792175293 38
1698183441323 7.1587605476379395 39
1698183441496 7.005228042602539 40
1698183441658 7.517006874084473 41
1698183441825 7.371150493621826 42
1698183442007 7.588052272796631 43
1698183442182 7.679363250732422 44
1698183442352 7.304843425750732 45
1698183442542 7.5895256996154785 46
1698183442703 7.592362880706787 47
1698183442881 7.903501033782959 48
1698183443065 7.872135639190674 49
