1698185864598 15.727254867553711 0
1698185864726 1.1383380889892578 1
1698185864854 0.8570310473442078 2
1698185864976 0.7875885367393494 3
1698185865100 0.8846713900566101 4
1698185865232 0.8648132085800171 5
1698185865384 0.888217568397522 6
1698185865513 0.7738916277885437 7
1698185865643 0.7296424508094788 8
1698185865793 0.8692969679832458 9
1698185865929 0.7391500473022461 10
1698185866060 0.8902024626731873 11
1698185866202 0.8983064293861389 12
1698185866338 0.8892651796340942 13
1698185866469 1.1288166046142578 14
1698185866600 0.9704846143722534 15
1698185866744 0.9038805961608887 16
1698185866896 0.7875343561172485 17
1698185867040 0.8895991444587708 18
1698185867201 0.83612459897995 19
1698185867371 0.7927649021148682 20
1698185867531 0.7189501523971558 21
1698185867660 0.7754209637641907 22
1698185867795 0.7857405543327332 23
1698185867945 0.8101537227630615 24
1698185868074 0.953662097454071 25
1698185868229 0.7109931111335754 26
1698185868396 0.7104215621948242 27
1698185868545 0.7645646929740906 28
1698185868680 0.7953833341598511 29
1698185868820 0.7376367449760437 30
1698185868977 0.8220484256744385 31
1698185869109 0.8049033880233765 32
1698185869250 0.7304874658584595 33
1698185869410 0.7835832834243774 34
1698185869579 0.9029468894004822 35
1698185869732 0.8723204731941223 36
1698185869868 0.7255933284759521 37
1698185870008 0.7975777983665466 38
1698185870141 0.8351299166679382 39
1698185870277 0.8261145949363708 40
1698185870413 0.7132225036621094 41
1698185870542 0.7309743165969849 42
1698185870676 0.8345333933830261 43
1698185870806 0.7719694375991821 44
1698185870953 0.7001441717147827 45
1698185871075 0.8391929268836975 46
1698185871215 0.7292382717132568 47
1698185871353 0.751238226890564 48
1698185871489 0.7667561173439026 49
