1698185864598 44.84589767456055 0
1698185864726 12.842061042785645 1
1698185864854 11.096199989318848 2
1698185864976 10.238845825195312 3
1698185865100 10.053688049316406 4
1698185865232 9.61416244506836 5
1698185865384 9.66748332977295 6
1698185865513 9.515298843383789 7
1698185865643 9.524726867675781 8
1698185865793 9.211992263793945 9
1698185865929 9.286022186279297 10
1698185866060 9.129331588745117 11
1698185866202 9.938003540039062 12
1698185866338 9.277067184448242 13
1698185866469 9.417706489562988 14
1698185866600 9.553813934326172 15
1698185866744 9.621719360351562 16
1698185866896 8.958765029907227 17
1698185867040 9.175224304199219 18
1698185867201 8.941268920898438 19
1698185867371 8.534013748168945 20
1698185867531 8.694644927978516 21
1698185867660 9.182929992675781 22
1698185867795 9.165497779846191 23
1698185867945 8.835373878479004 24
1698185868074 9.476269721984863 25
1698185868229 8.482756614685059 26
1698185868396 8.3606538772583 27
1698185868545 8.7208251953125 28
1698185868680 8.497852325439453 29
1698185868820 8.883491516113281 30
1698185868977 8.47852611541748 31
1698185869109 8.42062759399414 32
1698185869250 8.193082809448242 33
1698185869410 8.447175979614258 34
1698185869579 9.117815017700195 35
1698185869732 8.64825439453125 36
1698185869868 8.660106658935547 37
1698185870008 8.676682472229004 38
1698185870141 8.989740371704102 39
1698185870277 8.828076362609863 40
1698185870413 8.87531566619873 41
1698185870542 8.186260223388672 42
1698185870676 8.417390823364258 43
1698185870806 8.428112983703613 44
1698185870953 8.419027328491211 45
1698185871075 8.588183403015137 46
1698185871215 8.30832290649414 47
1698185871353 8.238622665405273 48
1698185871489 8.422133445739746 49
