1698181138103 0.03590722382068634 0
1698181138265 0.005450304131954908 1
1698181138450 0.0038278140127658844 2
1698181138602 0.004832740873098373 3
1698181138765 0.003601180389523506 4
1698181138926 0.003358465153723955 5
1698181139076 0.003573277033865452 6
1698181139247 0.002883432200178504 7
1698181139498 0.0030565166380256414 8
1698181139653 0.002864083042368293 9
1698181139810 0.0025237593799829483 10
1698181139967 0.002653691917657852 11
1698181140119 0.002461423631757498 12
1698181140275 0.0021819942630827427 13
1698181140434 0.0026274356059730053 14
1698181140595 0.002215651562437415 15
1698181140740 0.0024767396971583366 16
1698181140896 0.0025013494305312634 17
1698181141069 0.0023783056531101465 18
1698181141221 0.0026225345209240913 19
1698181141374 0.002728476654738188 20
1698181141525 0.00221877358853817 21
1698181141669 0.002467718906700611 22
1698181141819 0.0021949526853859425 23
1698181141966 0.001975161721929908 24
1698181142112 0.002211085520684719 25
1698181142257 0.002225644188001752 26
1698181142406 0.002038045087829232 27
1698181142551 0.0018496346892789006 28
1698181142691 0.001990175573155284 29
1698181142840 0.0018590838881209493 30
1698181142998 0.0019623907282948494 31
1698181143160 0.0017211432568728924 32
1698181143308 0.002154469722881913 33
1698181143456 0.0018961228197440505 34
1698181143605 0.0019272894132882357 35
1698181143752 0.0020775895100086927 36
1698181143898 0.00216953968629241 37
1698181144042 0.0019023804925382137 38
1698181144190 0.0017116396920755506 39
1698181144345 0.001882051699794829 40
1698181144507 0.0020347824320197105 41
1698181144655 0.0018805741565302014 42
1698181144797 0.0017968015745282173 43
1698181144954 0.0018591431435197592 44
1698181145103 0.0016934997402131557 45
1698181145264 0.001918409951031208 46
1698181145421 0.0018742294050753117 47
1698181145572 0.0017517274245619774 48
1698181145724 0.0017308888491243124 49
