1698172549806 0.05617337301373482 0
1698172550328 0.01789921522140503 1
1698172550779 0.014029181562364101 2
1698172551406 0.013807945884764194 3
1698172551873 0.013099695555865765 4
1698172552378 0.011681389063596725 5
1698172552804 0.010246627032756805 6
1698172553263 0.011076455004513264 7
1698172553679 0.009660657495260239 8
1698172554095 0.010329991579055786 9
1698172554557 0.009407107718288898 10
1698172555072 0.008238919079303741 11
1698172555607 0.009775189682841301 12
1698172556089 0.007777524180710316 13
1698172556727 0.007683027070015669 14
1698172557176 0.007712844293564558 15
1698172557662 0.007993662729859352 16
1698172558123 0.007331063039600849 17
1698172558630 0.008342470973730087 18
1698172559287 0.0076016332022845745 19
1698172559759 0.0069261593744158745 20
1698172560166 0.0065023270435631275 21
1698172560592 0.006927827373147011 22
1698172561017 0.007344051729887724 23
1698172561476 0.0072062877006828785 24
1698172561891 0.0068530431017279625 25
1698172562329 0.007134195417165756 26
1698172562765 0.0065238336101174355 27
1698172563204 0.007127504795789719 28
1698172563672 0.006605084519833326 29
1698172564188 0.006513738073408604 30
1698172564724 0.006794539280235767 31
1698172565459 0.0062967888079583645 32
1698172566048 0.006272409576922655 33
1698172566501 0.0064702085219323635 34
1698172566975 0.006088049616664648 35
1698172567479 0.006429810076951981 36
1698172567977 0.005900651216506958 37
1698172568602 0.006078824866563082 38
1698172569061 0.006147386971861124 39
1698172569588 0.00648413086310029 40
1698172570083 0.006242883391678333 41
1698172570679 0.005598585121333599 42
1698172571162 0.006523859221488237 43
1698172571651 0.0072658248245716095 44
1698172572111 0.005918874405324459 45
1698172572722 0.0054687452502548695 46
1698172573228 0.0049916282296180725 47
1698172573855 0.005322895012795925 48
1698172574444 0.005787957459688187 49
