1698172549806 32.68861770629883 0
1698172550328 20.32101058959961 1
1698172550779 17.641687393188477 2
1698172551406 16.769704818725586 3
1698172551873 15.979238510131836 4
1698172552378 14.733858108520508 5
1698172552804 14.96362590789795 6
1698172553263 14.44106388092041 7
1698172553679 14.266160011291504 8
1698172554095 13.806828498840332 9
1698172554557 13.178289413452148 10
1698172555072 12.922846794128418 11
1698172555607 13.114421844482422 12
1698172556089 12.633637428283691 13
1698172556727 12.426490783691406 14
1698172557176 12.035974502563477 15
1698172557662 12.096512794494629 16
1698172558123 11.732306480407715 17
1698172558630 12.300186157226562 18
1698172559287 12.20280933380127 19
1698172559759 11.37975025177002 20
1698172560166 11.542228698730469 21
1698172560592 11.52838134765625 22
1698172561017 11.397690773010254 23
1698172561476 11.474841117858887 24
1698172561891 11.565535545349121 25
1698172562329 10.98902416229248 26
1698172562765 10.922812461853027 27
1698172563204 11.749757766723633 28
1698172563672 11.274324417114258 29
1698172564188 10.828168869018555 30
1698172564724 11.160478591918945 31
1698172565459 10.827108383178711 32
1698172566048 11.030936241149902 33
1698172566501 10.723651885986328 34
1698172566975 11.027533531188965 35
1698172567479 11.219719886779785 36
1698172567977 10.651005744934082 37
1698172568602 10.721577644348145 38
1698172569061 10.682543754577637 39
1698172569588 11.179788589477539 40
1698172570083 10.240021705627441 41
1698172570679 10.267855644226074 42
1698172571162 10.342214584350586 43
1698172571651 11.098403930664062 44
1698172572111 10.413179397583008 45
1698172572722 10.097701072692871 46
1698172573228 9.940166473388672 47
1698172573855 9.997718811035156 48
1698172574444 10.004109382629395 49
