1698185239021 2224.509033203125 0
1698185239540 258.0728759765625 1
1698185240044 195.86119079589844 2
1698185240547 210.46302795410156 3
1698185241061 157.84605407714844 4
1698185241566 174.39688110351562 5
1698185242070 206.00146484375 6
1698185242603 162.2755889892578 7
1698185243125 295.61907958984375 8
1698185243640 213.34739685058594 9
1698185244166 163.7037353515625 10
1698185244689 184.01937866210938 11
1698185245195 218.0129852294922 12
1698185245698 186.42807006835938 13
1698185246300 192.27102661132812 14
1698185246829 162.88548278808594 15
1698185247400 223.91636657714844 16
1698185247980 222.98849487304688 17
1698185248545 203.31039428710938 18
1698185249116 398.7466125488281 19
1698185249626 217.3889617919922 20
1698185250142 163.7321319580078 21
1698185250650 186.58921813964844 22
1698185251170 138.05136108398438 23
1698185251675 132.81434631347656 24
1698185252198 153.09017944335938 25
1698185252712 240.76675415039062 26
1698185253232 182.89295959472656 27
1698185253734 142.2524871826172 28
1698185254250 148.29910278320312 29
1698185254757 181.47230529785156 30
1698185255269 139.74697875976562 31
1698185255764 132.92454528808594 32
1698185256292 152.82029724121094 33
1698185256792 142.5054168701172 34
1698185257306 361.94158935546875 35
1698185257812 176.6302947998047 36
1698185258329 151.13156127929688 37
1698185258851 316.97076416015625 38
1698185259390 145.17266845703125 39
1698185259968 140.88299560546875 40
1698185260562 93.7439956665039 41
1698185261129 106.8424072265625 42
1698185261746 117.73995971679688 43
1698185262278 105.89607238769531 44
1698185262805 113.13461303710938 45
1698185263326 134.81576538085938 46
1698185263844 114.60405731201172 47
1698185264354 118.94618225097656 48
1698185264850 98.16767883300781 49
