1698229606222 52084.9296875 0
1698229606502 39986.39453125 1
1698229606779 30894.3671875 2
1698229607027 27955.96484375 3
1698229607270 26577.30859375 4
1698229607518 24423.87109375 5
1698229607788 25294.453125 6
1698229608066 23592.53125 7
1698229608319 25644.15625 8
1698229608594 24824.51171875 9
1698229608857 25933.90625 10
1698229609129 22798.9609375 11
1698229609389 25192.65625 12
1698229609670 22646.787109375 13
1698229609915 23286.7890625 14
1698229610243 22828.712890625 15
1698229610488 25018.8046875 16
1698229610746 22261.44140625 17
1698229611012 22929.40625 18
1698229611572 22464.28515625 19
1698229611840 22331.001953125 20
1698229612095 23622.1328125 21
1698229612355 22975.076171875 22
1698229612623 22403.146484375 23
1698229612880 24909.126953125 24
1698229613140 23822.482421875 25
1698229613380 22546.75390625 26
1698229613642 22739.552734375 27
1698229613894 21787.935546875 28
1698229614171 23833.33203125 29
1698229614431 21518.6328125 30
1698229614693 22521.9375 31
1698229614936 21395.521484375 32
1698229615193 22960.73046875 33
1698229615442 21356.53125 34
1698229615704 19288.978515625 35
1698229615960 24105.115234375 36
1698229616243 21676.333984375 37
1698229616518 23571.751953125 38
1698229616782 20242.017578125 39
1698229617021 22068.57421875 40
1698229617272 19430.197265625 41
1698229617525 21011.689453125 42
1698229617780 17492.03125 43
1698229618061 20816.283203125 44
1698229618314 22877.31640625 45
1698229618570 20659.83984375 46
1698229618842 20023.330078125 47
1698229619100 22109.490234375 48
1698229619350 19414.091796875 49
