1698168895719 39.95685958862305 0
1698168895954 20.503883361816406 1
1698168896186 16.665935516357422 2
1698168896361 14.665731430053711 3
1698168896557 13.830791473388672 4
1698168896764 13.72805118560791 5
1698168896965 13.528200149536133 6
1698168897233 13.431715965270996 7
1698168897433 13.311454772949219 8
1698168897619 12.742358207702637 9
1698168897829 12.379242897033691 10
1698168898030 12.418387413024902 11
1698168898250 12.052633285522461 12
1698168898467 12.294724464416504 13
1698168898856 11.844483375549316 14
1698168899068 11.602363586425781 15
1698168899330 11.77100944519043 16
1698168899573 11.489510536193848 17
1698168899811 11.611233711242676 18
1698168900035 11.638679504394531 19
1698168900255 11.368682861328125 20
1698168900452 11.409279823303223 21
1698168900647 11.162102699279785 22
1698168901553 11.31831169128418 23
1698168901755 11.234253883361816 24
1698168901965 10.962427139282227 25
1698168902272 11.243276596069336 26
1698168902485 11.070371627807617 27
1698168902713 11.227876663208008 28
1698168902978 11.072640419006348 29
1698168903200 11.036767959594727 30
1698168903432 11.105490684509277 31
1698168903649 10.983891487121582 32
1698168903846 11.121291160583496 33
1698168904036 11.240463256835938 34
1698168904280 11.040108680725098 35
1698168904474 10.756197929382324 36
1698168904671 10.680570602416992 37
1698168904868 10.750420570373535 38
1698168905081 10.619135856628418 39
1698168905325 10.77688217163086 40
1698168905510 10.563375473022461 41
1698168905723 10.615169525146484 42
1698168905928 10.765974998474121 43
1698168906135 10.575912475585938 44
1698168906471 10.497631072998047 45
1698168906717 10.632941246032715 46
1698168906977 10.675193786621094 47
1698168907340 10.791092872619629 48
1698168907560 10.547468185424805 49
