1698185171733 1912.78759765625 0
1698185171915 399.4346923828125 1
1698185172108 417.918212890625 2
1698185172354 343.9153137207031 3
1698185172562 313.87701416015625 4
1698185172760 276.6900634765625 5
1698185172956 249.05665588378906 6
1698185173161 268.47589111328125 7
1698185173391 276.5444641113281 8
1698185173593 249.49966430664062 9
1698185173794 231.85523986816406 10
1698185173993 215.9860382080078 11
1698185174182 227.19351196289062 12
1698185174435 256.7667541503906 13
1698185174702 261.40435791015625 14
1698185174952 222.8993377685547 15
1698185175198 201.25502014160156 16
1698185175474 208.82029724121094 17
1698185175668 218.54183959960938 18
1698185175917 219.2474822998047 19
1698185176205 200.6418914794922 20
1698185176456 227.28334045410156 21
1698185176675 222.3535614013672 22
1698185176889 216.44558715820312 23
1698185177130 199.51084899902344 24
1698185177418 202.92530822753906 25
1698185177627 222.09341430664062 26
1698185177820 178.07432556152344 27
1698185178024 195.20635986328125 28
1698185178230 204.59371948242188 29
1698185178453 192.2056884765625 30
1698185178665 168.1978759765625 31
1698185178880 176.73297119140625 32
1698185179083 193.83636474609375 33
1698185179290 197.67356872558594 34
1698185179517 214.2460479736328 35
1698185179725 214.8203887939453 36
1698185179934 203.92800903320312 37
1698185180153 200.84986877441406 38
1698185180363 208.6997528076172 39
1698185180568 169.17318725585938 40
1698185180776 189.5354766845703 41
1698185180976 212.02029418945312 42
1698185181181 218.60496520996094 43
1698185181390 188.11119079589844 44
1698185181629 205.9908905029297 45
1698185181831 190.75839233398438 46
1698185182041 198.91712951660156 47
1698185182252 205.37460327148438 48
1698185182493 191.35305786132812 49
