1698183707974 55414.32421875 0
1698183708204 35989.70703125 1
1698183708425 27755.419921875 2
1698183708652 26187.509765625 3
1698183708883 22585.076171875 4
1698183709111 23870.8125 5
1698183709357 26260.474609375 6
1698183709587 22932.779296875 7
1698183709817 29307.9375 8
1698183710044 19902.46484375 9
1698183710303 27518.880859375 10
1698183710537 28907.115234375 11
1698183710760 22189.662109375 12
1698183710985 25264.349609375 13
1698183711216 22688.478515625 14
1698183711452 32516.39453125 15
1698183711670 19209.34765625 16
1698183711899 20066.697265625 17
1698183712146 27563.150390625 18
1698183712416 24964.82421875 19
1698183712737 26995.791015625 20
1698183712993 22191.201171875 21
1698183713258 26850.923828125 22
1698183713510 25610.55078125 23
1698183713734 23119.291015625 24
1698183713961 28605.7109375 25
1698183714199 23838.560546875 26
1698183714520 19970.955078125 27
1698183714795 30389.939453125 28
1698183715040 21566.33203125 29
1698183715336 27948.611328125 30
1698183715613 25142.263671875 31
1698183715873 25449.01953125 32
1698183716101 29847.6484375 33
1698183716352 26860.931640625 34
1698183716588 20690.17578125 35
1698183716818 27606.822265625 36
1698183717043 23630.3828125 37
1698183717280 14083.6806640625 38
1698183717515 26132.873046875 39
1698183717743 23805.84765625 40
1698183717975 20588.857421875 41
1698183718227 23166.5703125 42
1698183718457 25807.16796875 43
1698183718690 27809.38671875 44
1698183718919 27613.41796875 45
1698183719159 22312.068359375 46
1698183719414 24020.056640625 47
1698183719642 18154.138671875 48
1698183719871 22306.521484375 49
