1698187680894 1.557167887687683 0
1698187681201 0.2939439117908478 1
1698187681567 0.28104761242866516 2
1698187682573 0.24468258023262024 3
1698187682900 0.21005867421627045 4
1698187683290 0.2248147577047348 5
1698187683655 0.23933592438697815 6
1698187683953 0.224452406167984 7
1698187684290 0.20097245275974274 8
1698187684646 0.1918642818927765 9
1698187684971 0.18487241864204407 10
1698187685322 0.16985125839710236 11
1698187685650 0.17288090288639069 12
1698187685997 0.18506169319152832 13
1698187686337 0.20143429934978485 14
1698187686650 0.19373933970928192 15
1698187686956 0.17242759466171265 16
1698187687287 0.1833401471376419 17
1698187687591 0.1768123358488083 18
1698187687894 0.18337532877922058 19
1698187688218 0.18819379806518555 20
1698187688550 0.1725008189678192 21
1698187688853 0.17155350744724274 22
1698187689163 0.22068539261817932 23
1698187689494 0.17084136605262756 24
1698187689807 0.18404322862625122 25
1698187690109 0.16413721442222595 26
1698187690432 0.18337424099445343 27
1698187690756 0.16152988374233246 28
1698187691066 0.1717575043439865 29
1698187691396 0.16458339989185333 30
1698187691713 0.16585031151771545 31
1698187692013 0.15828506648540497 32
1698187692337 0.1667984277009964 33
1698187692652 0.16024397313594818 34
1698187692962 0.1677757054567337 35
1698187693270 0.15774887800216675 36
1698187693624 0.17107802629470825 37
1698187693935 0.17402993142604828 38
1698187694237 0.1555432826280594 39
1698187694566 0.18405303359031677 40
1698187694925 0.18283694982528687 41
1698187695259 0.1606687307357788 42
1698187695600 0.1691790670156479 43
1698187695912 0.16930212080478668 44
1698187696212 0.17366930842399597 45
1698187696528 0.1551603376865387 46
1698187696855 0.18501725792884827 47
1698187697277 0.14268796145915985 48
1698187697632 0.15880826115608215 49
