1698187680894 20.86285972595215 0
1698187681201 9.52558422088623 1
1698187681567 8.595964431762695 2
1698187682573 8.20713996887207 3
1698187682900 7.54246187210083 4
1698187683290 7.69089937210083 5
1698187683655 7.886023998260498 6
1698187683953 7.5008111000061035 7
1698187684290 7.435941219329834 8
1698187684646 7.009807586669922 9
1698187684971 6.815285682678223 10
1698187685322 6.9272308349609375 11
1698187685650 6.535160064697266 12
1698187685997 7.012003421783447 13
1698187686337 7.396132946014404 14
1698187686650 6.926497459411621 15
1698187686956 6.860892295837402 16
1698187687287 6.792160987854004 17
1698187687591 6.3440842628479 18
1698187687894 7.074404716491699 19
1698187688218 6.771162033081055 20
1698187688550 6.7679266929626465 21
1698187688853 6.58856725692749 22
1698187689163 7.672097682952881 23
1698187689494 6.694311141967773 24
1698187689807 6.717031002044678 25
1698187690109 6.60582160949707 26
1698187690432 6.439665794372559 27
1698187690756 6.696242809295654 28
1698187691066 6.460897445678711 29
1698187691396 6.2734527587890625 30
1698187691713 6.506425380706787 31
1698187692013 6.56931209564209 32
1698187692337 6.434476375579834 33
1698187692652 6.583532810211182 34
1698187692962 6.497805595397949 35
1698187693270 6.339524745941162 36
1698187693624 6.831395149230957 37
1698187693935 6.938885688781738 38
1698187694237 6.276800632476807 39
1698187694566 6.6903181076049805 40
1698187694925 6.66091251373291 41
1698187695259 6.431517124176025 42
1698187695600 6.382474422454834 43
1698187695912 7.042248249053955 44
1698187696212 6.972198486328125 45
1698187696528 6.549176216125488 46
1698187696855 6.714390277862549 47
1698187697277 6.030462741851807 48
1698187697632 6.326788425445557 49
