1698155086935 0.3181648254394531 0
1698155089722 0.13312827050685883 1
1698155092735 0.08344706147909164 2
1698155095451 0.06243499368429184 3
1698155098228 0.050990864634513855 4
1698155101024 0.041928667575120926 5
1698155103705 0.03656737133860588 6
1698155106515 0.038182858377695084 7
1698155109289 0.03469141945242882 8
1698155112048 0.03410820662975311 9
1698155114855 0.031702324748039246 10
1698155117604 0.03299960121512413 11
1698155120315 0.03257571905851364 12
1698155123329 0.03547990694642067 13
1698155126002 0.031427931040525436 14
1698155128728 0.03745207563042641 15
1698155131487 0.03177421912550926 16
1698155134260 0.031452298164367676 17
1698155137049 0.03240766003727913 18
1698155140159 0.03162626549601555 19
1698155143225 0.030441714450716972 20
1698155146121 0.029702698811888695 21
1698155148932 0.033812154084444046 22
1698155151717 0.03642142936587334 23
1698155154690 0.030417632311582565 24
