1698172494349 67.43733215332031 0
1698172494611 22.76095199584961 1
1698172494859 17.276737213134766 2
1698172495085 15.322370529174805 3
1698172495412 13.376952171325684 4
1698172495654 13.344307899475098 5
1698172495943 13.176810264587402 6
1698172496362 13.04698371887207 7
1698172496692 12.12300968170166 8
1698172496961 12.190938949584961 9
1698172497231 12.694417953491211 10
1698172497495 12.138384819030762 11
1698172497950 12.432840347290039 12
1698172498214 12.004830360412598 13
1698172498475 12.473427772521973 14
1698172498740 12.138900756835938 15
1698172498993 11.868046760559082 16
1698172499268 11.99540901184082 17
1698172499551 12.094619750976562 18
1698172499945 11.249149322509766 19
1698172500197 11.410277366638184 20
1698172500480 11.837623596191406 21
1698172500743 11.606921195983887 22
1698172501004 11.495030403137207 23
1698172501290 11.678431510925293 24
1698172501574 11.07268238067627 25
1698172501987 11.371302604675293 26
1698172502255 11.3016996383667 27
1698172502548 10.86536693572998 28
1698172502791 11.240239143371582 29
1698172503060 11.093701362609863 30
1698172503331 10.843104362487793 31
1698172503615 11.262847900390625 32
1698172504011 10.933558464050293 33
1698172504289 10.755059242248535 34
1698172504671 10.816826820373535 35
1698172504927 10.71665096282959 36
1698172505241 10.886399269104004 37
1698172505521 11.220348358154297 38
1698172505772 10.810890197753906 39
1698172506033 10.879378318786621 40
1698172506275 10.738110542297363 41
1698172506667 10.47949504852295 42
1698172506945 10.067700386047363 43
1698172507212 10.522150993347168 44
1698172507484 10.158429145812988 45
1698172507753 10.363703727722168 46
1698172508039 10.269513130187988 47
1698172508297 10.062712669372559 48
1698172508671 10.223469734191895 49
