1698183516346 179.57557678222656 0
1698183516495 34.51986312866211 1
1698183516648 24.947895050048828 2
1698183516799 29.127639770507812 3
1698183516960 29.23282241821289 4
1698183517134 26.97647476196289 5
1698183517292 22.289291381835938 6
1698183517447 25.189353942871094 7
1698183517606 17.209138870239258 8
1698183517769 24.363487243652344 9
1698183517963 20.478586196899414 10
1698183518171 19.575109481811523 11
1698183518341 23.78520393371582 12
1698183518512 22.3947811126709 13
1698183518681 19.980247497558594 14
1698183518855 18.514915466308594 15
1698183519009 20.58353042602539 16
1698183519180 16.79257583618164 17
1698183519335 15.863787651062012 18
1698183519492 13.482771873474121 19
1698183519689 17.481382369995117 20
1698183519879 15.691308975219727 21
1698183520044 18.28837776184082 22
1698183520250 22.948198318481445 23
1698183520433 22.355419158935547 24
1698183520602 22.3963623046875 25
1698183520793 16.480396270751953 26
1698183520988 14.544907569885254 27
1698183521151 17.167125701904297 28
1698183521321 17.68297004699707 29
1698183521486 17.2304630279541 30
1698183521644 19.359846115112305 31
1698183521800 18.822145462036133 32
1698183521955 18.37432098388672 33
1698183522119 16.153972625732422 34
1698183522289 14.74789810180664 35
1698183522445 17.455474853515625 36
1698183522602 17.844303131103516 37
1698183522759 16.453929901123047 38
1698183522917 17.990964889526367 39
1698183523070 13.96014404296875 40
1698183523236 18.143346786499023 41
1698183523390 17.860801696777344 42
1698183523553 16.615388870239258 43
1698183523714 14.95234489440918 44
1698183523877 15.815266609191895 45
1698183524034 13.958074569702148 46
1698183524203 15.77733325958252 47
1698183524368 15.118724822998047 48
1698183524527 15.738804817199707 49
