1698184553523 68.51566314697266 0
1698184553746 25.00050926208496 1
1698184553978 20.30684471130371 2
1698184554242 18.490509033203125 3
1698184554476 16.62105369567871 4
1698184554696 16.40682601928711 5
1698184554908 15.654269218444824 6
1698184555124 16.328882217407227 7
1698184555373 15.560140609741211 8
1698184555628 15.254219055175781 9
1698184555852 15.030353546142578 10
1698184556106 15.359070777893066 11
1698184556329 15.021811485290527 12
1698184556596 14.43374252319336 13
1698184556908 13.95649528503418 14
1698184557190 13.794197082519531 15
1698184557410 15.258134841918945 16
1698184557626 14.490686416625977 17
1698184557843 13.913269996643066 18
1698184558078 14.442936897277832 19
1698184558296 14.013940811157227 20
1698184558513 13.769062995910645 21
1698184558732 13.525729179382324 22
1698184558949 14.059873580932617 23
1698184559185 14.252106666564941 24
1698184559413 14.217811584472656 25
1698184559629 13.740949630737305 26
1698184559843 14.644355773925781 27
1698184560069 13.884041786193848 28
1698184560311 13.566802978515625 29
1698184560530 13.865864753723145 30
1698184560743 13.6163330078125 31
1698184560954 13.278319358825684 32
1698184561185 13.736577033996582 33
1698184561401 13.544921875 34
1698184561615 13.33092212677002 35
1698184561824 12.852370262145996 36
1698184562050 13.343939781188965 37
1698184562269 12.200740814208984 38
1698184562496 13.023595809936523 39
1698184562711 12.692656517028809 40
1698184562920 13.003155708312988 41
1698184563128 12.768668174743652 42
1698184563348 12.388657569885254 43
1698184563557 13.181670188903809 44
1698184563776 13.839110374450684 45
1698184563990 12.844647407531738 46
1698184564230 13.045053482055664 47
1698184564445 12.452213287353516 48
1698184564657 12.929239273071289 49
