1698180045525 0.480438232421875 0
1698180045791 0.14882971346378326 1
1698180046047 0.1132146418094635 2
1698180046438 0.10089074075222015 3
1698180046716 0.09934207797050476 4
1698180046951 0.08063872158527374 5
1698180047193 0.0724770650267601 6
1698180047448 0.08587872236967087 7
1698180047693 0.06940839439630508 8
1698180047933 0.06058560311794281 9
1698180048173 0.07062831521034241 10
1698180048421 0.055335432291030884 11
1698180048676 0.05852685123682022 12
1698180048906 0.06313849240541458 13
1698180049163 0.05608559399843216 14
1698180049408 0.058547262102365494 15
1698180049653 0.058585379272699356 16
1698180049882 0.06400812417268753 17
1698180050120 0.054109737277030945 18
1698180050396 0.04806186258792877 19
1698180050635 0.0505758672952652 20
1698180050881 0.05133587867021561 21
1698180051118 0.061087142676115036 22
1698180051348 0.051700297743082047 23
1698180051603 0.04424130544066429 24
1698180051845 0.0554984025657177 25
1698180052087 0.048328716307878494 26
1698180052329 0.046081095933914185 27
1698180052594 0.05262013152241707 28
1698180052831 0.05175764113664627 29
1698180053079 0.050348080694675446 30
1698180053321 0.049184300005435944 31
1698180053586 0.047738440334796906 32
1698180053831 0.05535697937011719 33
1698180054074 0.04746519774198532 34
1698180054329 0.048327166587114334 35
1698180054612 0.05022245645523071 36
1698180054849 0.05133918672800064 37
1698180055096 0.047712456434965134 38
1698180055400 0.04746004194021225 39
1698180055697 0.03968961164355278 40
1698180055974 0.04485280439257622 41
1698180056283 0.042989831417798996 42
1698180056654 0.041198670864105225 43
1698180056912 0.05024596303701401 44
1698180057154 0.04718049615621567 45
1698180057395 0.042941536754369736 46
1698180057653 0.04158099740743637 47
1698180057890 0.045291367918252945 48
1698180058136 0.035644952207803726 49
