1698180045525 89.33914184570312 0
1698180045791 53.12778854370117 1
1698180046047 31.31896209716797 2
1698180046438 25.71414566040039 3
1698180046716 22.78647232055664 4
1698180046951 21.977724075317383 5
1698180047193 22.171165466308594 6
1698180047448 20.590389251708984 7
1698180047693 18.950319290161133 8
1698180047933 18.660051345825195 9
1698180048173 19.72798728942871 10
1698180048421 18.788801193237305 11
1698180048676 19.019617080688477 12
1698180048906 19.50132942199707 13
1698180049163 18.956998825073242 14
1698180049408 19.96080207824707 15
1698180049653 21.16457176208496 16
1698180049882 19.744247436523438 17
1698180050120 20.40340232849121 18
1698180050396 20.64503288269043 19
1698180050635 20.524452209472656 20
1698180050881 20.882080078125 21
1698180051118 23.175294876098633 22
1698180051348 22.560882568359375 23
1698180051603 22.144996643066406 24
1698180051845 24.063188552856445 25
1698180052087 23.939672470092773 26
1698180052329 25.771203994750977 27
1698180052594 24.94031524658203 28
1698180052831 25.738235473632812 29
1698180053079 26.77857780456543 30
1698180053321 27.745792388916016 31
1698180053586 27.832088470458984 32
1698180053831 28.466999053955078 33
1698180054074 28.429468154907227 34
1698180054329 29.769559860229492 35
1698180054612 32.83749008178711 36
1698180054849 32.37750244140625 37
1698180055096 33.88863754272461 38
1698180055400 34.75944137573242 39
1698180055697 34.277923583984375 40
1698180055974 35.257713317871094 41
1698180056283 36.02382278442383 42
1698180056654 35.45803451538086 43
1698180056912 36.28592300415039 44
1698180057154 37.364952087402344 45
1698180057395 38.129817962646484 46
1698180057653 37.78820037841797 47
1698180057890 37.902042388916016 48
1698180058136 36.76951599121094 49
