1698186271709 5.14459753036499 0
1698186271818 0.5743228197097778 1
1698186271933 0.578669548034668 2
1698186272036 0.5832697153091431 3
1698186272138 0.5447466969490051 4
1698186272238 0.6056365966796875 5
1698186272345 0.5601967573165894 6
1698186272456 0.5621753931045532 7
1698186272556 0.5449941754341125 8
1698186272655 0.525306224822998 9
1698186272756 0.5183089971542358 10
1698186272857 0.48346978425979614 11
1698186272964 0.4989783763885498 12
1698186273094 0.5341145396232605 13
1698186273196 0.5716951489448547 14
1698186273303 0.5227885842323303 15
1698186273425 0.48766788840293884 16
1698186273537 0.5016713738441467 17
1698186273660 0.45771828293800354 18
1698186273808 0.508853018283844 19
1698186273953 0.5398528575897217 20
1698186274096 0.5134385824203491 21
1698186274235 0.4991488456726074 22
1698186274346 0.4617750942707062 23
1698186274464 0.5158747434616089 24
1698186274569 0.4653949737548828 25
1698186274695 0.44962698221206665 26
1698186274842 0.4778017997741699 27
1698186274970 0.4501778185367584 28
1698186275099 0.4551999866962433 29
1698186275213 0.5124780535697937 30
1698186275354 0.48610037565231323 31
1698186275465 0.46108725666999817 32
1698186275587 0.45854803919792175 33
1698186275696 0.52546226978302 34
1698186275832 0.610160231590271 35
1698186275974 0.7292109131813049 36
1698186276104 0.5059962272644043 37
1698186276232 0.45097965002059937 38
1698186276375 0.4625309109687805 39
1698186276520 0.4941956102848053 40
1698186276629 0.4623689353466034 41
1698186276761 0.46534714102745056 42
1698186276870 0.4679158926010132 43
1698186276977 0.4607451856136322 44
1698186277106 0.5587353110313416 45
1698186277228 0.5202733278274536 46
1698186277345 0.4957025945186615 47
1698186277457 0.43682044744491577 48
1698186277584 0.4873896539211273 49
