1698187285583 4.583926677703857 0
1698187285695 0.2986060678958893 1
1698187285820 0.2182546705007553 2
1698187285930 0.24684202671051025 3
1698187286073 0.23238444328308105 4
1698187286208 0.23805391788482666 5
1698187286433 0.20009081065654755 6
1698187286544 0.22251315414905548 7
1698187286666 0.23419944941997528 8
1698187286786 0.24996303021907806 9
1698187286909 0.2359067052602768 10
1698187287032 0.2581774890422821 11
1698187287144 0.20958246290683746 12
1698187287256 0.2208956927061081 13
1698187287392 0.21683256328105927 14
1698187287515 0.2308444231748581 15
1698187287624 0.24052219092845917 16
1698187287737 0.2216469794511795 17
1698187287860 0.17460483312606812 18
1698187287983 0.21298202872276306 19
1698187288095 0.21118959784507751 20
1698187288220 0.20386908948421478 21
1698187288349 0.19590474665164948 22
1698187288472 0.22977539896965027 23
1698187288582 0.230408176779747 24
1698187288731 0.23636284470558167 25
1698187288858 0.20458801090717316 26
1698187288969 0.21238134801387787 27
1698187289095 0.22476603090763092 28
1698187289206 0.19260814785957336 29
1698187289322 0.22889715433120728 30
1698187289448 0.18621644377708435 31
1698187289582 0.21014514565467834 32
1698187289722 0.1999657303094864 33
1698187289850 0.23954348266124725 34
1698187289975 0.18954236805438995 35
1698187290088 0.21194960176944733 36
1698187290210 0.19437503814697266 37
1698187290336 0.2064196765422821 38
1698187290460 0.22685004770755768 39
1698187290585 0.2114354521036148 40
1698187290718 0.2110070437192917 41
1698187290850 0.1902945190668106 42
1698187290982 0.20118096470832825 43
1698187291127 0.21544279158115387 44
1698187291251 0.19077157974243164 45
1698187291374 0.21316610276699066 46
1698187291497 0.2127387523651123 47
1698187291613 0.21567226946353912 48
1698187291725 0.20055131614208221 49
