1698187285583 39.620845794677734 0
1698187285695 9.220138549804688 1
1698187285820 8.401665687561035 2
1698187285930 8.422900199890137 3
1698187286073 8.136789321899414 4
1698187286208 8.227203369140625 5
1698187286433 7.789865493774414 6
1698187286544 7.852746486663818 7
1698187286666 8.055750846862793 8
1698187286786 7.915970325469971 9
1698187286909 7.9193925857543945 10
1698187287032 7.834504127502441 11
1698187287144 7.558925151824951 12
1698187287256 7.639312744140625 13
1698187287392 7.628335952758789 14
1698187287515 7.512348175048828 15
1698187287624 7.640460014343262 16
1698187287737 7.564363956451416 17
1698187287860 7.233883857727051 18
1698187287983 7.363379955291748 19
1698187288095 7.374824523925781 20
1698187288220 7.212925434112549 21
1698187288349 7.288961887359619 22
1698187288472 7.345081329345703 23
1698187288582 7.608831882476807 24
1698187288731 7.822348594665527 25
1698187288858 7.125158309936523 26
1698187288969 7.19964075088501 27
1698187289095 7.549353122711182 28
1698187289206 7.231693267822266 29
1698187289322 7.557226657867432 30
1698187289448 7.056732654571533 31
1698187289582 7.076086044311523 32
1698187289722 6.796041488647461 33
1698187289850 7.293320655822754 34
1698187289975 7.260898113250732 35
1698187290088 7.146285533905029 36
1698187290210 7.0432515144348145 37
1698187290336 7.336562633514404 38
1698187290460 7.3408918380737305 39
1698187290585 6.975053310394287 40
1698187290718 7.194333076477051 41
1698187290850 6.951122283935547 42
1698187290982 7.324522018432617 43
1698187291127 7.01875114440918 44
1698187291251 7.00091028213501 45
1698187291374 7.316924095153809 46
1698187291497 6.891192436218262 47
1698187291613 7.140449523925781 48
1698187291725 7.002571105957031 49
