1698181263630 0.11250022053718567 0
1698181263773 0.029070774093270302 1
1698181263911 0.01758822612464428 2
1698181264045 0.01210564561188221 3
1698181264176 0.011146806180477142 4
1698181264317 0.010371740907430649 5
1698181264463 0.008602806366980076 6
1698181264597 0.008096827194094658 7
1698181264723 0.008066217415034771 8
1698181264848 0.007590863388031721 9
1698181264982 0.007687092758715153 10
1698181265170 0.008228792808949947 11
1698181265302 0.0069052428007125854 12
1698181265434 0.006476682610809803 13
1698181265574 0.006361695006489754 14
1698181265710 0.007885251194238663 15
1698181265842 0.005379019770771265 16
1698181265983 0.005896888207644224 17
1698181266172 0.004935320932418108 18
1698181266308 0.0055820997804403305 19
1698181266435 0.006225943565368652 20
1698181266563 0.00521093187853694 21
1698181266697 0.005967632867395878 22
1698181266815 0.005514053162187338 23
1698181266936 0.005865232553333044 24
1698181267072 0.004991966765373945 25
1698181267198 0.006363831460475922 26
1698181267316 0.005208419635891914 27
1698181267445 0.005123866256326437 28
1698181267574 0.00470769451931119 29
1698181267701 0.005369841121137142 30
1698181267827 0.004829760640859604 31
1698181267955 0.0048117865808308125 32
1698181268094 0.005313075613230467 33
1698181268225 0.004638103302568197 34
1698181268359 0.0045755840837955475 35
1698181268484 0.004327957984060049 36
1698181268612 0.004052117001265287 37
1698181268738 0.004705242346972227 38
1698181268866 0.005133462604135275 39
1698181268994 0.004170253407210112 40
1698181269142 0.003950963728129864 41
1698181269261 0.004316368140280247 42
1698181269389 0.004636264871805906 43
1698181269516 0.005056911148130894 44
1698181269650 0.004093899391591549 45
1698181269777 0.004502100870013237 46
1698181269906 0.00434131408110261 47
1698181270036 0.004286727402359247 48
1698181270184 0.004019109532237053 49
