1698181263630 12246.775390625 0
1698181263773 63910.2109375 1
1698181263911 36218.8828125 2
1698181264045 36432.0234375 3
1698181264176 17534.876953125 4
1698181264317 6006.82568359375 5
1698181264463 10717.935546875 6
1698181264597 11272.4111328125 7
1698181264723 2299.0537109375 8
1698181264848 2099.73681640625 9
1698181264982 3983.068603515625 10
1698181265170 961.903076171875 11
1698181265302 21177.361328125 12
1698181265434 4322.921875 13
1698181265574 9913.927734375 14
1698181265710 25320.703125 15
1698181265842 11828.587890625 16
1698181265983 17110.255859375 17
1698181266172 886.6759033203125 18
1698181266308 16409.767578125 19
1698181266435 12131.8193359375 20
1698181266563 291.01263427734375 21
1698181266697 27409.37109375 22
1698181266815 30898.255859375 23
1698181266936 11110.76171875 24
1698181267072 17780.966796875 25
1698181267198 15409.2373046875 26
1698181267316 7258.3232421875 27
1698181267445 6607.5458984375 28
1698181267574 7707.4892578125 29
1698181267701 5026.40185546875 30
1698181267827 3142.355712890625 31
1698181267955 30930.861328125 32
1698181268094 35626.6171875 33
1698181268225 21447.412109375 34
1698181268359 19130.955078125 35
1698181268484 26560.0546875 36
1698181268612 38708.09765625 37
1698181268738 4973.349609375 38
1698181268866 14366.751953125 39
1698181268994 2207.996826171875 40
1698181269142 10621.716796875 41
1698181269261 3812.757568359375 42
1698181269389 29380.125 43
1698181269516 24704.927734375 44
1698181269650 23083.330078125 45
1698181269777 34720.31640625 46
1698181269906 2992.701171875 47
1698181270036 10383.3447265625 48
1698181270184 10249.8515625 49
