1698178221501 252.9759521484375 0
1698178222104 323.1813049316406 1
1698178222719 99.3353271484375 2
1698178223329 77.9736557006836 3
1698178223916 63.81264114379883 4
1698178224528 61.98218536376953 5
1698178225189 62.92575454711914 6
1698178225808 72.72666931152344 7
1698178226422 57.45660400390625 8
1698178227110 60.0379638671875 9
1698178227785 61.0359001159668 10
1698178228404 59.564727783203125 11
1698178229000 66.76126098632812 12
1698178229612 64.12398529052734 13
1698178230204 76.54225158691406 14
1698178230831 63.18327331542969 15
1698178231442 72.8275375366211 16
1698178232037 66.36103057861328 17
1698178232642 61.30164337158203 18
1698178233233 69.8822021484375 19
1698178233840 72.2072525024414 20
1698178234460 70.00853729248047 21
1698178235065 67.78155517578125 22
1698178235687 83.85498046875 23
1698178236541 70.7964096069336 24
1698178237195 75.80083465576172 25
1698178237890 74.73295593261719 26
1698178238504 77.85417175292969 27
1698178239091 70.91236877441406 28
1698178239713 83.22613525390625 29
1698178240325 76.72949981689453 30
1698178240917 78.51838684082031 31
1698178241549 78.04232788085938 32
1698178242138 78.55320739746094 33
1698178242751 70.98014831542969 34
1698178243343 77.3344955444336 35
1698178243953 78.93357849121094 36
1698178244561 75.82268524169922 37
1698178245174 73.13561248779297 38
1698178245862 75.6572494506836 39
1698178246493 78.13768005371094 40
1698178247268 76.29474639892578 41
1698178247922 75.8233413696289 42
1698178248665 79.05753326416016 43
1698178249262 73.33977508544922 44
1698178249882 78.78477478027344 45
1698178250484 78.60657501220703 46
1698178251083 77.56328582763672 47
1698178251712 84.23565673828125 48
1698178252330 86.60758209228516 49
