1698187907013 27.76912498474121 0
1698187907239 7.705605506896973 1
1698187907465 6.800189018249512 2
1698187907693 6.712077617645264 3
1698187907937 6.790984153747559 4
1698187908160 6.292065620422363 5
1698187908386 7.671309947967529 6
1698187908631 6.579922199249268 7
1698187908861 6.28040885925293 8
1698187909091 5.993509292602539 9
1698187909339 6.167774677276611 10
1698187909559 5.948793888092041 11
1698187909786 6.016242027282715 12
1698187910013 7.073666095733643 13
1698187910235 6.022404193878174 14
1698187910462 5.78474760055542 15
1698187910684 5.655378341674805 16
1698187910933 5.714288234710693 17
1698187911160 6.012993812561035 18
1698187911421 5.925622463226318 19
1698187911654 6.909283638000488 20
1698187911888 5.83044958114624 21
1698187912102 5.780855655670166 22
1698187912324 7.457840919494629 23
1698187912564 6.14142370223999 24
1698187912811 6.171148300170898 25
1698187913051 6.557538032531738 26
1698187913278 5.789021968841553 27
1698187913502 5.564258575439453 28
1698187913755 7.634091377258301 29
1698187913978 5.741664409637451 30
1698187914198 5.749801158905029 31
1698187914452 5.295407772064209 32
1698187914680 5.682287216186523 33
1698187914906 5.376235008239746 34
1698187915150 5.477942943572998 35
1698187915404 5.526188850402832 36
1698187915632 5.8156657218933105 37
1698187915883 6.558839797973633 38
1698187916113 6.4161696434021 39
1698187916359 6.1622114181518555 40
1698187916596 5.475937366485596 41
1698187916825 5.5096940994262695 42
1698187917065 6.055986404418945 43
1698187917317 5.856739044189453 44
1698187917626 5.92753791809082 45
1698187917904 5.6456193923950195 46
1698187918136 5.455832481384277 47
1698187918360 6.24758768081665 48
1698187918625 5.967973709106445 49
