1698183342549 86.42391967773438 0
1698183342702 62.280574798583984 1
1698183342862 26.013246536254883 2
1698183343012 10.969900131225586 3
1698183343159 10.818235397338867 4
1698183343305 10.580416679382324 5
1698183343448 10.678464889526367 6
1698183343622 10.186236381530762 7
1698183343785 10.333710670471191 8
1698183343947 9.898724555969238 9
1698183344141 10.023484230041504 10
1698183344325 10.255528450012207 11
1698183344470 10.106806755065918 12
1698183344637 10.462749481201172 13
1698183344787 10.389863014221191 14
1698183344978 10.273423194885254 15
1698183345172 9.800872802734375 16
1698183345336 9.92824935913086 17
1698183345500 10.358623504638672 18
1698183345678 10.046157836914062 19
1698183345840 9.665997505187988 20
1698183346009 9.785911560058594 21
1698183346220 9.633686065673828 22
1698183346387 9.435966491699219 23
1698183346530 9.358891487121582 24
1698183346686 9.96485710144043 25
1698183346839 9.833308219909668 26
1698183346994 9.692593574523926 27
1698183347162 9.473774909973145 28
1698183347307 9.316768646240234 29
1698183347454 9.948063850402832 30
1698183347607 9.882036209106445 31
1698183347751 9.413050651550293 32
1698183347892 9.254088401794434 33
1698183348042 9.608834266662598 34
1698183348199 9.056573867797852 35
1698183348357 9.713624000549316 36
1698183348503 9.501485824584961 37
1698183348677 9.427154541015625 38
1698183348827 9.67419719696045 39
1698183348979 9.654618263244629 40
1698183349129 9.622274398803711 41
1698183349283 9.450983047485352 42
1698183349449 8.939263343811035 43
1698183349622 9.252694129943848 44
1698183349779 9.435876846313477 45
1698183349932 9.470061302185059 46
1698183350082 9.455814361572266 47
1698183350234 8.969303131103516 48
1698183350385 9.09035873413086 49
