1698231166060 3.2123241424560547 0
1698231166369 0.48151132464408875 1
1698231166701 0.3544670343399048 2
1698231167562 0.31210818886756897 3
1698231167869 0.2576417326927185 4
1698231168851 0.24185578525066376 5
1698231169187 0.24312011897563934 6
1698231169519 0.2359684407711029 7
1698231169846 0.2185768485069275 8
1698231171085 0.21620690822601318 9
1698231172044 0.1997460573911667 10
1698231172385 0.2010377049446106 11
1698231173365 0.18145500123500824 12
1698231173698 0.17512938380241394 13
1698231174033 0.17189812660217285 14
1698231175431 0.16237209737300873 15
1698231176005 0.16161173582077026 16
1698231176319 0.18271797895431519 17
1698231176635 0.16933178901672363 18
1698231176966 0.15753059089183807 19
1698231177299 0.1550644040107727 20
1698231177623 0.16163042187690735 21
1698231177938 0.15251173079013824 22
1698231178270 0.14687789976596832 23
1698231178579 0.14206737279891968 24
1698231178876 0.15009769797325134 25
1698231179161 0.14538192749023438 26
1698231179459 0.1492680460214615 27
1698231179735 0.13852103054523468 28
1698231180043 0.16101515293121338 29
1698231180332 0.13350529968738556 30
1698231180640 0.1456444263458252 31
1698231180932 0.13662832975387573 32
1698231181509 0.14806370437145233 33
1698231181801 0.12919865548610687 34
1698231182092 0.133911594748497 35
1698231182392 0.12723498046398163 36
1698231182673 0.1407483071088791 37
1698231182957 0.13239650428295135 38
1698231183248 0.12261345982551575 39
1698231183563 0.1343381553888321 40
1698231183846 0.13344500958919525 41
1698231184138 0.1370215266942978 42
1698231184428 0.1291762888431549 43
1698231184723 0.1256411224603653 44
1698231185013 0.125097393989563 45
1698231185304 0.12170962989330292 46
1698231185586 0.14001233875751495 47
1698231185876 0.12169802933931351 48
1698231186461 0.10863696783781052 49
