1698171817775 0.002782848197966814 0
1698171818867 0.0010410360991954803 1
1698171819700 0.0002691199479158968 2
1698171820488 0.0002677106822375208 3
1698171821314 0.00025420813472010195 4
1698171822078 0.00023897855135146528 5
1698171822845 0.00024700877838768065 6
1698171823604 0.00025952362921088934 7
1698171824449 0.0002460237010382116 8
1698171825320 0.00023848391720093787 9
1698171826403 0.00021845685841981322 10
1698171827304 0.00020241778111085296 11
1698171828089 0.0002307468093931675 12
1698171828876 0.00022507178073283285 13
1698171829633 0.00021095223200973123 14
1698171830433 0.00019372311362531036 15
1698171831137 0.00023125612642616034 16
1698171831860 0.00024303788086399436 17
1698171832633 0.0002142191951861605 18
1698171833487 0.0002368211280554533 19
1698171834308 0.0002029356692219153 20
1698171835211 0.00022272492060437799 21
1698171836228 0.00020565885643009096 22
1698171837014 0.00019848810916300863 23
1698171837774 0.00021305396512616426 24
1698171838517 0.00018753984477370977 25
1698171839292 0.0002310910786036402 26
1698171840063 0.00019756658002734184 27
1698171840837 0.000231970552704297 28
1698171841668 0.0001877576723927632 29
1698171842558 0.00021654251031577587 30
1698171843465 0.0001944498799275607 31
1698171844402 0.0002276707673445344 32
1698171845323 0.00019757775589823723 33
1698171846102 0.00019667611923068762 34
1698171846948 0.00016432962729595602 35
1698171847785 0.00022250421170610934 36
1698171848604 0.00019780898583121598 37
1698171849639 0.00016691004566382617 38
1698171850561 0.00019208512094337493 39
1698171851435 0.00021046373876743019 40
1698171852199 0.0001676969841355458 41
1698171853042 0.00019655244250316173 42
1698171854283 0.00021192763233557343 43
1698171855489 0.0001700125721981749 44
1698171856275 0.00018893669766839594 45
1698171857167 0.00020013668108731508 46
1698171857906 0.0001971216988749802 47
1698171858703 0.00020276957366149873 48
1698171859542 0.00017458974616602063 49
