1698182811153 0.05252319946885109 0
1698182811260 0.0016802969621494412 1
1698182811365 0.001200170605443418 2
1698182811484 0.0009744251728989184 3
1698182811616 0.0011322267819195986 4
1698182811734 0.0008093413198366761 5
1698182811889 0.0009331994806416333 6
1698182812036 0.0009496567654423416 7
1698182812162 0.0008665553177706897 8
1698182812289 0.0008694782154634595 9
1698182812420 0.0008560506394132972 10
1698182812545 0.0009593082359060645 11
1698182812672 0.0007133897161111236 12
1698182812803 0.0007376650464721024 13
1698182813041 0.0006659140926785767 14
1698182813185 0.0008191554807126522 15
1698182813315 0.0007149055600166321 16
1698182813450 0.0005827643908560276 17
1698182813623 0.0007978983339853585 18
1698182813771 0.0007254398660734296 19
1698182813903 0.0007286704494617879 20
1698182814029 0.0006803516298532486 21
1698182814148 0.0007762113236822188 22
1698182814258 0.0007109190337359905 23
1698182814388 0.0006565648363903165 24
1698182814517 0.0006209894781932235 25
1698182814647 0.0006563625647686422 26
1698182814757 0.0006704097613692284 27
1698182814867 0.0006573907448910177 28
1698182814983 0.000681916659232229 29
1698182815103 0.0007551525486633182 30
1698182815232 0.0005704109207727015 31
1698182815354 0.0006575213046744466 32
1698182815468 0.0005756467580795288 33
1698182815588 0.0005486584268510342 34
1698182815699 0.000625399115961045 35
1698182815818 0.0006477483548223972 36
1698182815926 0.0008141589350998402 37
1698182816057 0.0006613828591071069 38
1698182816184 0.00061246776022017 39
1698182816294 0.0005885173450224102 40
1698182816416 0.0005700118490494788 41
1698182816541 0.000632815295830369 42
1698182816649 0.0007076131878420711 43
1698182816758 0.0006199780618771911 44
1698182816870 0.0005308606778271496 45
1698182816990 0.0006875668768770993 46
1698182817119 0.0006631484720855951 47
1698182817230 0.0005773326847702265 48
1698182817348 0.000683896301779896 49
