1698185977819 47.959529876708984 0
1698185977966 20.991159439086914 1
1698185978066 18.67475700378418 2
1698185978162 17.26497459411621 3
1698185978256 16.079179763793945 4
1698185978350 15.522542953491211 5
1698185978454 15.073185920715332 6
1698185978551 13.600040435791016 7
1698185978680 13.944013595581055 8
1698185978820 13.687454223632812 9
1698185978964 13.478909492492676 10
1698185979084 13.574050903320312 11
1698185979187 13.760125160217285 12
1698185979315 12.835830688476562 13
1698185979414 13.118815422058105 14
1698185979516 12.846689224243164 15
1698185979617 13.185349464416504 16
1698185979721 13.33791732788086 17
1698185979828 12.490188598632812 18
1698185979937 12.552249908447266 19
1698185980050 12.494887351989746 20
1698185980169 12.255278587341309 21
1698185980275 12.615742683410645 22
1698185980377 12.405973434448242 23
1698185980474 12.669219017028809 24
1698185980569 11.962133407592773 25
1698185980666 12.90127944946289 26
1698185980760 12.337950706481934 27
1698185980859 12.36400032043457 28
1698185980971 12.567818641662598 29
1698185981167 12.122337341308594 30
1698185981268 12.133352279663086 31
1698185981362 11.853601455688477 32
1698185981458 12.22329044342041 33
1698185981554 11.945053100585938 34
1698185981650 12.615150451660156 35
1698185981752 11.934511184692383 36
1698185981853 11.782814979553223 37
1698185981949 12.314754486083984 38
1698185982045 11.71640682220459 39
1698185982145 12.067294120788574 40
1698185982244 12.363816261291504 41
1698185982343 11.71027946472168 42
1698185982468 12.391271591186523 43
1698185982565 12.353948593139648 44
1698185982660 11.917434692382812 45
1698185982762 12.081229209899902 46
1698185982864 12.226279258728027 47
1698185982961 11.55241584777832 48
1698185983060 11.54244613647461 49
