1698169552889 0.0014571147039532661 0
1698169553062 0.00033056590473279357 1
1698169553243 0.00023950813920237124 2
1698169553437 0.00019154812616761774 3
1698169553600 0.00017042674880940467 4
1698169553784 0.0001439420011593029 5
1698169553946 0.00013013086572755128 6
1698169554138 0.0001257143885595724 7
1698169554359 0.00012025847536278889 8
1698169554588 0.00010781997843878344 9
1698169554835 0.000111994260805659 10
1698169555063 0.00010461012425366789 11
1698169555280 0.00010535818728385493 12
1698169555499 0.00010055008897325024 13
1698169555778 0.00010050999117083848 14
1698169556066 9.838343976298347e-05 15
1698169556293 9.612311259843409e-05 16
1698169556507 9.617507021175697e-05 17
1698169556725 8.982620784081519e-05 18
1698169557015 9.373887587571517e-05 19
1698169557224 8.951522613642737e-05 20
1698169557452 8.734181756153703e-05 21
1698169557680 8.958414400694892e-05 22
1698169557916 8.725999941816553e-05 23
1698169558122 8.826454723021016e-05 24
1698169558360 8.759520278545097e-05 25
1698169558577 8.695289579918608e-05 26
1698169558795 8.336692553712055e-05 27
1698169559078 8.39125641505234e-05 28
1698169559357 8.622024324722588e-05 29
1698169559652 8.099208935163915e-05 30
1698169560021 8.46111070131883e-05 31
1698169560464 7.699510751990601e-05 32
1698169560681 8.171448280336335e-05 33
1698169560897 8.574160892749205e-05 34
1698169561119 7.921836368041113e-05 35
1698169561328 8.116188837448135e-05 36
1698169561545 8.059100218815729e-05 37
1698169561764 8.17178952274844e-05 38
1698169561983 8.06699026725255e-05 39
1698169562211 8.121396240312606e-05 40
1698169562426 8.144055755110458e-05 41
1698169562642 7.971659215399995e-05 42
1698169562959 8.200872252928093e-05 43
1698169563202 8.132326911436394e-05 44
1698169563422 7.908200495876372e-05 45
1698169563626 8.243339834734797e-05 46
1698169563834 7.508201815653592e-05 47
1698169564064 8.014060585992411e-05 48
1698169564289 7.892874418757856e-05 49
1698169564512 7.964698306750506e-05 50
1698169564732 7.783190085319802e-05 51
1698169564953 7.908249244792387e-05 52
1698169565163 7.83576542744413e-05 53
1698169565421 7.76905581005849e-05 54
1698169565679 7.973074389155954e-05 55
1698169565896 7.676555105717853e-05 56
1698169566119 7.860114419599995e-05 57
1698169566340 8.063711720751598e-05 58
1698169566538 7.73762512835674e-05 59
1698169566814 7.463980000466108e-05 60
1698169567132 7.630278560100123e-05 61
1698169567350 7.960997027112171e-05 62
1698169567565 7.968902355059981e-05 63
1698169567850 7.91525817476213e-05 64
1698169568089 7.818866288289428e-05 65
1698169568350 7.439393812092021e-05 66
1698169568629 7.674889639019966e-05 67
1698169568838 7.572033791802824e-05 68
1698169569072 7.748222560621798e-05 69
1698169569307 7.587340951431543e-05 70
1698169569521 8.237206202466041e-05 71
1698169569756 7.650558109162375e-05 72
1698169569970 7.587726577185094e-05 73
1698169570184 7.44587741792202e-05 74
1698169570443 7.092646410455927e-05 75
1698169570676 7.438813918270171e-05 76
1698169570987 7.408697274513543e-05 77
1698169571267 7.48856837162748e-05 78
1698169571481 7.390108658000827e-05 79
1698169571694 7.468301919288933e-05 80
1698169571922 7.99493573140353e-05 81
1698169572146 7.39204915589653e-05 82
1698169572356 7.681750867050141e-05 83
1698169572573 7.471591379726306e-05 84
1698169572777 7.718538108747452e-05 85
1698169573002 7.508611452067271e-05 86
1698169573253 7.693473162362352e-05 87
1698169573449 7.374605775112286e-05 88
1698169573687 7.49619648559019e-05 89
1698169573898 7.56013032514602e-05 90
1698169574089 7.690629718126729e-05 91
1698169574344 7.790642121108249e-05 92
1698169574552 7.50913459341973e-05 93
1698169575031 7.54833163227886e-05 94
1698169575343 7.272310904227197e-05 95
1698169575614 7.482169166905805e-05 96
1698169575848 7.0975162088871e-05 97
1698169576038 7.228117465274408e-05 98
1698169576294 7.528567221015692e-05 99
