1698154773745 0.037239544093608856 0
1698154774416 0.015075222589075565 1
1698154775189 0.011302081868052483 2
1698154775943 0.009510495699942112 3
1698154776714 0.008333885110914707 4
1698154777433 0.007847701199352741 5
1698154778216 0.0072304499335587025 6
1698154778980 0.006634457968175411 7
1698154779752 0.006384154316037893 8
1698154780619 0.006018675398081541 9
1698154781384 0.00598202645778656 10
1698154781996 0.005743532907217741 11
1698154782565 0.005560964811593294 12
1698154783146 0.005260849837213755 13
1698154783740 0.005163949448615313 14
1698154784328 0.004994250368326902 15
1698154784895 0.0052431202493608 16
1698154785471 0.004861142951995134 17
1698154786034 0.004756621550768614 18
1698154786602 0.0047188918106257915 19
1698154787186 0.004888638388365507 20
