1698154773745 72930.8984375 0
1698154774416 76399.109375 1
1698154775189 66115.546875 2
1698154775943 70270.578125 3
1698154776714 62666.12890625 4
1698154777433 48259.3828125 5
1698154778216 53169.80859375 6
1698154778980 51410.10546875 7
1698154779752 62619.28125 8
1698154780619 53375.765625 9
1698154781384 53522.84375 10
1698154781996 68894.046875 11
1698154782565 55173.53125 12
1698154783146 56871.9921875 13
1698154783740 50861.90625 14
1698154784328 39432.65625 15
1698154784895 62080.4921875 16
1698154785471 53565.5 17
1698154786034 55764.2734375 18
1698154786602 45537.2890625 19
1698154787186 60663.046875 20
