1698177630949 0.2595406472682953 0
1698177632511 0.06353223323822021 1
1698177633992 0.024266555905342102 2
1698177635572 0.01926356554031372 3
1698177637262 0.01652388460934162 4
1698177638855 0.015983033925294876 5
1698177640354 0.01709911599755287 6
1698177641834 0.01631651073694229 7
1698177643458 0.015594021417200565 8
1698177644986 0.01642574369907379 9
1698177646558 0.015008948743343353 10
1698177648158 0.016122225672006607 11
1698177649724 0.016473863273859024 12
1698177651203 0.015343930572271347 13
1698177652626 0.015635501593351364 14
1698177654095 0.013340643607079983 15
1698177655572 0.01455337181687355 16
1698177657135 0.013257097452878952 17
1698177658787 0.014371637254953384 18
1698177660318 0.01502331905066967 19
1698177661967 0.013563999906182289 20
1698177663574 0.014646216295659542 21
1698177665327 0.013578582555055618 22
1698177666869 0.013113721273839474 23
1698177668502 0.012946260161697865 24
1698177670370 0.012558658607304096 25
1698177671882 0.012929372489452362 26
1698177673492 0.012432651594281197 27
1698177675146 0.012504199519753456 28
1698177676696 0.012493615970015526 29
1698177678284 0.012835049070417881 30
1698177680197 0.012355353683233261 31
