1698188431589 12251.087890625 0
1698188431739 543.6136474609375 1
1698188431865 408.71453857421875 2
1698188431983 434.0521240234375 3
1698188432109 391.6335754394531 4
1698188432240 354.99365234375 5
1698188432368 379.21722412109375 6
1698188432492 386.52801513671875 7
1698188432604 299.0716552734375 8
1698188432738 346.92462158203125 9
1698188432864 313.3294372558594 10
1698188432975 375.3034973144531 11
1698188433110 342.5043029785156 12
1698188433239 335.09063720703125 13
1698188433368 335.0616455078125 14
1698188433493 354.496826171875 15
1698188433601 397.0775451660156 16
1698188433717 378.1377868652344 17
1698188433833 299.3799743652344 18
1698188433951 343.7203674316406 19
1698188434075 346.2696533203125 20
1698188434194 310.50421142578125 21
1698188434304 352.4371337890625 22
1698188434420 289.4173583984375 23
1698188434537 308.20135498046875 24
1698188434654 333.7190856933594 25
1698188434774 322.8904113769531 26
1698188434910 327.30426025390625 27
1698188435029 264.87384033203125 28
1698188435151 304.0978088378906 29
1698188435890 286.3804931640625 30
1698188436021 362.34161376953125 31
1698188436140 332.1405334472656 32
1698188436284 293.7147521972656 33
1698188436413 289.5025939941406 34
1698188436544 402.3009033203125 35
1698188436673 341.1947326660156 36
1698188436802 331.6416320800781 37
1698188436931 308.4353942871094 38
1698188437049 301.9603271484375 39
1698188437177 317.29638671875 40
1698188437307 331.02862548828125 41
1698188437436 302.2955322265625 42
1698188437566 351.26544189453125 43
1698188437710 329.59661865234375 44
1698188437837 319.21636962890625 45
1698188437990 353.1955871582031 46
1698188438118 327.6109924316406 47
1698188438244 276.85711669921875 48
1698188438387 326.300537109375 49
