1698160782914 0.19250425696372986 0
1698160784005 0.083187535405159 1
1698160785061 0.05301943048834801 2
1698160786251 0.04077911376953125 3
1698160787321 0.03124168887734413 4
1698160788546 0.025365009903907776 5
1698160790382 0.021273693069815636 6
1698160791595 0.01810840331017971 7
1698160792799 0.016207998618483543 8
1698160794139 0.01507139764726162 9
1698160795324 0.014282023534178734 10
1698160796601 0.014154681004583836 11
1698160797655 0.013908155262470245 12
1698160798809 0.014297056943178177 13
1698160800029 0.013542632572352886 14
1698160801221 0.014080474153161049 15
1698160802320 0.014252970926463604 16
