1698160782914 63.27506637573242 0
1698160784005 36.24660873413086 1
1698160785061 27.158519744873047 2
1698160786251 23.587127685546875 3
1698160787321 19.626895904541016 4
1698160788546 18.27223777770996 5
1698160790382 16.58188247680664 6
1698160791595 15.686355590820312 7
1698160792799 15.775148391723633 8
1698160794139 15.174805641174316 9
1698160795324 14.098928451538086 10
1698160796601 13.490364074707031 11
1698160797655 13.195337295532227 12
1698160798809 13.539787292480469 13
1698160800029 12.692336082458496 14
1698160801221 13.770915031433105 15
1698160802320 13.294950485229492 16
