1698184773232 323.57470703125 0
1698184773744 165.49925231933594 1
1698184774299 137.4468231201172 2
1698184774816 139.2842559814453 3
1698184775367 117.54702758789062 4
1698184775894 109.10264587402344 5
1698184776432 95.89191436767578 6
1698184776950 81.76068878173828 7
1698184777490 82.37041473388672 8
1698184778007 88.44943237304688 9
1698184778534 58.218544006347656 10
1698184779044 76.10684967041016 11
1698184779584 63.091583251953125 12
1698184780216 73.3824234008789 13
1698184780771 67.32466888427734 14
1698184781361 69.92069244384766 15
1698184781947 65.02159881591797 16
1698184782531 62.585697174072266 17
1698184783129 57.58870315551758 18
