1698182207813 21.454559326171875 0
1698182207977 6.911052703857422 1
1698182208128 6.447620391845703 2
1698182208287 6.1640424728393555 3
1698182208463 6.249556541442871 4
1698182208630 6.192920207977295 5
1698182208789 5.92755126953125 6
1698182208959 6.004631042480469 7
1698182209120 6.043323516845703 8
1698182209261 5.487460136413574 9
1698182209400 5.591466903686523 10
1698182209542 5.642236709594727 11
1698182209685 5.3548808097839355 12
1698182209829 5.5818986892700195 13
1698182209969 5.894276142120361 14
1698182210124 5.258359432220459 15
1698182210268 5.7418084144592285 16
1698182210411 5.5285258293151855 17
1698182210553 5.278702735900879 18
1698182210685 5.418529987335205 19
1698182210827 5.098754405975342 20
1698182210967 5.445281505584717 21
1698182211143 5.22592306137085 22
1698182211298 5.194591045379639 23
1698182211473 5.498379707336426 24
1698182211618 5.345787048339844 25
1698182211764 5.334742069244385 26
1698182211918 5.505507946014404 27
1698182212068 5.391260623931885 28
1698182212210 5.565048694610596 29
1698182212369 5.094007968902588 30
1698182212513 5.095134258270264 31
1698182212665 5.4795379638671875 32
1698182212809 5.125972747802734 33
1698182212965 5.55300760269165 34
1698182213120 5.307616710662842 35
1698182213265 5.171800136566162 36
1698182213407 5.32321310043335 37
1698182213549 5.939059257507324 38
1698182213693 5.267338752746582 39
1698182213840 5.119452953338623 40
1698182213981 5.097255706787109 41
1698182214139 5.018186092376709 42
1698182214284 5.117679595947266 43
1698182214428 5.880419731140137 44
1698182214569 5.834640026092529 45
1698182214712 4.954267501831055 46
1698182214856 5.0235748291015625 47
1698182214990 5.327922821044922 48
1698182215151 5.238833427429199 49
