1698182237750 0.056126754730939865 0
1698182237934 0.008421539328992367 1
1698182238127 0.007308710366487503 2
1698182238295 0.0069933985359966755 3
1698182238501 0.006428430788218975 4
1698182238672 0.006244961638003588 5
1698182238846 0.007512527517974377 6
1698182239037 0.006634065881371498 7
1698182239228 0.006327234674245119 8
1698182239415 0.007299690041691065 9
1698182239581 0.007216164842247963 10
1698182239744 0.00626722676679492 11
1698182239912 0.005958251189440489 12
1698182240182 0.006429730448871851 13
1698182240348 0.005985837895423174 14
1698182240513 0.006045117508620024 15
1698182240676 0.0055886502377688885 16
1698182240839 0.005676980130374432 17
1698182241006 0.006095191463828087 18
1698182241161 0.005760226398706436 19
1698182241323 0.005459576845169067 20
1698182241498 0.005986304022371769 21
1698182241656 0.005621591582894325 22
1698182241812 0.005724712740629911 23
1698182241970 0.006436592433601618 24
1698182242130 0.005703302100300789 25
1698182242290 0.005694482941180468 26
1698182242468 0.005795967299491167 27
1698182242627 0.005237530916929245 28
1698182242787 0.005558917764574289 29
1698182242963 0.005604500416666269 30
1698182243120 0.005282585509121418 31
1698182243277 0.005587227176874876 32
1698182243451 0.0054735527373850346 33
1698182243617 0.006027996074408293 34
1698182243775 0.0056680068373680115 35
1698182243931 0.005444084294140339 36
1698182244094 0.005975470878183842 37
1698182244250 0.005532033741474152 38
1698182244419 0.005684930365532637 39
1698182244588 0.005466703325510025 40
1698182244761 0.00556770758703351 41
1698182244931 0.005833348724991083 42
1698182245110 0.005672238767147064 43
1698182245284 0.00571418134495616 44
1698182245472 0.005602136719971895 45
1698182245636 0.005859313067048788 46
1698182245794 0.005481644533574581 47
1698182245957 0.005378799978643656 48
1698182246121 0.005370744504034519 49
