1698182237750 16.529006958007812 0
1698182237934 6.781285762786865 1
1698182238127 6.289330005645752 2
1698182238295 6.123655319213867 3
1698182238501 5.74088191986084 4
1698182238672 5.799907207489014 5
1698182238846 6.473299026489258 6
1698182239037 5.677745342254639 7
1698182239228 5.791958808898926 8
1698182239415 6.246335029602051 9
1698182239581 6.271745681762695 10
1698182239744 5.659311771392822 11
1698182239912 5.6483354568481445 12
1698182240182 5.70919942855835 13
1698182240348 5.813593864440918 14
1698182240513 5.408481597900391 15
1698182240676 5.399613857269287 16
1698182240839 5.344810962677002 17
1698182241006 5.656786918640137 18
1698182241161 5.595868110656738 19
1698182241323 5.25310754776001 20
1698182241498 5.413874626159668 21
1698182241656 5.372997760772705 22
1698182241812 5.456915378570557 23
1698182241970 5.5540313720703125 24
1698182242130 5.530392646789551 25
1698182242290 5.41004753112793 26
1698182242468 5.3423357009887695 27
1698182242627 5.129513740539551 28
1698182242787 5.324880599975586 29
1698182242963 5.26141881942749 30
1698182243120 5.1237263679504395 31
1698182243277 5.191112518310547 32
1698182243451 5.235052585601807 33
1698182243617 5.44812536239624 34
1698182243775 5.222693920135498 35
1698182243931 5.355509281158447 36
1698182244094 5.809959888458252 37
1698182244250 5.456650733947754 38
1698182244419 5.329176425933838 39
1698182244588 5.465944290161133 40
1698182244761 5.185647010803223 41
1698182244931 5.280734062194824 42
1698182245110 5.181400775909424 43
1698182245284 5.37374210357666 44
1698182245472 5.138238906860352 45
1698182245636 5.476905822753906 46
1698182245794 5.150607585906982 47
1698182245957 5.292962551116943 48
1698182246121 5.353458881378174 49
