1698159963339 0.04763338342308998 0
1698159964360 0.01794193685054779 1
1698159965441 0.012318267486989498 2
1698159966488 0.010015035048127174 3
1698159967538 0.008228130638599396 4
1698159968632 0.008001361042261124 5
1698159970019 0.0067201112397015095 6
1698159971320 0.0063800816424191 7
1698159972539 0.005721585359424353 8
1698159973709 0.005373701453208923 9
1698159975195 0.005070243030786514 10
1698159976715 0.004686110187321901 11
1698159977911 0.004375836346298456 12
1698159979320 0.004179041367024183 13
1698159980557 0.004033525940030813 14
