1698180628405 34.37187957763672 0
1698180628511 10.002594947814941 1
1698180628642 8.509479522705078 2
1698180628762 8.103108406066895 3
1698180628882 7.8457231521606445 4
1698180628996 7.417344093322754 5
1698180629123 7.609407424926758 6
1698180629253 7.332096099853516 7
1698180629367 7.296453475952148 8
1698180629483 7.317131519317627 9
1698180629601 7.407269477844238 10
1698180629712 7.072558879852295 11
1698180629829 6.685178279876709 12
1698180629950 6.76727819442749 13
1698180630074 6.304365634918213 14
1698180630200 6.440925598144531 15
1698180630308 6.659974098205566 16
1698180630432 6.2872772216796875 17
1698180630541 6.686507701873779 18
1698180630659 6.356378078460693 19
1698180630771 6.525308132171631 20
1698180630891 6.90749979019165 21
1698180630997 6.98060941696167 22
1698180631138 6.226962566375732 23
1698180631261 6.431945323944092 24
1698180631383 6.06923770904541 25
1698180631495 6.073482036590576 26
1698180631606 6.277187347412109 27
1698180631728 6.935787200927734 28
1698180631846 5.966513633728027 29
1698180631966 6.106422424316406 30
1698180632108 5.977989196777344 31
1698180632230 6.845603942871094 32
1698180632352 6.025631427764893 33
1698180632478 5.929366111755371 34
1698180632595 6.140544414520264 35
1698180632728 5.959692001342773 36
1698180632856 5.96257209777832 37
1698180632978 5.622523784637451 38
1698180633127 5.726363658905029 39
1698180633254 6.2085652351379395 40
1698180633369 5.740236282348633 41
1698180633520 6.0287861824035645 42
1698180633668 5.471982955932617 43
1698180633797 6.41066837310791 44
1698180633928 6.1274919509887695 45
1698180634092 5.825415134429932 46
1698180634246 5.71592903137207 47
1698180634376 6.069990158081055 48
1698180634525 5.835072040557861 49
