1698186021736 20.165321350097656 0
1698186021886 9.05906867980957 1
1698186022069 7.998044967651367 2
1698186022267 8.487584114074707 3
1698186022463 7.7490363121032715 4
1698186022631 7.567765235900879 5
1698186022795 7.514347076416016 6
1698186022971 7.453648090362549 7
1698186023137 7.529407024383545 8
1698186023319 7.449794292449951 9
1698186023500 8.35705280303955 10
1698186023683 7.211057186126709 11
1698186023909 7.844204902648926 12
1698186024133 7.55675745010376 13
1698186024312 7.221736907958984 14
1698186024508 6.74448823928833 15
1698186024676 6.670689105987549 16
1698186024873 6.97829532623291 17
1698186025087 6.693145275115967 18
1698186025285 6.414763450622559 19
1698186025489 6.742124080657959 20
1698186025678 6.693964958190918 21
1698186025859 7.232966423034668 22
1698186026050 6.647243499755859 23
1698186026295 7.54353141784668 24
1698186026512 6.517855167388916 25
1698186026690 6.919716835021973 26
1698186026858 7.155036926269531 27
1698186027040 6.393827438354492 28
1698186027202 7.366692066192627 29
1698186027374 6.813222408294678 30
1698186027581 7.176227569580078 31
1698186027758 7.1522603034973145 32
1698186027929 6.679612159729004 33
1698186028099 6.3864641189575195 34
1698186028270 6.292343616485596 35
1698186028459 6.228536605834961 36
1698186028637 7.380392074584961 37
1698186028809 7.171783924102783 38
1698186028979 6.81842565536499 39
1698186029151 6.695888042449951 40
1698186029347 6.346053600311279 41
1698186029521 6.896515846252441 42
1698186029694 6.985942840576172 43
1698186029860 6.903462886810303 44
1698186030035 7.251102447509766 45
1698186030209 6.422857761383057 46
1698186030382 6.240211009979248 47
1698186030576 6.098094463348389 48
1698186030751 6.291073322296143 49
