1698188182971 23442.587890625 0
1698188183146 1684.879638671875 1
1698188183345 1430.81982421875 2
1698188183603 1361.3277587890625 3
1698188183840 1501.6192626953125 4
1698188184085 1114.2032470703125 5
1698188184270 1131.6256103515625 6
1698188184466 950.7041625976562 7
1698188184676 1152.076904296875 8
1698188184868 1041.0438232421875 9
1698188185087 913.3578491210938 10
1698188185329 867.4033203125 11
1698188185525 925.1570434570312 12
1698188185725 918.71875 13
1698188185934 842.8768920898438 14
1698188186131 793.8751220703125 15
1698188186377 867.751953125 16
1698188186611 831.7221069335938 17
1698188186821 800.5987548828125 18
1698188187008 831.8284912109375 19
1698188187188 736.5663452148438 20
1698188187376 868.4141235351562 21
1698188187575 809.5889892578125 22
1698188187772 809.6561889648438 23
1698188187950 739.50341796875 24
1698188188135 653.034423828125 25
1698188188323 842.211181640625 26
1698188188501 857.9810180664062 27
1698188188706 651.5668334960938 28
1698188188894 693.2861938476562 29
1698188189088 707.2255859375 30
1698188189266 724.4708862304688 31
1698188189454 682.5767822265625 32
1698188189658 689.0750732421875 33
1698188189852 639.28173828125 34
1698188190039 657.9290161132812 35
1698188190232 683.5487060546875 36
1698188190432 644.6807250976562 37
1698188190618 716.3936157226562 38
1698188190810 755.2098388671875 39
1698188190997 620.1007080078125 40
1698188191178 720.3656005859375 41
1698188191364 670.12451171875 42
1698188191553 618.136962890625 43
1698188191762 624.6665649414062 44
1698188191943 694.6682739257812 45
1698188192125 682.456787109375 46
1698188192313 747.1466064453125 47
1698188192508 714.0845336914062 48
1698188192711 640.9149169921875 49
