1698172896750 34.525115966796875 0
1698172896962 16.2198429107666 1
1698172897259 14.548892974853516 2
1698172897479 13.53770637512207 3
1698172897711 12.23129653930664 4
1698172897996 12.177081108093262 5
1698172898330 11.622196197509766 6
1698172898596 11.97177505493164 7
1698172898834 11.13902473449707 8
1698172899154 10.501421928405762 9
1698172899388 11.052098274230957 10
1698172899617 10.759435653686523 11
1698172899838 10.645395278930664 12
1698172900059 10.623360633850098 13
1698172900280 9.717779159545898 14
1698172900494 10.530409812927246 15
1698172900695 10.022430419921875 16
1698172900894 10.277692794799805 17
1698172901086 9.828907012939453 18
1698172901329 9.311314582824707 19
1698172901529 9.312345504760742 20
1698172901733 9.70428466796875 21
1698172901943 9.558921813964844 22
1698172902175 9.013118743896484 23
1698172902376 9.370521545410156 24
1698172902577 9.363780975341797 25
1698172902776 9.086795806884766 26
1698172902974 9.203636169433594 27
1698172903170 8.715081214904785 28
1698172903391 9.061698913574219 29
1698172903608 8.848605155944824 30
1698172903799 9.237690925598145 31
1698172904024 8.748842239379883 32
1698172904230 8.534126281738281 33
1698172904477 8.51048469543457 34
1698172904681 8.83263111114502 35
1698172904902 8.171452522277832 36
1698172905122 8.355385780334473 37
1698172905331 8.900256156921387 38
1698172905568 8.806340217590332 39
1698172905788 8.339875221252441 40
1698172905989 8.114970207214355 41
1698172906207 8.365899085998535 42
1698172906516 8.109471321105957 43
1698172906730 8.337157249450684 44
1698172906960 8.48397445678711 45
1698172907267 7.982041835784912 46
1698172907600 7.677281856536865 47
1698172907827 7.9975738525390625 48
1698172908058 8.04140853881836 49
