1698181958727 0.19398938119411469 0
1698181958853 0.04494806379079819 1
1698181958967 0.03329073637723923 2
1698181959092 0.028103113174438477 3
1698181959236 0.028522957116365433 4
1698181959371 0.024807419627904892 5
1698181959495 0.02642633020877838 6
1698181959619 0.02413308434188366 7
1698181959736 0.023739803582429886 8
1698181959860 0.021878855302929878 9
1698181959982 0.019205715507268906 10
1698181960106 0.02300885319709778 11
1698181960218 0.0201184693723917 12
1698181960341 0.02025357261300087 13
1698181960471 0.019453812390565872 14
1698181960595 0.020958460867404938 15
1698181960727 0.019064730033278465 16
1698181960861 0.018699318170547485 17
1698181960981 0.017246408388018608 18
1698181961108 0.01789095439016819 19
1698181961225 0.01775708608329296 20
1698181961349 0.017631597816944122 21
1698181961473 0.021056627854704857 22
1698181961588 0.01568283885717392 23
1698181961715 0.018019936978816986 24
1698181961850 0.017803074792027473 25
1698181961975 0.016679560765624046 26
1698181962101 0.016487836837768555 27
1698181962228 0.01588336192071438 28
1698181962350 0.019208773970603943 29
1698181962473 0.01466179545968771 30
1698181962599 0.016345785930752754 31
1698181962729 0.01574251614511013 32
1698181962866 0.016067568212747574 33
1698181962982 0.01520944107323885 34
1698181963110 0.015201324597001076 35
1698181963237 0.01620798371732235 36
1698181963360 0.015524039976298809 37
1698181963510 0.01435563899576664 38
1698181963640 0.014713133685290813 39
1698181963769 0.014942917972803116 40
1698181963895 0.013596371747553349 41
1698181964022 0.01523024681955576 42
1698181964167 0.015003175474703312 43
1698181964294 0.014591335318982601 44
1698181964426 0.014506859704852104 45
1698181964557 0.01368016842752695 46
1698181964684 0.013107730075716972 47
1698181964811 0.011797485873103142 48
1698181964936 0.012621625326573849 49
