1698149752028 0.21203185617923737 0
1698149753021 0.11451124399900436 1
1698149754006 0.07456782460212708 2
1698149754988 0.048212930560112 3
1698149755968 0.03746289387345314 4
1698149757025 0.02854095958173275 5
1698149757984 0.021205352619290352 6
1698149759078 0.01657271571457386 7
1698149760145 0.014332495629787445 8
1698149761154 0.011061289347708225 9
1698149762234 0.01054647658020258 10
1698149763197 0.00957462191581726 11
1698149764192 0.009143014438450336 12
1698149765234 0.009018643759191036 13
1698149766373 0.008389148861169815 14
1698149767482 0.008348273113369942 15
1698149768475 0.008122947067022324 16
1698149769487 0.008756820112466812 17
1698149770555 0.008143026381731033 18
1698149771613 0.0076328786090016365 19
1698149772770 0.007543233223259449 20
1698149773762 0.00793255865573883 21
1698149774760 0.007718972396105528 22
1698149775755 0.007872545160353184 23
1698149776724 0.008023321628570557 24
1698149777828 0.007605827879160643 25
1698149778805 0.00744097214192152 26
1698149779924 0.007519141770899296 27
1698149780997 0.007471384480595589 28
1698149782025 0.007396931294351816 29
1698149783123 0.0074112252332270145 30
1698149784113 0.007513220421969891 31
