1698166850025 34.571842193603516 0
1698166850789 23.122806549072266 1
1698166851568 21.210969924926758 2
1698166852320 21.795419692993164 3
1698166853040 20.111696243286133 4
1698166853840 20.238414764404297 5
1698166854915 20.28838348388672 6
1698166855859 19.33066749572754 7
1698166856586 19.28398895263672 8
1698166857311 18.687511444091797 9
1698166858082 19.14275550842285 10
1698166858848 18.892065048217773 11
1698166859566 19.22589111328125 12
1698166860415 18.896230697631836 13
1698166861165 18.39232063293457 14
1698166861894 18.23748207092285 15
1698166862581 18.740528106689453 16
1698166863409 18.454240798950195 17
1698166864144 18.428186416625977 18
1698166865041 17.97623062133789 19
1698166865988 18.762434005737305 20
1698166866812 18.34486198425293 21
1698166867511 18.003910064697266 22
1698166868215 18.394746780395508 23
1698166868947 18.874126434326172 24
1698166869742 18.40599250793457 25
1698166870625 17.63368797302246 26
1698166871329 18.238121032714844 27
1698166872061 17.635515213012695 28
1698166872774 18.295738220214844 29
1698166873464 17.8522891998291 30
1698166874274 17.640840530395508 31
1698166875386 18.04711151123047 32
1698166876338 18.60016441345215 33
1698166877222 17.87172508239746 34
1698166878097 17.700668334960938 35
1698166878889 17.34404754638672 36
1698166879652 17.302886962890625 37
1698166880361 17.458541870117188 38
1698166881151 17.37298011779785 39
1698166881932 17.612619400024414 40
1698166882663 17.082969665527344 41
1698166883353 18.121135711669922 42
1698166884031 17.027206420898438 43
1698166884921 18.5137996673584 44
1698166885607 17.047822952270508 45
1698166886326 17.636436462402344 46
1698166887367 17.15195655822754 47
1698166888249 16.680152893066406 48
1698166888941 17.298595428466797 49
