1698183323047 25.86934471130371 0
1698183323389 13.209755897521973 1
1698183323705 13.243821144104004 2
1698183324016 11.016956329345703 3
1698183324345 10.81397819519043 4
1698183324663 9.404245376586914 5
1698183324977 9.350593566894531 6
1698183325299 8.955988883972168 7
1698183325621 9.214868545532227 8
1698183325938 10.26065444946289 9
1698183326289 9.674885749816895 10
1698183326606 8.357865333557129 11
1698183326922 8.305351257324219 12
1698183327238 8.257373809814453 13
1698183327562 8.572880744934082 14
1698183327875 10.132821083068848 15
1698183328189 8.404279708862305 16
1698183328532 8.832268714904785 17
1698183328853 8.273547172546387 18
1698183329174 9.817091941833496 19
1698183329524 8.236743927001953 20
1698183329841 8.71856689453125 21
1698183330151 8.630453109741211 22
1698183330484 8.568840980529785 23
1698183330815 10.85566234588623 24
1698183331139 8.248772621154785 25
1698183331482 8.8265380859375 26
1698183331790 8.803135871887207 27
1698183332119 8.186890602111816 28
1698183332547 7.548160552978516 29
1698183332892 8.337174415588379 30
1698183333202 8.368428230285645 31
1698183333553 7.547329902648926 32
1698183333942 8.701777458190918 33
1698183334287 8.285758972167969 34
1698183334669 9.122567176818848 35
1698183335053 8.158893585205078 36
1698183335378 7.258388996124268 37
1698183335717 7.9150471687316895 38
1698183336031 8.206424713134766 39
1698183336367 7.756893634796143 40
1698183336689 8.496820449829102 41
1698183336992 7.382922649383545 42
1698183337312 7.8592400550842285 43
1698183337627 8.27052116394043 44
1698183337939 8.027593612670898 45
1698183338259 7.859276294708252 46
1698183338600 8.765220642089844 47
1698183338916 9.882025718688965 48
1698183339228 8.603233337402344 49
