1698180644643 0.11149926483631134 0
1698180644755 0.006644447799772024 1
1698180644874 0.0060035730712115765 2
1698180644997 0.0049227760173380375 3
1698180645118 0.004659808240830898 4
1698180645260 0.004390266723930836 5
1698180645386 0.004944218788295984 6
1698180645509 0.00466524763032794 7
1698180645633 0.00406742375344038 8
1698180645756 0.00404723547399044 9
1698180645878 0.003781189676374197 10
1698180645992 0.003755332436412573 11
1698180646114 0.0035859316121786833 12
1698180646262 0.004255162551999092 13
1698180646390 0.0036845779977738857 14
1698180646516 0.003600063733756542 15
1698180646636 0.0036394488997757435 16
1698180646774 0.0037204527761787176 17
1698180646900 0.0034615080803632736 18
1698180647023 0.0033523179590702057 19
1698180647153 0.0033565720077604055 20
1698180647289 0.0030752848833799362 21
1698180647414 0.0033459006808698177 22
1698180647539 0.0036968744825571775 23
1698180647655 0.003372912062332034 24
1698180647779 0.00325885065831244 25
1698180647903 0.002976978663355112 26
1698180648014 0.0034442965406924486 27
1698180648139 0.0031241863034665585 28
1698180648299 0.0035265490878373384 29
1698180648419 0.00305742584168911 30
1698180648540 0.003457925980910659 31
1698180648662 0.003213148098438978 32
1698180648777 0.002901183208450675 33
1698180648902 0.002919783815741539 34
1698180649022 0.0031065233051776886 35
1698180649141 0.0028297817334532738 36
1698180649288 0.003064724849537015 37
1698180649418 0.00298134027980268 38
1698180649545 0.0031529006082564592 39
1698180649665 0.0031388639472424984 40
1698180649784 0.0032157909590750933 41
1698180649903 0.0028831097297370434 42
1698180650028 0.0030830204486846924 43
1698180650151 0.002855058526620269 44
1698180650297 0.0029681881424039602 45
1698180650417 0.003083597170189023 46
1698180650538 0.0028220172971487045 47
1698180650657 0.002910198410972953 48
1698180650778 0.002849395852535963 49
