1698182163314 0.07279009371995926 0
1698182163470 0.010188198648393154 1
1698182163626 0.010424804873764515 2
1698182163773 0.008381187915802002 3
1698182163920 0.007930230349302292 4
1698182164075 0.008507521823048592 5
1698182164260 0.008207791484892368 6
1698182164421 0.008228939026594162 7
1698182164569 0.007667526137083769 8
1698182164721 0.0071347965858876705 9
1698182164879 0.008016576990485191 10
1698182165045 0.00856458768248558 11
1698182165202 0.008325411006808281 12
1698182165390 0.0071049463003873825 13
1698182165611 0.007497453596442938 14
1698182165780 0.006702703889459372 15
1698182165940 0.007159102708101273 16
1698182166105 0.008835711516439915 17
1698182166287 0.009736623615026474 18
1698182166464 0.008894377388060093 19
1698182166676 0.00818720180541277 20
1698182166837 0.007103871088474989 21
1698182166998 0.007099440321326256 22
1698182167174 0.00842207670211792 23
1698182167333 0.007030699402093887 24
1698182167490 0.007339466363191605 25
1698182167650 0.007801499217748642 26
1698182167805 0.008219649083912373 27
1698182167951 0.0077669681049883366 28
1698182168106 0.006809643469750881 29
1698182168264 0.007367423735558987 30
1698182168427 0.0071478188037872314 31
1698182168585 0.007904228754341602 32
1698182168750 0.006819366477429867 33
1698182168904 0.006631914526224136 34
1698182169058 0.007427762728184462 35
1698182169236 0.008104028180241585 36
1698182169396 0.008241919800639153 37
1698182169554 0.008697382174432278 38
1698182169701 0.006404942367225885 39
1698182169850 0.007387408521026373 40
1698182169998 0.006648850627243519 41
1698182170157 0.007298414129763842 42
1698182170339 0.006737967021763325 43
1698182170510 0.006490080617368221 44
1698182170691 0.006312326993793249 45
1698182170853 0.007311279885470867 46
1698182171011 0.0068558016791939735 47
1698182171169 0.0065074581652879715 48
1698182171325 0.006504769902676344 49
