1698182163314 20.450437545776367 0
1698182163470 7.8332366943359375 1
1698182163626 7.821260929107666 2
1698182163773 7.021233081817627 3
1698182163920 6.911016941070557 4
1698182164075 7.259182453155518 5
1698182164260 6.592255115509033 6
1698182164421 6.786929607391357 7
1698182164569 6.698190689086914 8
1698182164721 6.516591548919678 9
1698182164879 6.659234046936035 10
1698182165045 7.018891334533691 11
1698182165202 7.028121471405029 12
1698182165390 6.489223480224609 13
1698182165611 7.061140060424805 14
1698182165780 5.999642848968506 15
1698182165940 6.19710111618042 16
1698182166105 6.975302219390869 17
1698182166287 7.922691822052002 18
1698182166464 7.159897804260254 19
1698182166676 7.041589260101318 20
1698182166837 6.507755279541016 21
1698182166998 6.0972819328308105 22
1698182167174 6.8335466384887695 23
1698182167333 6.278722763061523 24
1698182167490 6.660123825073242 25
1698182167650 6.7762041091918945 26
1698182167805 6.811244964599609 27
1698182167951 6.452012062072754 28
1698182168106 6.400490760803223 29
1698182168264 6.172736644744873 30
1698182168427 6.475939750671387 31
1698182168585 7.4402995109558105 32
1698182168750 6.137722969055176 33
1698182168904 5.917606353759766 34
1698182169058 6.4666008949279785 35
1698182169236 6.462490558624268 36
1698182169396 6.754247665405273 37
1698182169554 6.954577445983887 38
1698182169701 6.047504425048828 39
1698182169850 6.286601543426514 40
1698182169998 5.920919895172119 41
1698182170157 5.918661594390869 42
1698182170339 5.918163299560547 43
1698182170510 5.737387657165527 44
1698182170691 6.139305114746094 45
1698182170853 6.239355564117432 46
1698182171011 6.044832229614258 47
1698182171169 5.931379795074463 48
1698182171325 5.894658088684082 49
