1698181059500 0.020784150809049606 0
1698181059640 0.003825840074568987 1
1698181059783 0.003791377879679203 2
1698181059923 0.0031775939278304577 3
1698181060072 0.0025595487095415592 4
1698181060228 0.0025047925300896168 5
1698181060410 0.0026051057502627373 6
1698181060552 0.002808442572131753 7
1698181060720 0.0022778420243412256 8
1698181060869 0.001976827858015895 9
1698181061030 0.002337099751457572 10
1698181061212 0.002246260177344084 11
1698181061393 0.0022677958477288485 12
1698181061544 0.0021449956111609936 13
1698181061707 0.0022580872755497694 14
1698181061866 0.002177607733756304 15
1698181062024 0.002479370916262269 16
1698181062187 0.002112960210070014 17
1698181062388 0.0023868044372648 18
1698181062540 0.0019393711118027568 19
1698181062692 0.001860777148976922 20
1698181062843 0.0022070021368563175 21
1698181063002 0.002139604650437832 22
1698181063149 0.001954709878191352 23
1698181063309 0.0018091712845489383 24
1698181063468 0.0021468878258019686 25
1698181063624 0.0018983966438099742 26
1698181063765 0.0020056457724422216 27
1698181063925 0.002096883486956358 28
1698181064085 0.0019637965597212315 29
1698181064232 0.0016670888289809227 30
1698181064411 0.001858662930317223 31
1698181064558 0.0019092634320259094 32
1698181064709 0.0019664049614220858 33
1698181064859 0.001619898248463869 34
1698181065013 0.0017807766562327743 35
1698181065167 0.0017064518760889769 36
1698181065328 0.0016015125438570976 37
1698181065482 0.0014915334759280086 38
1698181065636 0.0016996285412460566 39
1698181065790 0.002214930485934019 40
1698181065935 0.0015407158061861992 41
1698181066082 0.00160395132843405 42
1698181066245 0.001720375381410122 43
1698181066392 0.0017577953403815627 44
1698181066532 0.0016198488883674145 45
1698181066670 0.0017296946607530117 46
1698181066817 0.0017635332187637687 47
1698181066970 0.0018115504644811153 48
1698181067115 0.0018338740337640047 49
