1698183606200 7517.50244140625 0
1698183606653 37276.171875 1
1698183607026 83063.9140625 2
1698183607427 183739.453125 3
1698183607788 168290.109375 4
1698183608177 106216.8203125 5
1698183608623 61358.37109375 6
1698183609038 48004.1328125 7
1698183609471 42036.83203125 8
1698183610023 28449.7734375 9
1698183610429 34122.55078125 10
1698183610827 32044.71484375 11
1698183611194 31903.068359375 12
1698183611563 28935.2734375 13
1698183611937 22806.025390625 14
1698183612331 28620.28515625 15
1698183612703 33851.19140625 16
1698183613090 29443.29296875 17
1698183613448 23031.033203125 18
1698183613810 22835.078125 19
1698183614198 27920.46484375 20
1698183614569 24676.85546875 21
1698183615050 33716.75 22
1698183615427 23358.703125 23
1698183615801 19985.9921875 24
1698183616196 23660.14453125 25
1698183616572 27587.107421875 26
1698183616938 25111.720703125 27
1698183617328 32467.41015625 28
1698183617694 26060.6875 29
1698183618066 23209.67578125 30
1698183618448 33672.0859375 31
1698183618830 25740.138671875 32
1698183619229 27956.58984375 33
1698183619608 25793.697265625 34
1698183620020 25826.828125 35
1698183620495 22129.1328125 36
1698183620871 27708.107421875 37
1698183621268 20446.224609375 38
1698183621733 14227.0380859375 39
1698183622154 33307.92578125 40
1698183622573 24519.82421875 41
1698183623010 18857.087890625 42
1698183623408 35878.6171875 43
1698183623779 24669.310546875 44
1698183624171 23844.3984375 45
1698183624551 28729.572265625 46
1698183624920 26993.888671875 47
1698183625306 26510.876953125 48
1698183625677 30314.779296875 49
