1698160654922 0.033751484006643295 0
1698160655856 0.013656009919941425 1
1698160657050 0.010408733040094376 2
1698160658499 0.008705399930477142 3
1698160659802 0.007765250746160746 4
1698160661618 0.006916167214512825 5
1698160663468 0.0062617165967822075 6
1698160664573 0.005862918216735125 7
1698160665820 0.005621566437184811 8
1698160667174 0.005404108203947544 9
1698160668387 0.005355683621019125 10
1698160669658 0.005195776931941509 11
1698160670775 0.004952713847160339 12
1698160672018 0.0050482479855418205 13
1698160673393 0.005104169249534607 14
1698160674655 0.004857602994889021 15
1698160675925 0.0048408908769488335 16
