1698176665778 19.82735252380371 0
1698176666033 14.320069313049316 1
1698176666300 13.362260818481445 2
1698176666541 12.873857498168945 3
1698176666791 12.148463249206543 4
1698176667088 11.29902458190918 5
1698176667359 11.481367111206055 6
1698176667613 11.35623550415039 7
1698176667904 10.193595886230469 8
1698176668170 10.135967254638672 9
1698176668456 10.108293533325195 10
1698176668735 10.512385368347168 11
1698176668995 9.524524688720703 12
1698176669259 10.57669448852539 13
1698176669513 9.865662574768066 14
1698176669759 9.311790466308594 15
1698176670010 9.695767402648926 16
1698176670336 8.562432289123535 17
1698176670597 9.545522689819336 18
1698176670856 8.670524597167969 19
1698176671110 8.747312545776367 20
1698176671373 8.848395347595215 21
1698176671621 8.485929489135742 22
1698176671876 8.644062042236328 23
1698176672142 8.386662483215332 24
1698176672390 8.342348098754883 25
1698176672639 7.698516845703125 26
1698176672889 8.037089347839355 27
1698176673142 7.733272552490234 28
1698176673414 8.065269470214844 29
1698176673670 8.87503433227539 30
1698176673925 7.582512378692627 31
1698176674176 8.20948314666748 32
1698176674458 7.943637371063232 33
1698176674709 8.027854919433594 34
1698176674959 7.765264987945557 35
1698176675205 7.485678672790527 36
1698176675484 7.392932891845703 37
1698176675797 7.311365127563477 38
1698176676066 7.601670742034912 39
1698176676353 7.4678263664245605 40
1698176676606 7.71809196472168 41
1698176676864 6.992084503173828 42
1698176677176 7.56987190246582 43
1698176677496 7.200066566467285 44
1698176677792 6.802561283111572 45
1698176678122 6.902828216552734 46
1698176679246 7.004800319671631 47
1698176679537 7.6329216957092285 48
1698176679818 7.200753688812256 49
