1698174283414 0.1072617843747139 0
1698174283696 0.047167226672172546 1
1698174284620 0.04082849621772766 2
1698174284953 0.039025261998176575 3
1698174285259 0.037599559873342514 4
1698174285635 0.03162015601992607 5
1698174286009 0.030873332172632217 6
1698174286342 0.030369136482477188 7
1698174286776 0.0303016547113657 8
1698174287074 0.027576567605137825 9
1698174287366 0.02485702745616436 10
1698174287674 0.025047479197382927 11
1698174287951 0.022769497707486153 12
1698174288264 0.02304762229323387 13
1698174288555 0.023319104686379433 14
1698174288836 0.025600755587220192 15
1698174289122 0.025128232315182686 16
1698174289410 0.01960589922964573 17
1698174289696 0.018640421330928802 18
1698174290000 0.017660195007920265 19
1698174290295 0.017913252115249634 20
1698174290584 0.01801459677517414 21
1698174290885 0.016596036031842232 22
1698174291166 0.017916716635227203 23
1698174291454 0.01633906364440918 24
1698174291738 0.0180825125426054 25
1698174292038 0.01832668110728264 26
1698174292328 0.015874626114964485 27
1698174292622 0.017307378351688385 28
1698174292922 0.014975709840655327 29
1698174293236 0.018626619130373 30
1698174293541 0.01599857397377491 31
1698174293816 0.017555540427565575 32
1698174294161 0.014669744297862053 33
1698174294459 0.014498495496809483 34
1698174294767 0.014280705712735653 35
1698174295138 0.013407617807388306 36
1698174295543 0.01737573929131031 37
1698174295935 0.014622793532907963 38
1698174296392 0.015443687327206135 39
1698174296718 0.014130876399576664 40
1698174297036 0.012355774641036987 41
1698174297369 0.011405167169868946 42
1698174297820 0.012038692831993103 43
1698174298173 0.014973904937505722 44
1698174298506 0.016300806775689125 45
1698174298834 0.014452694915235043 46
1698174299161 0.01613512448966503 47
1698174299487 0.012503036297857761 48
1698174299955 0.013295113109052181 49
