1698181204378 27279.060546875 0
1698181204518 7790.59033203125 1
1698181204662 16412.890625 2
1698181204793 637.4390258789062 3
1698181204921 10016.1181640625 4
1698181205055 11949.0830078125 5
1698181205190 7603.794921875 6
1698181205323 3252.952880859375 7
1698181205470 10991.0517578125 8
1698181205639 9264.5185546875 9
1698181205792 6269.94091796875 10
1698181205930 1178.343994140625 11
1698181206088 10771.619140625 12
1698181206245 5326.66259765625 13
1698181206388 3463.3447265625 14
1698181206548 707.493896484375 15
1698181206705 5290.65283203125 16
1698181206844 6257.65625 17
1698181206975 4710.75634765625 18
1698181207121 11227.138671875 19
1698181207265 3976.254150390625 20
1698181207399 7403.40771484375 21
1698181207533 7562.8173828125 22
1698181207669 3328.93603515625 23
1698181207805 3886.22265625 24
1698181207940 11222.974609375 25
1698181208076 1197.8994140625 26
1698181208212 10808.94921875 27
1698181208349 11257.259765625 28
1698181208488 15458.52734375 29
1698181208650 12996.3935546875 30
1698181208785 8283.310546875 31
1698181208922 2173.39990234375 32
1698181209056 17896.859375 33
1698181209193 8117.82861328125 34
1698181209352 6453.89208984375 35
1698181209489 8709.935546875 36
1698181209626 6113.18798828125 37
1698181209763 12491.1708984375 38
1698181209906 9887.2236328125 39
1698181210037 1574.7646484375 40
1698181210165 4484.3046875 41
1698181210296 17946.697265625 42
1698181210429 9129.85546875 43
1698181210566 10487.7451171875 44
1698181210699 10828.9072265625 45
1698181210833 20006.201171875 46
1698181210957 7991.8828125 47
1698181211082 4822.91943359375 48
1698181211216 19167.947265625 49
