1698158078652 0.4382050335407257 0
1698158079763 0.2471219003200531 1
1698158081039 0.15719610452651978 2
1698158082153 0.11836472898721695 3
1698158083356 0.09412881731987 4
1698158084757 0.07652901858091354 5
1698158085949 0.0678560882806778 6
1698158087061 0.05768485739827156 7
1698158088240 0.05097285658121109 8
1698158089318 0.0481354258954525 9
1698158090444 0.04420613497495651 10
1698158091552 0.04182746261358261 11
1698158092972 0.039398644119501114 12
1698158094200 0.03312595933675766 13
1698158095452 0.03147800266742706 14
1698158096857 0.03157323598861694 15
1698158098327 0.03092597797513008 16
1698158099602 0.03006681613624096 17
1698158100989 0.031082050874829292 18
1698158102288 0.02840767800807953 19
1698158103787 0.028613237664103508 20
1698158105205 0.02881559170782566 21
1698158106423 0.029567338526248932 22
1698158107546 0.028832362964749336 23
1698158108604 0.029198287054896355 24
1698158109867 0.028891289606690407 25
1698158111223 0.030130568891763687 26
1698158112651 0.02791660465300083 27
1698158113806 0.027307407930493355 28
1698158115440 0.028096424415707588 29
1698158116924 0.027589866891503334 30
1698158117990 0.027619343250989914 31
1698158119074 0.027501801028847694 32
1698158120192 0.027330288663506508 33
1698158121547 0.027293771505355835 34
1698158122658 0.02682829648256302 35
1698158123818 0.027492856606841087 36
