1698169152495 41.33150100708008 0
1698169152766 21.42653465270996 1
1698169153026 18.427248001098633 2
1698169153349 17.142831802368164 3
1698169153621 15.965893745422363 4
1698169153889 15.489168167114258 5
1698169154187 15.254419326782227 6
1698169154473 15.066827774047852 7
1698169154838 14.654577255249023 8
1698169155334 14.566584587097168 9
1698169155796 14.307073593139648 10
1698169156216 14.086431503295898 11
1698169156612 14.326963424682617 12
1698169156997 13.623830795288086 13
1698169157307 13.953041076660156 14
1698169157776 13.465176582336426 15
1698169158058 13.744632720947266 16
1698169158511 13.3510160446167 17
1698169158875 13.366275787353516 18
1698169159313 13.549511909484863 19
1698169159699 12.77546501159668 20
1698169159960 13.055925369262695 21
1698169160262 12.685761451721191 22
1698169160531 12.903376579284668 23
1698169160898 13.19100570678711 24
1698169161147 13.019963264465332 25
1698169161423 12.806127548217773 26
1698169161700 12.82890510559082 27
1698169161979 12.57839584350586 28
1698169162234 12.453681945800781 29
1698169162477 12.446870803833008 30
1698169162719 12.514532089233398 31
1698169162975 12.615152359008789 32
1698169163269 12.19182300567627 33
1698169163593 12.499673843383789 34
1698169163893 12.139348030090332 35
1698169164180 12.599868774414062 36
1698169164501 12.32529067993164 37
1698169164838 12.06082820892334 38
1698169165091 12.440105438232422 39
1698169165403 12.638747215270996 40
1698169165749 12.266046524047852 41
1698169166212 11.710877418518066 42
1698169166633 11.963749885559082 43
1698169167023 11.910433769226074 44
1698169167365 12.040777206420898 45
1698169167618 12.009323120117188 46
1698169167869 11.656099319458008 47
1698169168113 12.005168914794922 48
1698169168401 11.744587898254395 49
