1698167494315 38.08012008666992 0
1698167494656 20.001018524169922 1
1698167494935 13.902715682983398 2
1698167495149 13.601546287536621 3
1698167495348 12.870585441589355 4
1698167495565 12.549745559692383 5
1698167495789 11.694124221801758 6
1698167496022 11.762855529785156 7
1698167496241 11.485367774963379 8
1698167496543 10.89526081085205 9
1698167496811 10.875845909118652 10
1698167497017 10.639107704162598 11
1698167497296 10.330090522766113 12
1698167497515 10.164945602416992 13
1698167497733 10.144227981567383 14
1698167497954 10.046323776245117 15
1698167498216 10.23229694366455 16
1698167498521 10.202049255371094 17
1698167498721 10.397417068481445 18
1698167498937 9.993501663208008 19
1698167499219 9.84801197052002 20
1698167499421 9.69320297241211 21
1698167499644 9.760977745056152 22
1698167499862 9.534174919128418 23
1698167500071 9.669255256652832 24
1698167500294 10.072981834411621 25
1698167500519 9.488186836242676 26
1698167500725 9.814857482910156 27
1698167500923 9.492975234985352 28
1698167501110 9.3106107711792 29
1698167501301 9.56305980682373 30
1698167501474 9.480644226074219 31
1698167501702 9.26443862915039 32
1698167501927 9.370820045471191 33
1698167502152 9.83413028717041 34
1698167502360 9.416730880737305 35
1698167502549 9.729698181152344 36
1698167502719 9.29991340637207 37
1698167502905 9.24051284790039 38
1698167503178 9.577646255493164 39
1698167503403 9.30532455444336 40
1698167503583 9.641098976135254 41
1698167503764 9.066741943359375 42
1698167504030 9.192105293273926 43
1698167504278 9.448263168334961 44
1698167504498 9.010700225830078 45
1698167504769 9.0052490234375 46
1698167505035 9.442951202392578 47
1698167505447 9.276313781738281 48
1698167505733 9.281981468200684 49
