1698179655620 19.576507568359375 0
1698179655925 10.7570219039917 1
1698179656278 8.410177230834961 2
1698179656562 8.36966323852539 3
1698179656883 8.011037826538086 4
1698179657218 8.133950233459473 5
1698179657508 7.327040672302246 6
1698179657827 7.77101993560791 7
1698179658123 7.199928283691406 8
1698179658406 7.527122497558594 9
1698179658668 7.389547824859619 10
1698179658930 6.9845051765441895 11
1698179659199 6.710240840911865 12
1698179659495 6.744170665740967 13
1698179659764 6.752078056335449 14
1698179660030 6.761724948883057 15
1698179660295 6.8435211181640625 16
1698179660579 7.2332658767700195 17
1698179660849 7.139793872833252 18
1698179661109 6.590925693511963 19
1698179661387 6.548489093780518 20
1698179661664 7.6318440437316895 21
1698179661932 6.4279069900512695 22
1698179662226 6.89743709564209 23
1698179662497 6.922861576080322 24
1698179662761 7.109657287597656 25
1698179663025 6.756562232971191 26
1698179663292 7.422221660614014 27
1698179663586 6.928942680358887 28
1698179663858 6.301681995391846 29
1698179664126 6.313940048217773 30
1698179664407 6.9318766593933105 31
1698179664678 6.510581016540527 32
1698179664947 6.659205436706543 33
1698179665223 6.91114616394043 34
1698179665523 6.085216522216797 35
1698179665797 5.910896301269531 36
1698179666087 6.33631706237793 37
1698179666416 6.834781169891357 38
1698179666730 6.091365337371826 39
1698179667034 5.867420196533203 40
1698179667384 5.940298080444336 41
1698179667675 6.454440116882324 42
1698179667986 5.548129558563232 43
1698179668277 5.963901996612549 44
1698179668569 6.6148762702941895 45
1698179668839 7.13145637512207 46
1698179669111 5.85545015335083 47
1698179669408 5.937677383422852 48
1698179669679 5.99746036529541 49
