1698184487349 239.65682983398438 0
1698184487519 56.36775588989258 1
1698184487686 38.21651077270508 2
1698184487859 47.18819808959961 3
1698184488031 42.30613327026367 4
1698184488218 41.38536834716797 5
1698184488376 39.6998176574707 6
1698184488545 32.76829147338867 7
1698184488714 37.76000213623047 8
1698184488882 34.463836669921875 9
1698184489043 31.29916763305664 10
1698184489224 31.309669494628906 11
1698184489414 31.51858901977539 12
1698184489576 33.93876266479492 13
1698184489736 32.16298294067383 14
1698184489907 33.96696090698242 15
1698184490066 34.69072341918945 16
1698184490270 32.69541549682617 17
1698184490436 29.166732788085938 18
1698184490606 29.077619552612305 19
1698184490773 29.414793014526367 20
1698184490941 26.56252098083496 21
1698184491101 28.03208351135254 22
1698184491306 30.500791549682617 23
1698184491468 29.150632858276367 24
1698184491629 28.131052017211914 25
1698184491789 25.883358001708984 26
1698184491948 25.41737937927246 27
1698184492110 26.15221405029297 28
1698184492299 26.347532272338867 29
1698184492466 26.03360366821289 30
1698184492623 30.769115447998047 31
1698184492795 30.782915115356445 32
1698184492961 30.10424041748047 33
1698184493133 27.349140167236328 34
1698184493325 23.565065383911133 35
1698184493495 27.796289443969727 36
1698184493660 22.204761505126953 37
1698184493829 23.756982803344727 38
1698184493996 30.486696243286133 39
1698184494165 28.752918243408203 40
1698184494342 27.331615447998047 41
1698184494510 23.73587417602539 42
1698184494679 26.819345474243164 43
1698184494861 26.155017852783203 44
1698184495016 25.89470863342285 45
1698184495182 27.796823501586914 46
1698184495366 26.492202758789062 47
1698184495534 31.1539249420166 48
1698184495694 26.55043601989746 49
