1698184487349 65.5545654296875 0
1698184487519 38.893802642822266 1
1698184487686 19.0438175201416 2
1698184487859 16.605310440063477 3
1698184488031 15.644808769226074 4
1698184488218 15.431918144226074 5
1698184488376 15.710925102233887 6
1698184488545 13.991433143615723 7
1698184488714 14.16022777557373 8
1698184488882 13.739561080932617 9
1698184489043 13.787616729736328 10
1698184489224 13.447416305541992 11
1698184489414 13.517417907714844 12
1698184489576 13.817645072937012 13
1698184489736 13.546061515808105 14
1698184489907 13.632035255432129 15
1698184490066 13.106215476989746 16
1698184490270 13.409916877746582 17
1698184490436 12.37319564819336 18
1698184490606 13.230223655700684 19
1698184490773 13.444122314453125 20
1698184490941 12.566904067993164 21
1698184491101 12.345090866088867 22
1698184491306 12.836416244506836 23
1698184491468 13.136622428894043 24
1698184491629 12.294410705566406 25
1698184491789 12.573227882385254 26
1698184491948 12.942959785461426 27
1698184492110 12.242712020874023 28
1698184492299 12.729291915893555 29
1698184492466 12.237228393554688 30
1698184492623 12.357792854309082 31
1698184492795 13.301643371582031 32
1698184492961 12.387797355651855 33
1698184493133 12.618714332580566 34
1698184493325 12.374873161315918 35
1698184493495 12.765595436096191 36
1698184493660 12.497349739074707 37
1698184493829 11.788143157958984 38
1698184493996 13.249306678771973 39
1698184494165 12.269299507141113 40
1698184494342 12.270759582519531 41
1698184494510 11.927290916442871 42
1698184494679 12.264625549316406 43
1698184494861 11.536657333374023 44
1698184495016 11.950920104980469 45
1698184495182 12.19424819946289 46
1698184495366 12.043668746948242 47
1698184495534 14.125377655029297 48
1698184495694 12.406519889831543 49
