1698178714960 0.011131128296256065 0
1698178715091 0.001921223709359765 1
1698178715238 0.0015600498300045729 2
1698178715365 0.0013523182133212686 3
1698178715501 0.0012736645294353366 4
1698178715639 0.0014240622986108065 5
1698178715769 0.001131903612986207 6
1698178715898 0.001218257355503738 7
1698178716027 0.0012418570695444942 8
1698178716170 0.0010289436904713511 9
1698178716316 0.0009550819522701204 10
1698178716449 0.0008903623092919588 11
1698178716579 0.0008508499595336616 12
1698178716710 0.0009259849903173745 13
1698178716831 0.0009514676639810205 14
1698178716961 0.0010217910166829824 15
1698178717088 0.0009790484327822924 16
1698178717240 0.0008888215525075793 17
1698178717368 0.0008474757778458297 18
1698178717508 0.0008192025125026703 19
1698178717636 0.000927210901863873 20
1698178717764 0.0007586920401081443 21
1698178717896 0.0008317677420563996 22
1698178718021 0.0010283479932695627 23
1698178718187 0.0009191019926220179 24
1698178718351 0.0008747983374632895 25
1698178718509 0.0008893436752259731 26
1698178718662 0.0008447273285128176 27
1698178718781 0.0008043765556067228 28
1698178718900 0.000792691542301327 29
1698178719020 0.0007746823248453438 30
1698178719163 0.0008103681611828506 31
1698178719335 0.0007613020134158432 32
1698178719490 0.0007524194079451263 33
1698178719629 0.0009198407642543316 34
1698178719772 0.0007239858969114721 35
1698178719914 0.0008573106024414301 36
1698178720174 0.0009562703198753297 37
1698178720337 0.0008316771709360182 38
1698178720475 0.0008823986281640828 39
1698178720607 0.0007594464113935828 40
1698178720737 0.0008795232861302793 41
1698178720859 0.0008125626482069492 42
1698178720983 0.0008776028989814222 43
1698178721112 0.0006644157692790031 44
1698178721259 0.0008224857156164944 45
1698178721388 0.0007733235834166408 46
1698178721511 0.0007978896610438824 47
1698178721641 0.0007650385960005224 48
1698178721772 0.0008525705197826028 49
