1698180206082 0.1882169246673584 0
1698180206244 0.03997408598661423 1
1698180206416 0.03443296626210213 2
1698180206572 0.024548156186938286 3
1698180206746 0.023011038079857826 4
1698180206935 0.022623645141720772 5
1698180207101 0.02097300998866558 6
1698180207265 0.019561517983675003 7
1698180207450 0.021802639588713646 8
1698180207644 0.025538945570588112 9
1698180207832 0.02154001221060753 10
1698180208007 0.018114810809493065 11
1698180208197 0.01605457253754139 12
1698180208387 0.017456820234656334 13
1698180208582 0.01683717407286167 14
1698180208743 0.016796549782156944 15
1698180208903 0.01823321543633938 16
1698180209062 0.015585181303322315 17
1698180209220 0.014385025016963482 18
1698180209391 0.014949668198823929 19
1698180209557 0.017647206783294678 20
1698180209712 0.017009476199746132 21
1698180209875 0.015341631136834621 22
1698180210054 0.01670963130891323 23
1698180210236 0.017613766714930534 24
1698180210411 0.018517078831791878 25
1698180210581 0.0169359277933836 26
1698180210746 0.01448186207562685 27
1698180210911 0.014538698829710484 28
1698180211084 0.01381337083876133 29
1698180211260 0.017377600073814392 30
1698180211426 0.015094977803528309 31
1698180211588 0.017710989341139793 32
1698180211754 0.019779816269874573 33
1698180211916 0.013839934021234512 34
1698180212076 0.01654602773487568 35
1698180212246 0.015710124745965004 36
1698180212415 0.015293722040951252 37
1698180212582 0.01620497740805149 38
1698180212744 0.01555507443845272 39
1698180212899 0.015353136695921421 40
1698180213081 0.013047284446656704 41
1698180213241 0.016232144087553024 42
1698180213398 0.012333458289504051 43
1698180213571 0.014869904145598412 44
1698180213724 0.013444681651890278 45
1698180213883 0.014177385717630386 46
1698180214045 0.014458838850259781 47
1698180214224 0.016313066706061363 48
1698180214380 0.012286506593227386 49
