1698180206082 51.373287200927734 0
1698180206244 20.97247314453125 1
1698180206416 19.83655548095703 2
1698180206572 15.832656860351562 3
1698180206746 13.945780754089355 4
1698180206935 14.302740097045898 5
1698180207101 13.272709846496582 6
1698180207265 12.916912078857422 7
1698180207450 14.414434432983398 8
1698180207644 16.5030517578125 9
1698180207832 13.312248229980469 10
1698180208007 12.982629776000977 11
1698180208197 12.262351989746094 12
1698180208387 11.664193153381348 13
1698180208582 12.276227951049805 14
1698180208743 12.731473922729492 15
1698180208903 13.639762878417969 16
1698180209062 12.28630542755127 17
1698180209220 11.058174133300781 18
1698180209391 11.506022453308105 19
1698180209557 11.905501365661621 20
1698180209712 11.188325881958008 21
1698180209875 12.343457221984863 22
1698180210054 11.972601890563965 23
1698180210236 12.078639030456543 24
1698180210411 13.084155082702637 25
1698180210581 13.304411888122559 26
1698180210746 11.691793441772461 27
1698180210911 11.274626731872559 28
1698180211084 11.132638931274414 29
1698180211260 11.44669246673584 30
1698180211426 12.403311729431152 31
1698180211588 12.147597312927246 32
1698180211754 13.032374382019043 33
1698180211916 12.210485458374023 34
1698180212076 12.527107238769531 35
1698180212246 12.942619323730469 36
1698180212415 13.044085502624512 37
1698180212582 14.390705108642578 38
1698180212744 14.267781257629395 39
1698180212899 15.61670970916748 40
1698180213081 13.787528038024902 41
1698180213241 14.715103149414062 42
1698180213398 14.27745246887207 43
1698180213571 15.15071964263916 44
1698180213724 15.240889549255371 45
1698180213883 15.296456336975098 46
1698180214045 15.990822792053223 47
1698180214224 16.103347778320312 48
1698180214380 17.333065032958984 49
