1698184628021 319.21856689453125 0
1698184628266 70.89327239990234 1
1698184628660 61.75823211669922 2
1698184628921 56.603172302246094 3
1698184629161 45.06268310546875 4
1698184629392 42.79556655883789 5
1698184629616 30.168249130249023 6
1698184629847 35.185298919677734 7
1698184630073 26.962217330932617 8
1698184630301 27.510847091674805 9
1698184630526 27.77633285522461 10
1698184630773 32.32795333862305 11
1698184631003 30.30630874633789 12
1698184631231 26.979900360107422 13
1698184631446 28.9587345123291 14
1698184631689 26.897005081176758 15
1698184631921 20.527803421020508 16
1698184632149 20.765920639038086 17
1698184632378 23.940107345581055 18
1698184632593 30.606975555419922 19
1698184632837 20.388580322265625 20
1698184633081 23.365406036376953 21
1698184633325 27.013721466064453 22
1698184633550 27.449451446533203 23
1698184633799 20.615074157714844 24
1698184634025 23.352439880371094 25
1698184634261 24.64461898803711 26
1698184634491 20.437572479248047 27
1698184634756 19.388784408569336 28
1698184635040 18.53791046142578 29
1698184635293 20.9211368560791 30
1698184635530 21.385635375976562 31
1698184635756 23.091825485229492 32
1698184635981 25.75937271118164 33
1698184636209 24.224943161010742 34
1698184636442 22.669851303100586 35
1698184636666 20.84178352355957 36
1698184636918 21.816082000732422 37
1698184637152 19.479400634765625 38
1698184637381 26.264101028442383 39
1698184637610 22.181547164916992 40
1698184637862 21.08576202392578 41
1698184638102 19.295509338378906 42
1698184638351 21.44997787475586 43
1698184638583 24.863916397094727 44
1698184638826 18.209217071533203 45
1698184639054 22.016075134277344 46
1698184639386 20.835067749023438 47
1698184639714 20.901294708251953 48
1698184639962 21.448139190673828 49
