1698162605213 0.2652466595172882 0
1698162607967 0.1504010558128357 1
1698162610379 0.11730244755744934 2
1698162613081 0.08479524403810501 3
1698162615925 0.07191482931375504 4
1698162618695 0.06324950605630875 5
1698162621889 0.05762660130858421 6
1698162624927 0.051401540637016296 7
1698162627780 0.04651035740971565 8
1698162631077 0.042756106704473495 9
1698162633882 0.03968892619013786 10
1698162637322 0.036724839359521866 11
1698162640603 0.03472285345196724 12
1698162643380 0.03387295454740524 13
1698162646916 0.03145171329379082 14
1698162650165 0.029666246846318245 15
1698162653012 0.028696976602077484 16
1698162656314 0.027409277856349945 17
1698162659964 0.026557376608252525 18
1698162663008 0.02559235878288746 19
1698162665538 0.024185895919799805 20
1698162667862 0.023709658533334732 21
1698162670762 0.023038778454065323 22
1698162673243 0.022264700382947922 23
1698162676459 0.021436208859086037 24
1698162678816 0.020461073145270348 25
1698162681524 0.019926320761442184 26
1698162683814 0.019662609323859215 27
1698162686067 0.019014399498701096 28
1698162688408 0.019261904060840607 29
1698162691430 0.018255485221743584 30
1698162694165 0.018562857061624527 31
1698162696756 0.0183285903185606 32
1698162699226 0.018354643136262894 33
1698162701865 0.017920365557074547 34
1698162704924 0.017939334735274315 35
