1698162605213 79.23120880126953 0
1698162607967 55.49534606933594 1
1698162610379 47.348270416259766 2
1698162613081 35.70594024658203 3
1698162615925 32.56955337524414 4
1698162618695 30.106098175048828 5
1698162621889 28.695636749267578 6
1698162624927 26.676334381103516 7
1698162627780 25.01161766052246 8
1698162631077 23.76541519165039 9
1698162633882 22.745933532714844 10
1698162637322 22.0731258392334 11
1698162640603 21.452302932739258 12
1698162643380 21.094955444335938 13
1698162646916 20.237417221069336 14
1698162650165 19.640518188476562 15
1698162653012 19.73424530029297 16
1698162656314 18.760526657104492 17
1698162659964 18.6805362701416 18
1698162663008 18.300535202026367 19
1698162665538 17.84661293029785 20
1698162667862 17.361572265625 21
1698162670762 17.84234619140625 22
1698162673243 17.361663818359375 23
1698162676459 17.44581413269043 24
1698162678816 16.479066848754883 25
1698162681524 16.621400833129883 26
1698162683814 16.188247680664062 27
1698162686067 16.29939842224121 28
1698162688408 16.726150512695312 29
1698162691430 15.651921272277832 30
1698162694165 16.180957794189453 31
1698162696756 15.99990177154541 32
1698162699226 15.483933448791504 33
1698162701865 15.248665809631348 34
1698162704924 15.421048164367676 35
