1698151937722 0.06396660208702087 0
1698151938045 0.025737693533301353 1
1698151938402 0.018375983461737633 2
1698151938798 0.015375345014035702 3
1698151939134 0.013885700143873692 4
1698151939491 0.012670950964093208 5
1698151939825 0.011492538265883923 6
1698151940176 0.010784400627017021 7
1698151940525 0.010107134468853474 8
1698151940854 0.009656120091676712 9
1698151941178 0.009354747831821442 10
1698151941513 0.008844641037285328 11
1698151941852 0.008802707307040691 12
1698151942170 0.008473380468785763 13
1698151942533 0.008371222764253616 14
1698151942853 0.008152881637215614 15
1698151943162 0.008005917072296143 16
