1698151937722 5580.62744140625 0
1698151938045 127796.4921875 1
1698151938402 104268.28125 2
1698151938798 100460.5546875 3
1698151939134 106872.5859375 4
1698151939491 102689.0859375 5
1698151939825 105712.484375 6
1698151940176 100464.609375 7
1698151940525 107257.46875 8
1698151940854 103667.0 9
1698151941178 103984.8125 10
1698151941513 96073.453125 11
1698151941852 88891.9921875 12
1698151942170 94184.203125 13
1698151942533 105243.7734375 14
1698151942853 95322.59375 15
1698151943162 95955.8671875 16
