1698158405704 0.06788518279790878 0
1698158406173 0.03290732949972153 1
1698158406606 0.020144928246736526 2
1698158407026 0.013687425293028355 3
1698158407466 0.010461915284395218 4
1698158407897 0.007953265681862831 5
1698158408339 0.00583831500262022 6
1698158408760 0.004738824907690287 7
1698158409201 0.0034572570584714413 8
1698158409665 0.0028240634128451347 9
1698158410112 0.002457008231431246 10
1698158410601 0.002155233407393098 11
1698158411052 0.002122261794283986 12
1698158411523 0.0018796144286170602 13
1698158412003 0.0020267977379262447 14
1698158412568 0.0018040076829493046 15
1698158413008 0.0018224933883175254 16
1698158413447 0.0018194684525951743 17
1698158413888 0.0017980573466047645 18
1698158414348 0.002076412783935666 19
