1698151525509 0.2762770354747772 0
1698151526624 0.17245011031627655 1
1698151527571 0.12638510763645172 2
1698151528496 0.11469697952270508 3
1698151529411 0.10485722124576569 4
1698151530363 0.09482881426811218 5
1698151531418 0.08460552990436554 6
1698151532367 0.07467106729745865 7
1698151533393 0.06668170541524887 8
1698151534313 0.058188509196043015 9
1698151535293 0.05378265678882599 10
1698151536309 0.04972437396645546 11
1698151537316 0.04761932045221329 12
1698151538230 0.04498147591948509 13
1698151539205 0.04256635904312134 14
1698151540274 0.040997717529535294 15
1698151541238 0.039000336080789566 16
1698151542191 0.03837696835398674 17
1698151543135 0.03578794375061989 18
1698151544072 0.03496326133608818 19
1698151545042 0.03282657638192177 20
1698151546009 0.03317522257566452 21
1698151547082 0.03164006397128105 22
1698151548071 0.030311323702335358 23
1698151548987 0.02996375784277916 24
1698151549960 0.029056964442133904 25
1698151551154 0.02845687046647072 26
1698151552146 0.027567174285650253 27
1698151553125 0.027559051290154457 28
1698151554246 0.026906996965408325 29
1698151555188 0.025954440236091614 30
1698151556111 0.025526173412799835 31
1698151557084 0.025384794920682907 32
1698151558077 0.02497037686407566 33
1698151559005 0.02439112216234207 34
1698151560009 0.024527931585907936 35
1698151561011 0.02356005273759365 36
1698151561955 0.023786582052707672 37
1698151562939 0.022875411435961723 38
1698151563912 0.022385962307453156 39
1698151564835 0.02246128022670746 40
1698151565778 0.022617101669311523 41
1698151566759 0.021944435313344002 42
1698151567775 0.021949250251054764 43
1698151568778 0.021794190630316734 44
1698151569728 0.021849552169442177 45
