1698186416445 0.049915291368961334 0
1698186416599 0.005512518342584372 1
1698186416768 0.002023859415203333 2
1698186416943 0.002128137508407235 3
1698186417129 0.001946491771377623 4
1698186417277 0.001870522741228342 5
1698186417434 0.001792500726878643 6
1698186417599 0.00184295151848346 7
1698186417784 0.001978766405954957 8
1698186417943 0.0019398774020373821 9
1698186418128 0.0017522500129416585 10
1698186418293 0.0017978367395699024 11
1698186418458 0.0018487335182726383 12
1698186418620 0.0015697142807766795 13
1698186418788 0.0016783826285973191 14
1698186418941 0.0016239848919212818 15
1698186419094 0.0016501783393323421 16
1698186419243 0.0014931021723896265 17
1698186419402 0.0016118853818625212 18
1698186419547 0.0015316772041842341 19
1698186419695 0.0016014667926356196 20
1698186419842 0.0015582460910081863 21
1698186419986 0.0015190272824838758 22
1698186420133 0.0014256841968744993 23
1698186420279 0.0014464223058894277 24
1698186420456 0.0013215678045526147 25
1698186420603 0.0014784554950892925 26
1698186420749 0.0016772473463788629 27
1698186420905 0.001299121417105198 28
1698186421058 0.0012336333747953176 29
1698186421205 0.001415708800777793 30
1698186421361 0.0013132974272593856 31
1698186421513 0.0012748021399602294 32
1698186421675 0.0013566449051722884 33
1698186421830 0.0014797451440244913 34
1698186421972 0.0012294105254113674 35
1698186422122 0.0012785703875124454 36
1698186422267 0.0013148399302735925 37
1698186422411 0.0012273325119167566 38
1698186422560 0.0013555748155340552 39
1698186422719 0.0013769491342827678 40
1698186422880 0.0012631129939109087 41
1698186423030 0.0012168994871899486 42
1698186423197 0.0014621337177231908 43
1698186423353 0.0011891424655914307 44
1698186423514 0.0012282633688300848 45
1698186423669 0.001211119699291885 46
1698186423823 0.0012429190101101995 47
1698186423980 0.0011933493660762906 48
1698186424125 0.0012987013906240463 49
