1698181567014 68.03368377685547 0
1698181567120 68.72103881835938 1
1698181567265 60.60626983642578 2
1698181567392 45.68128204345703 3
1698181567502 27.78574562072754 4
1698181567620 12.0926513671875 5
1698181567750 6.446278095245361 6
1698181567855 6.881113529205322 7
1698181567963 6.541892051696777 8
1698181568069 6.765495300292969 9
1698181568175 5.79218864440918 10
1698181568299 6.493557929992676 11
1698181568423 6.12468957901001 12
1698181568534 5.69980001449585 13
1698181568663 5.772148132324219 14
1698181568770 5.7396626472473145 15
1698181568901 5.769832611083984 16
1698181569013 6.403661727905273 17
1698181569124 5.83743953704834 18
1698181569241 5.586568832397461 19
1698181569368 5.4399237632751465 20
1698181569499 7.22719669342041 21
1698181569624 6.517250061035156 22
1698181569733 6.360339641571045 23
1698181569851 6.840328216552734 24
1698181569992 5.503333568572998 25
1698181570124 5.555192470550537 26
1698181570248 5.632213592529297 27
1698181570395 6.239469051361084 28
1698181570552 5.909176826477051 29
1698181570687 6.112029552459717 30
1698181570825 8.830144882202148 31
1698181570956 6.774574279785156 32
1698181571091 5.790828227996826 33
1698181571222 6.276304244995117 34
1698181571369 5.306847095489502 35
1698181571518 6.064022064208984 36
1698181571653 5.702759742736816 37
1698181571791 6.585870265960693 38
1698181571914 6.095540523529053 39
1698181572040 5.904073715209961 40
1698181572167 5.758484363555908 41
1698181572283 6.455013275146484 42
1698181572423 6.860598564147949 43
1698181572554 6.636120796203613 44
1698181572688 5.742467880249023 45
1698181572829 6.0413336753845215 46
1698181572960 5.6143012046813965 47
1698181573088 6.259176254272461 48
1698181573219 5.92648458480835 49
