1698160959830 72.83092498779297 0
1698160961121 48.539886474609375 1
1698160962779 39.26532745361328 2
1698160964058 30.28108787536621 3
1698160965272 29.01093101501465 4
1698160966555 25.17411994934082 5
1698160967764 23.34068489074707 6
1698160969431 22.189210891723633 7
1698160970625 21.15465545654297 8
1698160972188 20.126361846923828 9
1698160973868 19.214414596557617 10
1698160975105 17.948095321655273 11
1698160976265 17.668224334716797 12
1698160977437 17.526275634765625 13
1698160978702 16.702436447143555 14
1698160980024 16.938493728637695 15
1698160981510 15.878620147705078 16
1698160982773 15.788485527038574 17
1698160983905 15.461432456970215 18
1698160985112 15.240192413330078 19
1698160986350 14.640301704406738 20
1698160988195 14.8054838180542 21
1698160989816 14.598978042602539 22
1698160991454 14.318706512451172 23
1698160992595 14.343159675598145 24
1698160994560 14.707139015197754 25
1698160996069 13.777697563171387 26
1698160997182 14.027365684509277 27
1698160998416 13.639784812927246 28
1698160999530 13.83919906616211 29
1698161000783 13.907475471496582 30
1698161002286 13.380549430847168 31
