1698183141339 21.92765998840332 0
1698183141766 12.745115280151367 1
1698183142281 11.903525352478027 2
1698183142726 10.471138000488281 3
1698183143172 10.902485847473145 4
1698183143666 10.159116744995117 5
1698183144082 12.596334457397461 6
1698183144514 9.950053215026855 7
1698183144934 9.849189758300781 8
1698183145335 10.30861759185791 9
1698183145756 9.972817420959473 10
1698183146167 9.526165008544922 11
1698183146593 9.88724136352539 12
1698183146991 9.655379295349121 13
1698183147422 9.73554801940918 14
1698183147829 8.850341796875 15
1698183148237 8.964753150939941 16
1698183148659 8.978202819824219 17
1698183149059 8.868462562561035 18
1698183149485 8.601865768432617 19
1698183149898 8.354446411132812 20
1698183150309 9.499472618103027 21
1698183150741 8.716660499572754 22
1698183151156 8.461296081542969 23
1698183151587 9.266456604003906 24
1698183152013 8.409756660461426 25
1698183152422 8.79461669921875 26
1698183152848 9.4796142578125 27
1698183153296 8.479333877563477 28
1698183153723 8.47901439666748 29
1698183154156 8.48384952545166 30
1698183154632 8.133563995361328 31
1698183155076 9.102797508239746 32
1698183155644 7.948034763336182 33
1698183156161 7.9782633781433105 34
1698183156583 8.370670318603516 35
1698183156984 9.067547798156738 36
1698183157386 8.034476280212402 37
1698183157807 8.564292907714844 38
1698183158210 8.556792259216309 39
1698183158637 8.628321647644043 40
1698183159066 9.86245346069336 41
1698183159495 8.589478492736816 42
1698183159903 7.419846534729004 43
1698183160318 8.43216323852539 44
1698183160750 9.099140167236328 45
1698183161158 7.674502372741699 46
1698183161575 8.343873023986816 47
1698183162000 7.904303073883057 48
1698183162409 8.188554763793945 49
