1698153840998 67.35896301269531 0
1698153842618 51.56166458129883 1
1698153844058 30.09002685546875 2
1698153845687 26.81943702697754 3
1698153847945 24.17702293395996 4
1698153849532 19.574077606201172 5
1698153850965 17.42249870300293 6
1698153852485 15.866564750671387 7
1698153853908 16.00164031982422 8
1698153855356 14.379660606384277 9
1698153856704 15.190726280212402 10
1698153858222 13.772974967956543 11
1698153859580 12.857014656066895 12
1698153861018 12.390223503112793 13
1698153862427 13.29397201538086 14
1698153863968 11.49454116821289 15
1698153865597 12.107250213623047 16
1698153867206 11.89624309539795 17
1698153868832 12.45548152923584 18
1698153870252 12.260425567626953 19
1698153872390 11.538446426391602 20
1698153874391 11.801192283630371 21
1698153876061 12.463951110839844 22
1698153877646 11.274523735046387 23
1698153879567 11.462620735168457 24
1698153881119 13.470426559448242 25
1698153882487 11.429221153259277 26
1698153884052 11.309081077575684 27
1698153885454 11.592041969299316 28
1698153887029 11.847639083862305 29
1698153888658 11.171955108642578 30
1698153890697 11.531179428100586 31
1698153892743 10.999632835388184 32
1698153894073 11.1393461227417 33
1698153895531 10.998507499694824 34
1698153897028 11.024321556091309 35
1698153898483 12.02040958404541 36
1698153899958 11.810258865356445 37
1698153901334 11.393157005310059 38
