1698178122238 0.019696025177836418 0
1698178122335 0.004262817092239857 1
1698178122435 0.003816663520410657 2
1698178122537 0.0037687462754547596 3
1698178122639 0.003528336761519313 4
1698178122743 0.003335799789056182 5
1698178122846 0.003293452551588416 6
1698178122950 0.0031583409290760756 7
1698178123059 0.0030241068452596664 8
1698178123192 0.0028449303936213255 9
1698178123311 0.003046303056180477 10
1698178123415 0.0026174455415457487 11
1698178123518 0.002953215502202511 12
1698178123621 0.002830288838595152 13
1698178123723 0.0029528476297855377 14
1698178123824 0.0030443351715803146 15
1698178123926 0.0027834828943014145 16
1698178124027 0.0025797325652092695 17
1698178124148 0.003048791317269206 18
1698178124254 0.0029053972102701664 19
1698178124362 0.0025125930551439524 20
1698178124473 0.002801339840516448 21
1698178124579 0.0027199743781238794 22
1698178124680 0.0025530094280838966 23
1698178124782 0.002479148330166936 24
1698178124884 0.0026110948529094458 25
1698178124985 0.0025670411996543407 26
1698178125106 0.002555561950430274 27
1698178125225 0.0024259407073259354 28
1698178125333 0.002753030974417925 29
1698178125441 0.002424714621156454 30
1698178125543 0.0022045893128961325 31
1698178125665 0.002320305909961462 32
1698178125838 0.0024069431237876415 33
1698178125968 0.0023069472517818213 34
1698178126098 0.002481199102476239 35
1698178126240 0.0023637153208255768 36
1698178126377 0.0025090023409575224 37
1698178126488 0.0024197078309953213 38
1698178126613 0.0025221891701221466 39
1698178126739 0.002525198506191373 40
1698178126848 0.0023413551971316338 41
1698178126955 0.0023925239220261574 42
1698178127058 0.0022856893483549356 43
1698178127195 0.0023062280379235744 44
1698178127321 0.0021705341059714556 45
1698178127465 0.0023634079843759537 46
1698178127618 0.0023512321058660746 47
1698178127751 0.002313836943358183 48
1698178127862 0.002467843471094966 49
