1698160177707 73.47350311279297 0
1698160177909 71.54298400878906 1
1698160178106 130.57005310058594 2
1698160178320 103.95381164550781 3
1698160178509 83.03453063964844 4
1698160178729 104.17820739746094 5
1698160179033 117.59944152832031 6
1698160179230 120.35677337646484 7
1698160179436 120.31385803222656 8
1698160179630 117.32846069335938 9
1698160179914 113.84719848632812 10
1698160180126 108.17032623291016 11
1698160180415 106.8946533203125 12
1698160180701 104.98026275634766 13
1698160180990 101.36988830566406 14
1698160181178 93.19539642333984 15
1698160181374 83.90477752685547 16
1698160181556 76.83622741699219 17
1698160181753 70.29598999023438 18
1698160181948 65.70711517333984 19
1698160182139 63.15915298461914 20
1698160182332 57.721187591552734 21
1698160182512 55.3014030456543 22
1698160182688 53.47370910644531 23
1698160182877 51.020267486572266 24
1698160183048 51.032997131347656 25
1698160183222 51.08713912963867 26
1698160183416 50.92161178588867 27
1698160183584 49.92838668823242 28
1698160183761 50.96397018432617 29
1698160183941 51.033348083496094 30
1698160184126 48.29557418823242 31
1698160184296 51.650489807128906 32
1698160184499 48.99639892578125 33
1698160184676 49.050201416015625 34
