1698180524741 0.03970683738589287 0
1698180524839 0.0062192995101213455 1
1698180524937 0.00601276895031333 2
1698180525036 0.005109043326228857 3
1698180525169 0.0044764624908566475 4
1698180525280 0.005249829962849617 5
1698180525396 0.004075033590197563 6
1698180525504 0.004568512551486492 7
1698180525608 0.004371323622763157 8
1698180525718 0.004341947380453348 9
1698180525825 0.0041313935071229935 10
1698180525929 0.004478822462260723 11
1698180526031 0.004662994761019945 12
1698180526154 0.004156145732849836 13
1698180526273 0.004024685360491276 14
1698180526378 0.00411312747746706 15
1698180526499 0.003648844314739108 16
1698180526601 0.004413793794810772 17
1698180526730 0.004283751826733351 18
1698180526830 0.004171344917267561 19
1698180526932 0.0036696353927254677 20
1698180527040 0.003917552996426821 21
1698180527174 0.0037656521890312433 22
1698180527284 0.003855318995192647 23
1698180527389 0.0036078926641494036 24
1698180527492 0.0038420401979237795 25
1698180527597 0.0034260302782058716 26
1698180527699 0.003459027735516429 27
1698180527827 0.002811986953020096 28
1698180527938 0.003409578697755933 29
1698180528042 0.0032993247732520103 30
1698180528176 0.0032340947072952986 31
1698180528294 0.0034134082961827517 32
1698180528399 0.0033281256910413504 33
1698180528506 0.0035710581578314304 34
1698180528633 0.0035858910996466875 35
1698180528789 0.0034799661953002214 36
1698180528927 0.0034559217747300863 37
1698180529055 0.004035609308630228 38
1698180529198 0.0034456835128366947 39
1698180529314 0.003212415147572756 40
1698180529427 0.003645508084446192 41
1698180529560 0.0034999896306544542 42
1698180529706 0.00327853811904788 43
1698180529848 0.003603367367759347 44
1698180529977 0.003407627111300826 45
1698180530088 0.0032682735472917557 46
1698180530225 0.003445684676989913 47
1698180530333 0.0031761531718075275 48
1698180530453 0.003252604277804494 49
