1698175637403 21.97703742980957 0
1698175637799 19.47338104248047 1
1698175638276 13.762527465820312 2
1698175638678 12.986503601074219 3
1698175639068 12.662822723388672 4
1698175639481 12.089146614074707 5
1698175639881 13.255718231201172 6
1698175640298 14.809697151184082 7
1698175640692 12.012256622314453 8
1698175641120 10.560216903686523 9
1698175641530 9.844280242919922 10
1698175641929 10.999805450439453 11
1698175642365 15.979581832885742 12
1698175642779 11.455719947814941 13
1698175643268 11.168323516845703 14
1698175643745 12.726390838623047 15
1698175644177 13.000892639160156 16
1698175644637 9.990517616271973 17
1698175645052 11.476018905639648 18
1698175645529 9.678059577941895 19
1698175646108 8.952994346618652 20
1698175646558 10.192086219787598 21
1698175647002 10.048442840576172 22
1698175647490 10.82654094696045 23
1698175648046 10.197285652160645 24
1698175648562 9.983006477355957 25
1698175649038 10.280692100524902 26
1698175649467 12.925712585449219 27
1698175649865 11.335603713989258 28
1698175650265 10.37165641784668 29
1698175650680 11.817330360412598 30
1698175651110 12.13713264465332 31
1698175651543 11.672361373901367 32
1698175651938 11.29540729522705 33
1698175652431 9.94048023223877 34
1698175652860 10.620628356933594 35
1698175653368 10.645303726196289 36
1698175653809 11.095564842224121 37
1698175654386 11.595224380493164 38
1698175654826 13.130499839782715 39
1698175655252 11.293087005615234 40
1698175655659 12.850455284118652 41
1698175656070 11.314739227294922 42
1698175656473 10.650232315063477 43
1698175656869 11.05804443359375 44
1698175657261 11.246967315673828 45
1698175657684 11.30339527130127 46
1698175658080 12.352537155151367 47
1698175658504 12.590994834899902 48
1698175658969 12.91076374053955 49
