1698184412707 9521.833984375 0
1698184413366 19195.14453125 1
1698184413997 10380.3955078125 2
1698184414644 11625.9443359375 3
1698184415266 4471.80078125 4
1698184415911 15374.0146484375 5
1698184416558 10847.59375 6
1698184417181 9401.896484375 7
1698184417840 11250.158203125 8
1698184418482 9639.541015625 9
1698184419111 3894.91357421875 10
1698184419756 6193.67041015625 11
1698184420406 4268.09619140625 12
1698184421040 5101.72265625 13
1698184421710 629.4703369140625 14
1698184422486 13130.34375 15
1698184423133 5161.33447265625 16
1698184423887 6147.79833984375 17
1698184424593 7131.07470703125 18
1698184425246 11668.4794921875 19
1698184425890 4729.67431640625 20
1698184426521 8486.8857421875 21
1698184427150 5320.34521484375 22
1698184427790 6025.00244140625 23
1698184428430 4878.798828125 24
1698184429060 8558.3876953125 25
1698184429716 5560.888671875 26
1698184430353 4785.6748046875 27
1698184431001 7020.04833984375 28
1698184431644 5132.7744140625 29
1698184432281 10591.013671875 30
1698184432932 5682.8798828125 31
1698184433600 4663.82275390625 32
1698184434235 7587.3056640625 33
1698184434883 4429.6474609375 34
1698184435603 6120.21875 35
1698184436289 3851.410888671875 36
1698184437757 6407.67041015625 37
1698184438435 4869.20947265625 38
1698184439107 4002.975830078125 39
1698184439766 9502.712890625 40
1698184440406 10648.4521484375 41
1698184441063 5670.14990234375 42
1698184441716 3620.048095703125 43
1698184442352 6502.1875 44
1698184443015 8211.3662109375 45
1698184443650 6668.47265625 46
1698184444298 4768.5966796875 47
1698184444966 9084.2333984375 48
1698184445600 6589.3984375 49
