1698151876415 0.056605879217386246 0
1698151876826 0.0249369777739048 1
1698151877288 0.01730305515229702 2
1698151877689 0.014348423108458519 3
1698151878078 0.012265282683074474 4
1698151878517 0.010735061019659042 5
1698151878927 0.009500036016106606 6
1698151879323 0.00866546668112278 7
1698151879759 0.007892456836998463 8
1698151880169 0.007526756729930639 9
1698151880697 0.0069639310240745544 10
1698151881147 0.006702376529574394 11
1698151881564 0.0065328096970915794 12
1698151881984 0.006202520336955786 13
1698151882389 0.005896664224565029 14
1698151882851 0.005721458699554205 15
1698151883336 0.0057289996184408665 16
1698151883756 0.00551230413839221 17
1698151884154 0.0053557432256639 18
1698151884568 0.005240661557763815 19
1698151884984 0.005225064232945442 20
1698151885398 0.005104243289679289 21
1698151885890 0.005073251202702522 22
1698151886311 0.004979540593922138 23
1698151886737 0.004737412557005882 24
1698151887158 0.0047914208844304085 25
1698151887587 0.004751115571707487 26
1698151887995 0.0047896988689899445 27
1698151888414 0.004654384683817625 28
1698151888815 0.0046722968108952045 29
1698151889282 0.004689818248152733 30
1698151889825 0.004644233733415604 31
1698151890246 0.004670075606554747 32
1698151890699 0.004728334490209818 33
1698151891189 0.004574418067932129 34
1698151891638 0.0045163510367274284 35
1698151892057 0.004475659225136042 36
1698151892449 0.004456039518117905 37
1698151892871 0.004414591006934643 38
1698151893294 0.004264392890036106 39
1698151893705 0.004339588340371847 40
1698151894105 0.004292929545044899 41
1698151894511 0.0044813319109380245 42
1698151894973 0.00427106162533164 43
