1698175028525 32.6430778503418 0
1698175028748 9.535749435424805 1
1698175029079 7.562989711761475 2
1698175029291 6.217156887054443 3
1698175029507 5.99886417388916 4
1698175029707 6.277645587921143 5
1698175029900 6.447651386260986 6
1698175030104 5.7894062995910645 7
1698175030304 5.819546222686768 8
1698175030527 5.754052639007568 9
1698175030732 5.522957801818848 10
1698175030941 5.6357011795043945 11
1698175031145 6.447938442230225 12
1698175031343 5.258617877960205 13
1698175031575 5.467395305633545 14
1698175031786 5.28024435043335 15
1698175031995 5.309786319732666 16
1698175032255 5.72583532333374 17
1698175032483 5.845586776733398 18
1698175032694 5.489778995513916 19
1698175032947 5.358911514282227 20
1698175033245 5.20750093460083 21
1698175033483 5.809445858001709 22
1698175033680 5.195924282073975 23
1698175033881 5.471856594085693 24
1698175034086 5.52062463760376 25
1698175034325 5.1713457107543945 26
1698175034554 5.847712516784668 27
1698175034797 5.655099868774414 28
1698175035077 5.231748104095459 29
1698175035320 5.066317558288574 30
1698175035537 5.331906318664551 31
1698175035733 5.420113563537598 32
1698175035926 5.397235870361328 33
1698175036137 6.106008052825928 34
1698175036350 5.079036712646484 35
1698175036574 5.327250957489014 36
1698175036774 5.021636962890625 37
1698175036977 5.758053779602051 38
1698175037180 5.575074195861816 39
1698175037397 5.094521999359131 40
1698175037592 5.066164493560791 41
1698175037791 4.947854042053223 42
1698175037997 4.944872856140137 43
1698175038200 5.207797527313232 44
1698175038407 5.236166000366211 45
1698175038634 5.217512130737305 46
1698175038840 4.850436687469482 47
1698175039043 5.156235694885254 48
1698175039246 5.158078670501709 49
