1698155577147 0.290280818939209 0
1698155578523 0.1442355066537857 1
1698155579882 0.10611407458782196 2
1698155581328 0.08522340655326843 3
1698155582771 0.0713336318731308 4
1698155584300 0.06246721372008324 5
1698155585649 0.05966326966881752 6
1698155587003 0.054443616420030594 7
1698155588401 0.0516258180141449 8
1698155589795 0.047806430608034134 9
1698155591288 0.04829344525933266 10
1698155592952 0.04510518163442612 11
1698155594378 0.042083073407411575 12
1698155595981 0.041340067982673645 13
1698155597984 0.042780473828315735 14
1698155599855 0.04031437262892723 15
1698155601535 0.040325626730918884 16
1698155602993 0.03946828842163086 17
1698155604662 0.03802810609340668 18
1698155606458 0.03865547105669975 19
1698155607961 0.03912199288606644 20
1698155609736 0.03950592502951622 21
1698155611137 0.03807602822780609 22
1698155612576 0.038038935512304306 23
1698155614078 0.038879793137311935 24
