1698231267507 5.7417473793029785 0
1698231267797 4.7148518562316895 1
1698231268079 3.8659331798553467 2
1698231268362 3.0707101821899414 3
1698231268645 2.4846723079681396 4
1698231268915 1.9736037254333496 5
1698231269269 1.4854458570480347 6
1698231269552 1.125861406326294 7
1698231269835 0.8524118661880493 8
1698231270123 0.6060951948165894 9
1698231270418 0.4813063144683838 10
1698231270708 0.427717387676239 11
1698231271004 0.4422367811203003 12
1698231271289 0.38007432222366333 13
1698231271581 0.42440590262413025 14
1698231271864 0.40911224484443665 15
1698231272165 0.3731782138347626 16
1698231272453 0.36801162362098694 17
1698231272746 0.3486965298652649 18
1698231273043 0.36196866631507874 19
1698231273386 0.3747367858886719 20
1698231273682 0.33696821331977844 21
1698231273978 0.34182390570640564 22
1698231274290 0.3284375071525574 23
1698231274574 0.33194175362586975 24
1698231274873 0.30945730209350586 25
1698231275156 0.3221793472766876 26
1698231275456 0.3174470365047455 27
1698231275738 0.31092897057533264 28
1698231276078 0.300638347864151 29
1698231276419 0.2982265055179596 30
1698231276743 0.30811548233032227 31
1698231277051 0.2875679135322571 32
1698231277375 0.2919856309890747 33
1698231277665 0.2803543210029602 34
1698231277989 0.26195526123046875 35
1698231278296 0.27739831805229187 36
1698231278611 0.2883615791797638 37
1698231278927 0.2624610364437103 38
1698231279283 0.27029410004615784 39
1698231280581 0.2575142979621887 40
1698231280888 0.2611599862575531 41
1698231282103 0.26813384890556335 42
1698231282411 0.26086053252220154 43
1698231283095 0.23896540701389313 44
1698231284057 0.26440975069999695 45
1698231284373 0.23999160528182983 46
1698231284705 0.24946466088294983 47
1698231285036 0.24456366896629333 48
1698231285377 0.2451782524585724 49
