1698182337543 0.15816186368465424 0
1698182337727 0.1292109340429306 1
1698182337922 0.09942787885665894 2
1698182338122 0.0675881877541542 3
1698182338433 0.0382794551551342 4
1698182338623 0.01661803387105465 5
1698182338824 0.006016779690980911 6
1698182339017 0.00245388550683856 7
1698182339217 0.0016209472669288516 8
1698182339439 0.001338716596364975 9
1698182339640 0.001432606135495007 10
1698182339853 0.0013241625856608152 11
1698182340052 0.0014583369484171271 12
1698182340252 0.0012784721329808235 13
1698182340481 0.0013955153990536928 14
1698182340695 0.0014087564777582884 15
1698182340904 0.0013611967442557216 16
1698182341102 0.0013321303995326161 17
1698182341297 0.0013474088627845049 18
1698182341523 0.001263765967451036 19
1698182341728 0.001356110442429781 20
1698182341931 0.0013294777600094676 21
1698182342134 0.0014094087528064847 22
1698182342329 0.0012378529645502567 23
1698182342560 0.0013171385508030653 24
1698182342749 0.0012100889580324292 25
1698182342948 0.0013136094203218818 26
1698182343150 0.0011597441043704748 27
1698182343367 0.0013015068834647536 28
1698182343581 0.0011351967696100473 29
1698182343769 0.0012559579918161035 30
1698182343974 0.0011496820952743292 31
1698182344201 0.001258657779544592 32
1698182344469 0.00127992476336658 33
1698182344719 0.0012572280829772353 34
1698182344942 0.0012653660960495472 35
1698182345170 0.0011745081283152103 36
1698182345439 0.001223422004841268 37
1698182345667 0.0013419411843642592 38
1698182345872 0.0012774907518178225 39
1698182346074 0.0012302979594096541 40
1698182346276 0.0012759246164932847 41
1698182346501 0.0013343689497560263 42
1698182346701 0.001279911957681179 43
1698182346914 0.0012719302903860807 44
1698182347121 0.001189818256534636 45
1698182347323 0.001176080433651805 46
1698182347560 0.001247445703484118 47
1698182347750 0.001334753236733377 48
1698182347943 0.001219347701407969 49
