1698157480333 73.83406066894531 0
1698157481308 58.087127685546875 1
1698157482242 42.39002990722656 2
1698157483153 35.0875358581543 3
1698157484137 30.918855667114258 4
1698157485213 27.07844352722168 5
1698157486511 26.14842414855957 6
1698157487498 25.016042709350586 7
1698157488504 24.23920440673828 8
1698157489412 23.014854431152344 9
1698157490342 22.25098419189453 10
1698157491237 21.129343032836914 11
1698157492167 20.839906692504883 12
1698157493054 20.296987533569336 13
1698157493960 19.81279182434082 14
1698157495150 20.105379104614258 15
1698157496198 19.934558868408203 16
1698157497118 19.243755340576172 17
