1698154016406 0.029594644904136658 0
1698154016731 0.01485105138272047 1
1698154017116 0.011927815154194832 2
1698154017491 0.009904500097036362 3
1698154017822 0.009140027686953545 4
1698154018193 0.008385405875742435 5
1698154018544 0.008031430654227734 6
1698154018943 0.0076687997207045555 7
1698154019277 0.00727708637714386 8
1698154019603 0.007080643903464079 9
1698154019945 0.006860979367047548 10
1698154020254 0.006631319411098957 11
1698154020582 0.006438877899199724 12
1698154020901 0.006355647463351488 13
1698154021192 0.006265630945563316 14
1698154021632 0.0061227986589074135 15
1698154021945 0.006080690771341324 16
1698154022296 0.00597347691655159 17
