1698154016406 28571.328125 0
1698154016731 89543.71875 1
1698154017116 71845.140625 2
1698154017491 65263.828125 3
1698154017822 68536.8359375 4
1698154018193 62387.54296875 5
1698154018544 51613.78515625 6
1698154018943 62262.33984375 7
1698154019277 54658.0 8
1698154019603 65586.9609375 9
1698154019945 61894.36328125 10
1698154020254 64029.98828125 11
1698154020582 54184.12109375 12
1698154020901 50439.00390625 13
1698154021192 59047.859375 14
1698154021632 55090.94140625 15
1698154021945 50555.80078125 16
1698154022296 58930.0546875 17
