1698188104299 8556.4296875 0
1698188104440 856.049072265625 1
1698188104579 772.3333740234375 2
1698188104725 861.7108154296875 3
1698188104859 766.8159790039062 4
1698188105000 631.2686767578125 5
1698188105143 576.3759155273438 6
1698188105290 558.6251831054688 7
1698188105442 523.3197021484375 8
1698188105581 560.3394165039062 9
1698188105724 527.3463134765625 10
1698188105888 596.7867431640625 11
1698188106024 523.6012573242188 12
1698188106168 534.3592529296875 13
1698188106325 660.8444213867188 14
1698188106484 551.596923828125 15
1698188106634 489.6973571777344 16
1698188106864 462.3276062011719 17
1698188107066 515.70947265625 18
1698188107236 497.3602600097656 19
1698188107389 451.6333312988281 20
1698188107563 522.8823852539062 21
1698188107722 424.449462890625 22
1698188107888 442.4778137207031 23
1698188108055 454.8105163574219 24
1698188108221 430.73114013671875 25
1698188108387 452.8619689941406 26
1698188108552 499.50128173828125 27
1698188108711 486.16168212890625 28
1698188108889 500.0845031738281 29
1698188109049 551.6176147460938 30
1698188109215 417.9843444824219 31
1698188109423 418.6076354980469 32
1698188109613 475.2101745605469 33
1698188109790 492.7597351074219 34
1698188109947 464.5380859375 35
1698188110122 462.73577880859375 36
1698188110275 498.1225280761719 37
1698188110429 458.1293640136719 38
1698188110580 391.1079406738281 39
1698188110725 446.8659362792969 40
1698188110873 428.2742919921875 41
1698188111033 428.56365966796875 42
1698188111175 426.0989685058594 43
1698188111328 443.6669006347656 44
1698188111488 423.582275390625 45
1698188111642 455.99072265625 46
1698188111791 487.25543212890625 47
1698188111949 424.28289794921875 48
1698188112100 385.9846496582031 49
