1698161967050 0.3580915331840515 0
1698161967524 0.33844488859176636 1
1698161968044 0.3193800151348114 2
1698161968482 0.3008929491043091 3
1698161968918 0.28247973322868347 4
1698161969359 0.26427626609802246 5
1698161969847 0.24646326899528503 6
1698161970323 0.22768129408359528 7
1698161970830 0.20923598110675812 8
1698161971271 0.19059042632579803 9
1698161971684 0.1714787483215332 10
1698161972132 0.1549476832151413 11
1698161972616 0.14026710391044617 12
1698161973058 0.12969061732292175 13
1698161973507 0.12252442538738251 14
1698161974012 0.11789817363023758 15
1698161974562 0.11421357840299606 16
1698161975224 0.11126051843166351 17
1698161975795 0.10808809101581573 18
1698161976292 0.10467219352722168 19
1698161976816 0.1011984646320343 20
1698161977321 0.09782717376947403 21
1698161977833 0.09438921511173248 22
1698161978366 0.09130152314901352 23
1698161978953 0.08795323222875595 24
1698161979419 0.08487807959318161 25
1698161979891 0.08137871325016022 26
1698161980374 0.07842693477869034 27
1698161980826 0.0754782184958458 28
1698161981339 0.073199063539505 29
1698161981821 0.07075800746679306 30
1698161982304 0.06888234615325928 31
1698161982756 0.06743006408214569 32
1698161983221 0.06585371494293213 33
1698161983638 0.0642905980348587 34
1698161984082 0.06358784437179565 35
1698161984518 0.062381405383348465 36
1698161984992 0.06125345081090927 37
1698161985450 0.06020230054855347 38
1698161985987 0.05948251113295555 39
1698161986482 0.05866079032421112 40
1698161987017 0.05809328332543373 41
1698161987556 0.05697167292237282 42
1698161988089 0.056102052330970764 43
1698161988603 0.055553458631038666 44
1698161989040 0.05455281212925911 45
1698161989486 0.0533372201025486 46
1698161989907 0.05293930694460869 47
1698161990358 0.052047308534383774 48
1698161990819 0.05120444670319557 49
1698161991298 0.050534773617982864 50
1698161991826 0.04958907514810562 51
1698161992343 0.04861047863960266 52
1698161992875 0.048236384987831116 53
1698161993358 0.04756757244467735 54
1698161993965 0.046844251453876495 55
1698161994473 0.04572434350848198 56
1698161994931 0.045180514454841614 57
1698161995349 0.044207777827978134 58
1698161995759 0.04367644712328911 59
1698161996186 0.042642563581466675 60
1698161996664 0.041988469660282135 61
1698161997092 0.04132682830095291 62
1698161997474 0.04056374356150627 63
1698161997908 0.03984753414988518 64
1698161998404 0.039134711027145386 65
1698161998873 0.03829893842339516 66
1698161999340 0.03757283464074135 67
1698161999836 0.036739010363817215 68
1698162000226 0.03636486455798149 69
1698162000626 0.035402677953243256 70
1698162001046 0.03496015816926956 71
1698162001431 0.03429945558309555 72
1698162001857 0.033591896295547485 73
1698162002259 0.03304868936538696 74
1698162002635 0.03220150247216225 75
1698162002989 0.03161408752202988 76
1698162003337 0.030988138169050217 77
1698162003724 0.030162472277879715 78
1698162004171 0.02981020323932171 79
1698162004552 0.029364073649048805 80
1698162004943 0.028848063200712204 81
1698162005381 0.028317000716924667 82
1698162005754 0.027803495526313782 83
1698162006210 0.02736777812242508 84
1698162006652 0.026605749502778053 85
1698162007135 0.02631610818207264 86
1698162007594 0.02621404267847538 87
1698162008017 0.025255249813199043 88
1698162008430 0.025147132575511932 89
1698162008938 0.024734940379858017 90
1698162009404 0.024343186989426613 91
1698162009859 0.024111518636345863 92
1698162010325 0.023570863530039787 93
1698162010731 0.023385051637887955 94
1698162011170 0.023042066022753716 95
1698162011546 0.022473884746432304 96
1698162011955 0.02212394028902054 97
1698162012347 0.022037310525774956 98
1698162012816 0.021663153544068336 99
