1698161857706 20750.6640625 0
1698161859809 145651.953125 1
1698161861551 92232.6953125 2
1698161863196 91522.265625 3
1698161864833 80263.8828125 4
1698161866621 77727.921875 5
1698161868478 81387.6484375 6
1698161870137 74480.3125 7
1698161871912 70659.4921875 8
1698161873949 76558.4765625 9
1698161875791 66259.71875 10
1698161877565 70731.265625 11
1698161879308 66411.421875 12
1698161881157 59457.79296875 13
1698161882986 58275.16796875 14
1698161884858 45993.5390625 15
1698161886519 68545.34375 16
1698161888270 55189.16796875 17
1698161890027 63573.8515625 18
1698161891810 74602.9921875 19
1698161893398 72383.4765625 20
1698161895298 70156.203125 21
1698161897117 55977.46484375 22
1698161898945 70937.2734375 23
1698161900584 64457.4375 24
1698161902282 58618.109375 25
1698161904029 52234.9375 26
