1698176029363 0.08123668283224106 0
1698176029736 0.007926642894744873 1
1698176030162 0.009454559534788132 2
1698176030538 0.00790945254266262 3
1698176030914 0.008077293634414673 4
1698176031292 0.007249295245856047 5
1698176031657 0.006793510168790817 6
1698176031997 0.006620464846491814 7
1698176032369 0.006320976186543703 8
1698176032719 0.005549292080104351 9
1698176033078 0.006021329201757908 10
1698176033443 0.006147858686745167 11
1698176033789 0.006703048944473267 12
1698176034148 0.006725972518324852 13
1698176034529 0.005812659859657288 14
1698176034954 0.006245363969355822 15
1698176035362 0.005288849584758282 16
1698176035729 0.006423568818718195 17
1698176036085 0.004889548756182194 18
1698176036435 0.005561457946896553 19
1698176036810 0.005296328105032444 20
1698176037185 0.0051590981893241405 21
1698176037540 0.005723950453102589 22
1698176037898 0.007120371330529451 23
1698176038274 0.005938530899584293 24
1698176038649 0.0049087232910096645 25
1698176039002 0.004917649086564779 26
1698176039418 0.005148078314960003 27
1698176039815 0.006249730009585619 28
1698176040290 0.005477031692862511 29
1698176040824 0.005672780331224203 30
1698176041380 0.007007834501564503 31
1698176041791 0.006963086314499378 32
1698176042203 0.005695384461432695 33
1698176042609 0.00804061908274889 34
1698176043008 0.006860064808279276 35
1698176043539 0.006453402806073427 36
1698176043949 0.005202811677008867 37
1698176044328 0.0052582453936338425 38
1698176044778 0.005899121519178152 39
1698176045239 0.006218865979462862 40
1698176045756 0.005650773178786039 41
1698176046193 0.00476569589227438 42
1698176046550 0.0052838074043393135 43
1698176046920 0.0047686477191746235 44
1698176047298 0.004670106805860996 45
1698176047653 0.0062616621144115925 46
1698176048004 0.006881956942379475 47
1698176048369 0.004501037765294313 48
1698176048732 0.004796051885932684 49
