1698153016311 73269.125 0
1698153017302 45033.94921875 1
1698153018305 28375.287109375 2
1698153019291 25715.72265625 3
1698153020285 35965.55859375 4
1698153021493 23860.447265625 5
1698153022458 23125.2421875 6
1698153023443 15549.9375 7
1698153024457 19494.2265625 8
1698153025453 11078.30859375 9
1698153026470 29214.54296875 10
1698153027468 9906.318359375 11
1698153028571 12424.2265625 12
1698153029760 15247.0693359375 13
1698153030840 10366.384765625 14
1698153031932 11995.9931640625 15
1698153032947 10385.4189453125 16
1698153033934 18080.03125 17
1698153035002 15871.4375 18
1698153035972 12725.2138671875 19
1698153037098 22652.396484375 20
1698153038127 10670.17578125 21
1698153039174 22949.919921875 22
1698153040216 13766.6328125 23
1698153041223 15132.5537109375 24
1698153042193 9898.220703125 25
1698153043184 16256.875 26
