1698179004460 0.40193837881088257 0
1698179004741 0.0438433401286602 1
1698179005037 0.021604273468255997 2
1698179005335 0.018416371196508408 3
1698179006241 0.016256434842944145 4
1698179006547 0.01452774740755558 5
1698179006883 0.014019396156072617 6
1698179007318 0.014451215043663979 7
1698179007603 0.011979850940406322 8
1698179007896 0.011896764859557152 9
1698179008259 0.009828279726207256 10
1698179008555 0.011422194540500641 11
1698179008861 0.010369708761572838 12
1698179009159 0.011535490863025188 13
1698179009454 0.010887548327445984 14
1698179009742 0.01075033564120531 15
1698179010027 0.010359136387705803 16
1698179010339 0.010149352252483368 17
1698179010627 0.011555436067283154 18
1698179010922 0.010641948319971561 19
1698179011239 0.009579090401530266 20
1698179011524 0.011741778813302517 21
1698179011817 0.009769541211426258 22
1698179012108 0.009615405462682247 23
1698179012412 0.01023196429014206 24
1698179012691 0.00964105874300003 25
1698179012999 0.009106126613914967 26
1698179013313 0.009926599450409412 27
1698179013603 0.009261521510779858 28
1698179013906 0.009909038431942463 29
1698179014215 0.009481089189648628 30
1698179014504 0.00939724687486887 31
1698179014819 0.009526943787932396 32
1698179015103 0.009600166231393814 33
1698179015421 0.008682039566338062 34
1698179015767 0.010479014366865158 35
1698179016078 0.008963177911937237 36
1698179016429 0.008814442902803421 37
1698179016736 0.008769997395575047 38
1698179017025 0.009040933102369308 39
1698179017352 0.008619130589067936 40
1698179017660 0.00860159657895565 41
1698179017942 0.00846647284924984 42
1698179018249 0.008704286068677902 43
1698179018532 0.00828542746603489 44
1698179018823 0.0078911567106843 45
1698179019126 0.008063222281634808 46
1698179019436 0.008293146267533302 47
1698179019730 0.008319134823977947 48
1698179020021 0.008527322672307491 49
