1698186511505 0.15265589952468872 0
1698186511767 0.028821146115660667 1
1698186511976 0.022244952619075775 2
1698186512190 0.018053025007247925 3
1698186512407 0.016090665012598038 4
1698186512609 0.013962813653051853 5
1698186512854 0.017183270305395126 6
1698186513067 0.013892430812120438 7
1698186513286 0.016403773799538612 8
1698186513502 0.0162818543612957 9
1698186513731 0.014214764349162579 10
1698186513948 0.016879171133041382 11
1698186514199 0.013419531285762787 12
1698186514420 0.012847506441175938 13
1698186514637 0.014315142296254635 14
1698186514860 0.013145189732313156 15
1698186515084 0.011009854264557362 16
1698186515305 0.013682329095900059 17
1698186515546 0.0114601394161582 18
1698186515772 0.011708255857229233 19
1698186515993 0.01237024087458849 20
1698186516211 0.014110362157225609 21
1698186516426 0.012350235134363174 22
1698186516647 0.012375438585877419 23
1698186516885 0.01141704898327589 24
1698186517118 0.011467935517430305 25
1698186517324 0.012574850581586361 26
1698186517551 0.011529459618031979 27
1698186517772 0.011753056198358536 28
1698186517986 0.00977166835218668 29
1698186518195 0.012135404162108898 30
1698186518414 0.010792641900479794 31
1698186518629 0.01073766965419054 32
1698186518857 0.010396301746368408 33
1698186519072 0.012178509496152401 34
1698186519290 0.009847140870988369 35
1698186519505 0.011660789139568806 36
1698186519743 0.011252335272729397 37
1698186519970 0.010536663234233856 38
1698186520187 0.01178908720612526 39
1698186520411 0.012497509829699993 40
1698186520633 0.01013314537703991 41
1698186520857 0.01169712282717228 42
1698186521111 0.011312410235404968 43
1698186521397 0.010956092737615108 44
1698186521653 0.010621339082717896 45
1698186521865 0.010345268063247204 46
1698186522098 0.011367124505341053 47
1698186522325 0.011969993822276592 48
1698186522590 0.01080730278044939 49
