1698180325225 0.2234552800655365 0
1698180325517 0.0401892326772213 1
1698180325818 0.018373936414718628 2
1698180326118 0.017235342413187027 3
1698180326438 0.014788535423576832 4
1698180326728 0.012996952049434185 5
1698180327022 0.013235865160822868 6
1698180327339 0.012783167883753777 7
1698180327630 0.011564711108803749 8
1698180327937 0.010479307733476162 9
1698180328247 0.009614402428269386 10
1698180328555 0.00872454047203064 11
1698180328855 0.009489165619015694 12
1698180329174 0.008634070865809917 13
1698180329496 0.00896785594522953 14
1698180329802 0.008808339945971966 15
1698180330105 0.008075851015746593 16
1698180330440 0.008230912499129772 17
1698180330733 0.008596326224505901 18
1698180331032 0.007935534231364727 19
1698180331344 0.008813979104161263 20
1698180331648 0.008640218526124954 21
1698180331951 0.008415261283516884 22
1698180332256 0.00784832239151001 23
1698180332594 0.007108256686478853 24
1698180332967 0.007610487286001444 25
1698180333291 0.007556897588074207 26
1698180333605 0.007551498245447874 27
1698180333971 0.007664503529667854 28
1698180334325 0.006564718205481768 29
1698180334677 0.007518781814724207 30
1698180335012 0.007790203671902418 31
1698180335330 0.009779090993106365 32
1698180335646 0.007572802249342203 33
1698180335953 0.007589745335280895 34
1698180336251 0.007375994697213173 35
1698180336572 0.006847460754215717 36
1698180336872 0.006782397162169218 37
1698180337172 0.007817047648131847 38
1698180337509 0.007304165977984667 39
1698180337809 0.006330042611807585 40
1698180338106 0.007503656204789877 41
1698180338433 0.0077181910164654255 42
1698180338816 0.0070790178142488 43
1698180339116 0.006850745063275099 44
1698180339440 0.007096064276993275 45
1698180339741 0.007795343175530434 46
1698180340039 0.006593254394829273 47
1698180340343 0.00591279985383153 48
1698180340656 0.006871611811220646 49
