1698180325225 68.31013488769531 0
1698180325517 44.97990417480469 1
1698180325818 22.490034103393555 2
1698180326118 19.34442901611328 3
1698180326438 17.452495574951172 4
1698180326728 15.982645034790039 5
1698180327022 15.103044509887695 6
1698180327339 14.512628555297852 7
1698180327630 13.228292465209961 8
1698180327937 13.383569717407227 9
1698180328247 11.466049194335938 10
1698180328555 12.36273193359375 11
1698180328855 11.726720809936523 12
1698180329174 12.039947509765625 13
1698180329496 11.505882263183594 14
1698180329802 11.516546249389648 15
1698180330105 11.170894622802734 16
1698180330440 10.792479515075684 17
1698180330733 10.706443786621094 18
1698180331032 10.818047523498535 19
1698180331344 11.05748462677002 20
1698180331648 10.818052291870117 21
1698180331951 10.830085754394531 22
1698180332256 10.28504467010498 23
1698180332594 11.34632682800293 24
1698180332967 10.67817211151123 25
1698180333291 10.783914566040039 26
1698180333605 10.106374740600586 27
1698180333971 11.250829696655273 28
1698180334325 9.929323196411133 29
1698180334677 10.513992309570312 30
1698180335012 10.842411994934082 31
1698180335330 11.601860046386719 32
1698180335646 10.22457218170166 33
1698180335953 9.959799766540527 34
1698180336251 9.99493408203125 35
1698180336572 10.193530082702637 36
1698180336872 9.364161491394043 37
1698180337172 9.544486999511719 38
1698180337509 10.188166618347168 39
1698180337809 9.107869148254395 40
1698180338106 9.378787994384766 41
1698180338433 11.11310863494873 42
1698180338816 9.525649070739746 43
1698180339116 9.304006576538086 44
1698180339440 9.3851957321167 45
1698180339741 9.631976127624512 46
1698180340039 9.208351135253906 47
1698180340343 8.787796020507812 48
1698180340656 8.892145156860352 49
