1698184126148 80.02400207519531 0
1698184126352 41.98177719116211 1
1698184126538 37.260719299316406 2
1698184126719 43.821624755859375 3
1698184126912 37.59980010986328 4
1698184127108 30.161046981811523 5
1698184127376 24.573238372802734 6
1698184127617 21.182659149169922 7
1698184127807 19.070863723754883 8
1698184127992 17.689218521118164 9
1698184128181 16.864566802978516 10
1698184128440 16.54186248779297 11
1698184128657 15.92166519165039 12
1698184128865 16.004655838012695 13
1698184129067 15.982987403869629 14
1698184129288 15.323232650756836 15
1698184129501 14.894796371459961 16
1698184129731 15.495475769042969 17
1698184129952 15.30960464477539 18
1698184130141 14.641834259033203 19
1698184130353 14.926258087158203 20
1698184130544 13.906868934631348 21
1698184130729 14.440396308898926 22
1698184130924 14.592581748962402 23
1698184131115 14.62024211883545 24
1698184131328 13.913466453552246 25
1698184131517 14.00497055053711 26
1698184131703 14.018454551696777 27
1698184131895 14.780457496643066 28
1698184132078 14.110699653625488 29
1698184132280 14.32459831237793 30
1698184132491 14.470009803771973 31
1698184132670 13.806960105895996 32
1698184132861 14.139334678649902 33
1698184133049 14.020255088806152 34
1698184133237 12.852622985839844 35
1698184133451 13.049824714660645 36
1698184133648 13.083967208862305 37
1698184133838 12.885580062866211 38
1698184134029 13.298881530761719 39
1698184134215 13.016678810119629 40
1698184134428 12.842655181884766 41
1698184134615 13.44428825378418 42
1698184134798 13.300458908081055 43
1698184134989 13.05617904663086 44
1698184135179 13.39323616027832 45
1698184135404 13.238775253295898 46
1698184135596 13.128538131713867 47
1698184135783 13.321674346923828 48
1698184135972 13.747834205627441 49
