1698177397512 505075.5 0
1698177397834 19141.220703125 1
1698177398266 20912.697265625 2
1698177398639 12073.083984375 3
1698177399050 12513.7451171875 4
1698177399462 15394.4609375 5
1698177399892 12690.791015625 6
1698177400387 13469.640625 7
1698177400983 13310.669921875 8
1698177401387 15149.328125 9
1698177401753 14099.1572265625 10
1698177402271 14896.9677734375 11
1698177402627 12105.3623046875 12
1698177402983 16154.8046875 13
1698177403349 14107.587890625 14
1698177403683 10784.0908203125 15
1698177404049 10529.4677734375 16
1698177404590 13323.25390625 17
1698177404990 13802.6728515625 18
1698177405356 12486.4482421875 19
1698177405819 12260.796875 20
1698177406170 14789.220703125 21
1698177406553 12133.130859375 22
1698177407017 10231.341796875 23
1698177407412 10758.412109375 24
1698177407809 11934.3330078125 25
1698177408193 11611.611328125 26
1698177408538 13453.9267578125 27
1698177409089 12512.1923828125 28
1698177409495 10173.69921875 29
1698177409907 10817.8291015625 30
1698177410403 15679.3642578125 31
1698177410829 12183.462890625 32
1698177411158 11831.71875 33
1698177411588 11909.4755859375 34
1698177412239 9227.138671875 35
1698177412710 10186.703125 36
1698177413041 14383.966796875 37
1698177413363 11622.755859375 38
1698177413685 17613.884765625 39
1698177414075 13460.4833984375 40
1698177414497 10889.03515625 41
1698177414842 11112.9765625 42
1698177415217 10135.1650390625 43
1698177415544 12321.169921875 44
1698177415854 19898.900390625 45
1698177416257 11913.9267578125 46
1698177416682 10315.29296875 47
1698177417010 9757.0302734375 48
1698177417366 10607.99609375 49
