1698173591070 0.0003775684454012662 0
1698173591287 6.97555296937935e-05 1
1698173591527 6.21607105131261e-05 2
1698173591751 6.386212771758437e-05 3
1698173591964 5.438170046545565e-05 4
1698173592185 5.0341037422185764e-05 5
1698173592414 4.877881656284444e-05 6
1698173592640 6.094046693760902e-05 7
1698173592865 5.0102153181796893e-05 8
1698173593089 4.668548353947699e-05 9
1698173593313 5.265897198114544e-05 10
1698173593552 4.414115392137319e-05 11
1698173593773 4.817668741452508e-05 12
1698173594003 4.373658157419413e-05 13
1698173594222 4.244627780281007e-05 14
1698173594490 4.121584788663313e-05 15
1698173594866 4.545168121694587e-05 16
1698173595247 4.162830737186596e-05 17
1698173595500 4.7167261072900146e-05 18
1698173595734 3.879938230966218e-05 19
1698173595944 4.098912904737517e-05 20
1698173596206 3.7875608541071415e-05 21
1698173596449 4.0688097215024754e-05 22
1698173596665 4.640661063604057e-05 23
1698173596888 4.159917079959996e-05 24
1698173597114 3.627451587817632e-05 25
1698173597344 4.138825897825882e-05 26
1698173597582 4.702032674686052e-05 27
1698173597801 3.646624827524647e-05 28
1698173598015 4.31729422416538e-05 29
1698173598231 4.249998528393917e-05 30
1698173598469 3.9730781281832606e-05 31
1698173598692 3.480523810139857e-05 32
1698173598911 3.733165067387745e-05 33
1698173599146 3.83820770366583e-05 34
1698173599377 3.7567009712802246e-05 35
1698173599614 3.652001760201529e-05 36
1698173599835 3.424841634114273e-05 37
1698173600056 3.605491292546503e-05 38
1698173600292 3.8795184082118794e-05 39
1698173600568 3.59590194420889e-05 40
1698173600790 3.904085315298289e-05 41
1698173601010 4.2999636207241565e-05 42
1698173601221 3.7398876884253696e-05 43
1698173601469 3.800207923632115e-05 44
1698173601696 5.0126018322771415e-05 45
1698173601920 4.489316779654473e-05 46
1698173602139 4.264450763002969e-05 47
1698173602378 3.3436335797887295e-05 48
1698173602608 3.879811993101612e-05 49
