1698173591070 68.5042495727539 0
1698173591287 31.219078063964844 1
1698173591527 26.45124626159668 2
1698173591751 18.863788604736328 3
1698173591964 22.789424896240234 4
1698173592185 22.523550033569336 5
1698173592414 18.19928550720215 6
1698173592640 25.660755157470703 7
1698173592865 20.096908569335938 8
1698173593089 17.69384002685547 9
1698173593313 20.992130279541016 10
1698173593552 21.072420120239258 11
1698173593773 18.82046890258789 12
1698173594003 18.822874069213867 13
1698173594222 19.71369171142578 14
1698173594490 16.2692813873291 15
1698173594866 21.026737213134766 16
1698173595247 17.872528076171875 17
1698173595500 17.831920623779297 18
1698173595734 16.383333206176758 19
1698173595944 16.602752685546875 20
1698173596206 18.33213996887207 21
1698173596449 17.420576095581055 22
1698173596665 18.900856018066406 23
1698173596888 20.47218132019043 24
1698173597114 13.733059883117676 25
1698173597344 19.034255981445312 26
1698173597582 22.497634887695312 27
1698173597801 16.4976806640625 28
1698173598015 18.193105697631836 29
1698173598231 20.895111083984375 30
1698173598469 16.63714027404785 31
1698173598692 13.13076400756836 32
1698173598911 12.690313339233398 33
1698173599146 18.09364128112793 34
1698173599377 13.593283653259277 35
1698173599614 16.0057430267334 36
1698173599835 13.212329864501953 37
1698173600056 18.216154098510742 38
1698173600292 16.906299591064453 39
1698173600568 15.797272682189941 40
1698173600790 20.684728622436523 41
1698173601010 24.21335220336914 42
1698173601221 18.98358917236328 43
1698173601469 18.39329719543457 44
1698173601696 27.69416618347168 45
1698173601920 24.25831413269043 46
1698173602139 22.62777328491211 47
1698173602378 12.984099388122559 48
1698173602608 18.44569206237793 49
