1698152862766 28502.435546875 0
1698152863620 57608.61328125 1
1698152864394 35314.984375 2
1698152865188 32133.439453125 3
1698152866006 23323.8984375 4
1698152866809 10757.080078125 5
1698152867640 8422.73046875 6
1698152868692 14828.1591796875 7
1698152869492 18948.755859375 8
1698152870276 8393.9501953125 9
1698152871329 13811.5 10
1698152872110 10323.6083984375 11
1698152872910 26774.724609375 12
1698152873754 13057.861328125 13
1698152874523 19601.0859375 14
1698152875338 9424.357421875 15
