1698183302306 22.168397903442383 0
1698183302640 10.926173210144043 1
1698183302970 10.832106590270996 2
1698183303329 10.645297050476074 3
1698183303662 10.094925880432129 4
1698183303994 9.006430625915527 5
1698183304353 8.5960054397583 6
1698183304693 9.982488632202148 7
1698183305028 10.292356491088867 8
1698183305387 9.076400756835938 9
1698183305724 8.241201400756836 10
1698183306064 7.8635663986206055 11
1698183306414 8.4873685836792 12
1698183306751 7.833282470703125 13
1698183307094 8.219350814819336 14
1698183307474 8.870658874511719 15
1698183307848 9.16711711883545 16
1698183308204 8.331390380859375 17
1698183308556 8.33218002319336 18
1698183308889 8.1080322265625 19
1698183309243 7.768893241882324 20
1698183309648 8.073885917663574 21
1698183309992 7.392052173614502 22
1698183310384 8.167019844055176 23
1698183310804 7.311690330505371 24
1698183311178 8.201071739196777 25
1698183311518 8.372808456420898 26
1698183311862 9.47476863861084 27
1698183312216 7.989378452301025 28
1698183312556 6.897408962249756 29
1698183312899 7.618081092834473 30
1698183313257 7.941040515899658 31
1698183313594 7.30397367477417 32
1698183313940 6.92009162902832 33
1698183314283 7.6067376136779785 34
1698183314625 7.972335338592529 35
1698183315052 7.564255237579346 36
1698183315413 7.203526973724365 37
1698183315753 6.996011734008789 38
1698183316107 6.733096599578857 39
1698183316461 7.735589504241943 40
1698183316798 7.590560436248779 41
1698183317136 7.775200843811035 42
1698183317484 7.910096645355225 43
1698183317835 7.057424545288086 44
1698183318179 7.733523368835449 45
1698183318529 6.810469150543213 46
1698183318970 8.816800117492676 47
1698183319332 8.101186752319336 48
1698183319672 6.9178690910339355 49
