1698182533189 22.009654998779297 0
1698182533539 9.685032844543457 1
1698182533783 8.32558536529541 2
1698182534029 8.665972709655762 3
1698182534275 8.545268058776855 4
1698182534536 8.88901138305664 5
1698182534825 8.412797927856445 6
1698182535136 8.590781211853027 7
1698182535407 6.9714741706848145 8
1698182535655 7.378530979156494 9
1698182535896 9.368867874145508 10
1698182536142 8.737027168273926 11
1698182536411 7.290902137756348 12
1698182536650 6.824657440185547 13
1698182536890 6.2676682472229 14
1698182537136 9.737320899963379 15
1698182537405 8.453441619873047 16
1698182537655 6.250056743621826 17
1698182537899 6.291685581207275 18
1698182538144 6.515017032623291 19
1698182538423 8.362689018249512 20
1698182538674 9.77743148803711 21
1698182538922 6.811402320861816 22
1698182539168 7.106237888336182 23
1698182539438 6.8121562004089355 24
1698182539686 6.489028453826904 25
1698182539935 6.440992832183838 26
1698182540189 6.729716777801514 27
1698182540472 8.734414100646973 28
1698182540729 8.10877799987793 29
1698182540979 8.421798706054688 30
1698182541224 5.756198883056641 31
1698182541507 5.486124038696289 32
1698182541766 5.624312400817871 33
1698182542007 5.575482368469238 34
1698182542258 9.941266059875488 35
1698182542540 5.82976770401001 36
1698182542850 10.283346176147461 37
1698182543186 9.023193359375 38
1698182543434 8.0274658203125 39
1698182543693 7.614700794219971 40
1698182543979 6.840883255004883 41
1698182544278 5.413060665130615 42
1698182544575 5.525211811065674 43
1698182544842 5.602899074554443 44
1698182545125 6.088385581970215 45
1698182545436 7.434976100921631 46
1698182545689 6.265380859375 47
1698182545946 5.410667419433594 48
1698182546198 6.131371974945068 49
