1698184896147 8211.4072265625 0
1698184896288 1952.5692138671875 1
1698184896417 6367.59521484375 2
1698184896545 2734.685302734375 3
1698184896676 1865.3052978515625 4
1698184896806 19671.533203125 5
1698184896925 9763.5546875 6
1698184897044 11529.53515625 7
1698184897164 10896.3798828125 8
1698184897291 7889.99658203125 9
1698184897434 9553.0810546875 10
1698184897568 18496.310546875 11
1698184897700 360.4679260253906 12
1698184897846 3464.909423828125 13
1698184897976 7888.51806640625 14
1698184898107 12600.1357421875 15
1698184898238 13467.2763671875 16
1698184898378 6203.2236328125 17
1698184898508 11506.5126953125 18
1698184898639 10924.0458984375 19
1698184898777 8150.2060546875 20
1698184898904 12557.0537109375 21
1698184899030 20866.4765625 22
1698184899151 15113.744140625 23
1698184899283 2592.51025390625 24
1698184899436 9802.6591796875 25
1698184899562 672.4950561523438 26
1698184899691 12477.0478515625 27
1698184899821 21479.837890625 28
1698184899952 6149.16650390625 29
1698184900071 21478.271484375 30
1698184900231 4093.84814453125 31
1698184900376 4118.55615234375 32
1698184900516 5631.62451171875 33
1698184900656 21238.11328125 34
1698184900788 6901.18017578125 35
1698184900962 36877.48828125 36
1698184901116 16237.482421875 37
1698184901265 8307.134765625 38
1698184901395 19766.904296875 39
1698184901526 688.651611328125 40
1698184901670 27656.083984375 41
1698184901815 25208.31640625 42
1698184901979 8576.73046875 43
1698184902121 17182.900390625 44
1698184902259 1462.9036865234375 45
1698184902412 5388.6943359375 46
1698184902556 7888.6083984375 47
1698184902697 10737.2509765625 48
1698184902838 26482.53125 49
