1698161510551 78794.125 0
1698161510880 101114.3125 1
1698161511264 71226.9375 2
1698161511568 70828.0234375 3
1698161512011 63470.484375 4
1698161512380 67695.8671875 5
1698161512784 72325.75 6
1698161513151 75256.578125 7
1698161513474 69660.890625 8
1698161513815 65255.86328125 9
1698161514109 65503.8046875 10
1698161514400 54632.28515625 11
1698161514705 78022.890625 12
1698161514992 64702.296875 13
1698161515307 69133.1875 14
1698161515595 80228.1953125 15
1698161515889 74709.1328125 16
1698161516198 79230.7265625 17
1698161516502 61004.38671875 18
