1698186333701 9.524991989135742 0
1698186333824 0.8331062197685242 1
1698186333940 0.6288208961486816 2
1698186334053 0.7510720491409302 3
1698186334174 0.8326202034950256 4
1698186334323 0.6416665315628052 5
1698186334451 0.7060337662696838 6
1698186334571 0.728247344493866 7
1698186334725 0.6855676174163818 8
1698186334894 0.6764805316925049 9
1698186335030 0.666261613368988 10
1698186335138 0.7012543082237244 11
1698186335247 0.6276127099990845 12
1698186335375 0.6481847167015076 13
1698186335485 0.6444445252418518 14
1698186335606 0.6338481307029724 15
1698186335761 0.5974300503730774 16
1698186336551 0.6781541705131531 17
1698186336683 0.655509889125824 18
1698186336800 0.5760807394981384 19
1698186336930 0.628162682056427 20
1698186337058 0.6381733417510986 21
1698186337201 0.5775125026702881 22
1698186337325 0.5809429287910461 23
1698186337432 0.6001958847045898 24
1698186337549 0.6058047413825989 25
1698186337676 0.659411609172821 26
1698186337788 0.6173378825187683 27
1698186337902 0.5471687912940979 28
1698186338016 0.685320258140564 29
1698186338124 0.6307210326194763 30
1698186338227 0.595344603061676 31
1698186338331 0.5948790311813354 32
1698186338443 0.6047133207321167 33
1698186338546 0.6483938097953796 34
1698186338663 0.6790063977241516 35
1698186338785 0.5242632031440735 36
1698186338893 0.6216288208961487 37
1698186339002 0.47488123178482056 38
1698186339113 0.6776536107063293 39
1698186339230 0.6506912708282471 40
1698186339361 0.767439603805542 41
1698186339469 0.6193819046020508 42
1698186339573 0.5812007188796997 43
1698186339680 0.6229955554008484 44
1698186339785 0.5908554196357727 45
1698186339890 0.5105536580085754 46
1698186339995 0.6320890784263611 47
1698186340098 0.5546004772186279 48
1698186340203 0.6490784287452698 49
1698186340307 0.6418118476867676 50
1698186340412 0.5391806960105896 51
1698186340515 0.578763484954834 52
1698186340618 0.5764611959457397 53
1698186340748 0.659877598285675 54
1698186340860 0.5074542760848999 55
1698186340964 0.63886559009552 56
1698186341073 0.5646342635154724 57
1698186341178 0.6622576117515564 58
1698186341281 0.7074143886566162 59
1698186341383 0.6448895335197449 60
1698186341506 0.6186742186546326 61
1698186341609 0.5688731074333191 62
1698186341744 0.5740144848823547 63
1698186341864 0.5356197357177734 64
1698186341986 0.5923921465873718 65
1698186342102 0.6353456974029541 66
1698186342220 0.5895742177963257 67
1698186342340 0.5891867876052856 68
1698186342453 0.6291693449020386 69
1698186342567 0.7020904421806335 70
1698186342686 0.5745671391487122 71
1698186342817 0.5522768497467041 72
1698186342933 0.6045211553573608 73
1698186343050 0.6143259406089783 74
1698186343162 0.5515050292015076 75
1698186343275 0.5665627717971802 76
1698186343387 0.5522800087928772 77
1698186343500 0.6103798747062683 78
1698186343616 0.6242398023605347 79
1698186343754 0.5855895280838013 80
1698186343881 0.5626254677772522 81
1698186343992 0.6229830980300903 82
1698186344103 0.560989499092102 83
1698186344216 0.5960162281990051 84
1698186344332 0.5531555414199829 85
1698186344483 0.6444222927093506 86
1698186344601 0.5740378499031067 87
1698186344721 0.6498508453369141 88
1698186344834 0.5714722275733948 89
1698186344946 0.5834878087043762 90
1698186345057 0.5690121650695801 91
1698186345189 0.60804283618927 92
1698186345306 0.663821280002594 93
1698186345421 0.6154214143753052 94
1698186345531 0.5228315591812134 95
1698186345643 0.6209588646888733 96
1698186345761 0.47909432649612427 97
1698186345875 0.6149868369102478 98
1698186346000 0.6528376936912537 99
