1698184063062 0.009602473117411137 0
1698184063215 0.003389255842193961 1
1698184063373 0.002375971991568804 2
1698184063532 0.0018784005660563707 3
1698184063708 0.0020000161603093147 4
1698184063877 0.001780336839146912 5
1698184064031 0.0017070139292627573 6
1698184064192 0.001693475409410894 7
1698184064350 0.0014550997875630856 8
1698184064521 0.0014772050781175494 9
1698184064694 0.001380446832627058 10
1698184064866 0.0013322632294148207 11
1698184065031 0.0015254889149218798 12
1698184065196 0.001418719650246203 13
1698184065372 0.0013848196249455214 14
1698184065546 0.00130336987785995 15
1698184065711 0.0013295215321704745 16
1698184065874 0.001223280094563961 17
1698184066035 0.0011463611153885722 18
1698184066196 0.0012483132304623723 19
1698184066374 0.0012708823196589947 20
1698184066547 0.0010844840435311198 21
1698184066719 0.0011530782794579864 22
1698184066890 0.0012125888606533408 23
1698184067045 0.001161690684966743 24
1698184067212 0.0011783742811530828 25
1698184067377 0.0011974015505984426 26
1698184067540 0.0012715909397229552 27
1698184067732 0.001350343693047762 28
1698184067906 0.0010557235218584538 29
1698184068074 0.000935394549742341 30
1698184068240 0.0010063882218673825 31
1698184068402 0.0010366541100665927 32
1698184068569 0.0009228043491020799 33
1698184068756 0.0010061294306069613 34
1698184068920 0.001113377045840025 35
1698184069096 0.0010187361622229218 36
1698184069269 0.0009042739984579384 37
1698184069442 0.001104623544961214 38
1698184069606 0.0010403874330222607 39
1698184069794 0.0010182219557464123 40
1698184069967 0.0009605831000953913 41
1698184070138 0.0009391182102262974 42
1698184070315 0.001107929041609168 43
1698184070523 0.001093162689357996 44
1698184070695 0.0009591438574716449 45
1698184070864 0.0009730608435347676 46
1698184071045 0.0009228168055415154 47
1698184071209 0.0010060473578050733 48
1698184071400 0.0008974815136753023 49
