1698180755700 24.670612335205078 0
1698180755984 8.68813419342041 1
1698180756315 7.569703102111816 2
1698180756627 6.940784454345703 3
1698180756928 6.972057819366455 4
1698180757300 7.954183101654053 5
1698180757655 7.037517070770264 6
1698180757983 7.104791164398193 7
1698180758362 5.590455532073975 8
1698180758692 7.325024604797363 9
1698180759000 5.962968826293945 10
1698180759321 5.886119365692139 11
1698180759625 7.155470848083496 12
1698180759926 5.798403263092041 13
1698180760225 6.340303421020508 14
1698180760539 7.662726402282715 15
1698180760840 7.332956790924072 16
1698180761141 5.8811421394348145 17
1698180761455 6.876760005950928 18
1698180761765 5.878655433654785 19
1698180762070 6.648991584777832 20
1698180762406 5.742071628570557 21
1698180762713 6.4470295906066895 22
1698180763015 5.920206069946289 23
1698180763339 5.726785659790039 24
1698180763648 5.446053504943848 25
1698180763951 5.87029504776001 26
1698180764259 5.2706074714660645 27
1698180764586 7.5270209312438965 28
1698180764897 7.63688850402832 29
1698180765200 6.406179904937744 30
1698180765525 5.395340919494629 31
1698180765834 7.419347286224365 32
1698180766141 5.994375228881836 33
1698180766463 6.110896587371826 34
1698180766764 5.4033122062683105 35
1698180767096 6.478180885314941 36
1698180767405 5.329533576965332 37
1698180767704 5.333810806274414 38
1698180768043 4.974137306213379 39
1698180768434 5.185018062591553 40
1698180768778 6.07415771484375 41
1698180769123 6.929062366485596 42
1698180769490 5.534305572509766 43
1698180769797 5.664650917053223 44
1698180770103 6.391599178314209 45
1698180770427 5.749894142150879 46
1698180770732 5.567482948303223 47
1698180771034 7.476238250732422 48
1698180771342 5.702613353729248 49
