1698162975557 0.04472901672124863 0
1698162979558 0.023361235857009888 1
1698162982981 0.016040701419115067 2
1698162986428 0.013236714527010918 3
1698162989716 0.011224240995943546 4
1698162993828 0.009990230202674866 5
1698162997290 0.009282569400966167 6
1698163001642 0.008588897995650768 7
1698163004713 0.00816179160028696 8
1698163007362 0.007834777235984802 9
1698163010069 0.007635319139808416 10
1698163012772 0.00722808763384819 11
1698163015656 0.007036260329186916 12
1698163018481 0.006630047224462032 13
1698163021036 0.0067040338180959225 14
1698163023812 0.006366333458572626 15
1698163026700 0.006596588995307684 16
1698163029555 0.006556011736392975 17
1698163032231 0.006440422497689724 18
1698163034914 0.0064022415317595005 19
1698163037742 0.006265921983867884 20
1698163040969 0.006285232957452536 21
1698163043777 0.006431004032492638 22
1698163046542 0.006378631107509136 23
1698163049083 0.006289960350841284 24
1698163051733 0.006316343788057566 25
1698163054797 0.006216381210833788 26
