1698172956266 0.10154420882463455 0
1698172956538 0.009441565722227097 1
1698172956816 0.008628517389297485 2
1698172957194 0.007136612199246883 3
1698172957430 0.0077751558274030685 4
1698172957669 0.00704608578234911 5
1698172958000 0.00595121318474412 6
1698172958316 0.005786673165857792 7
1698172958598 0.005533927120268345 8
1698172958929 0.005534001160413027 9
1698172959172 0.004981328267604113 10
1698172959460 0.005274990573525429 11
1698172959837 0.004971226677298546 12
1698172960082 0.004960143938660622 13
1698172960376 0.004780714400112629 14
1698172960633 0.00489561352878809 15
1698172960863 0.004736036062240601 16
1698172961102 0.004586740862578154 17
1698172961349 0.005280736833810806 18
1698172961576 0.004951010923832655 19
1698172961797 0.004525225609540939 20
1698172962026 0.004666048567742109 21
1698172962283 0.00456240214407444 22
1698172962516 0.005160216707736254 23
1698172962742 0.00480442401021719 24
1698172962964 0.0047267586924135685 25
1698172963185 0.004444913938641548 26
1698172963444 0.003998136147856712 27
1698172963681 0.003959721885621548 28
1698172963911 0.004700802266597748 29
1698172964144 0.004475096240639687 30
1698172964382 0.004318539053201675 31
1698172964620 0.004217048175632954 32
1698172964841 0.00440855510532856 33
1698172965075 0.004168694373220205 34
1698172965330 0.004755324684083462 35
1698172965563 0.003941759001463652 36
1698172965796 0.0041554151102900505 37
1698172966033 0.0038647952023893595 38
1698172966268 0.004038936924189329 39
1698172966591 0.004398500546813011 40
1698172966829 0.0041492534801363945 41
1698172967063 0.00367422541603446 42
1698172967452 0.0036907808389514685 43
1698172967805 0.003848235821351409 44
1698172968076 0.003794911550357938 45
1698172968442 0.0036921913269907236 46
1698172968689 0.004581867717206478 47
1698172968960 0.003529277862980962 48
1698172969209 0.0038840898778289557 49
