1698172956266 43.42839050292969 0
1698172956538 14.378314018249512 1
1698172956816 13.53060531616211 2
1698172957194 11.959370613098145 3
1698172957430 11.75236701965332 4
1698172957669 11.580645561218262 5
1698172958000 10.608049392700195 6
1698172958316 10.189506530761719 7
1698172958598 10.190838813781738 8
1698172958929 10.203813552856445 9
1698172959172 9.81997299194336 10
1698172959460 9.429173469543457 11
1698172959837 9.610540390014648 12
1698172960082 9.655675888061523 13
1698172960376 9.499958038330078 14
1698172960633 9.366325378417969 15
1698172960863 9.500722885131836 16
1698172961102 9.327634811401367 17
1698172961349 9.165533065795898 18
1698172961576 9.441798210144043 19
1698172961797 9.432863235473633 20
1698172962026 8.775229454040527 21
1698172962283 8.800965309143066 22
1698172962516 9.315411567687988 23
1698172962742 9.236063957214355 24
1698172962964 8.882196426391602 25
1698172963185 9.10682201385498 26
1698172963444 8.516026496887207 27
1698172963681 8.336956977844238 28
1698172963911 8.801058769226074 29
1698172964144 8.897266387939453 30
1698172964382 8.622903823852539 31
1698172964620 8.741170883178711 32
1698172964841 8.472270011901855 33
1698172965075 8.412077903747559 34
1698172965330 8.990464210510254 35
1698172965563 8.314644813537598 36
1698172965796 8.43126106262207 37
1698172966033 7.9345703125 38
1698172966268 8.346292495727539 39
1698172966591 8.130594253540039 40
1698172966829 8.1692476272583 41
1698172967063 8.328424453735352 42
1698172967452 8.20054817199707 43
1698172967805 8.137112617492676 44
1698172968076 8.043099403381348 45
1698172968442 7.992568492889404 46
1698172968689 8.508578300476074 47
1698172968960 7.742556571960449 48
1698172969209 7.9502058029174805 49
