1698180021348 0.22907087206840515 0
1698180021566 0.057373277842998505 1
1698180021796 0.056435905396938324 2
1698180022038 0.04938380792737007 3
1698180022288 0.053730309009552 4
1698180022540 0.039308927953243256 5
1698180022773 0.03407202661037445 6
1698180023008 0.04972927272319794 7
1698180023261 0.042177487164735794 8
1698180023498 0.037840526551008224 9
1698180023730 0.036730337888002396 10
1698180023967 0.03540833666920662 11
1698180024231 0.03460117429494858 12
1698180024470 0.03446177393198013 13
1698180024710 0.03222169354557991 14
1698180024975 0.03230605274438858 15
1698180025232 0.028379712253808975 16
1698180025467 0.03344515711069107 17
1698180025715 0.02623939700424671 18
1698180025992 0.02451251447200775 19
1698180026287 0.028565648943185806 20
1698180026546 0.028011504560709 21
1698180026824 0.025974055752158165 22
1698180027219 0.026165703311562538 23
1698180027478 0.0243813619017601 24
1698180027714 0.024792253971099854 25
1698180027951 0.024403972551226616 26
1698180028201 0.03168748319149017 27
1698180028434 0.024542244151234627 28
1698180028664 0.023328568786382675 29
1698180028902 0.02934536151587963 30
1698180029154 0.028341025114059448 31
1698180029405 0.023566747084259987 32
1698180029638 0.02249128371477127 33
1698180029869 0.02239183522760868 34
1698180030100 0.02438630722463131 35
1698180030355 0.024369100108742714 36
1698180030598 0.02298852801322937 37
1698180030829 0.026456700637936592 38
1698180031070 0.02385737933218479 39
1698180031342 0.019556384533643723 40
1698180031579 0.02453712932765484 41
1698180031816 0.023479420691728592 42
1698180032057 0.023668620735406876 43
1698180032314 0.024167325347661972 44
1698180032565 0.023584792390465736 45
1698180032813 0.022395620122551918 46
1698180033052 0.021628452464938164 47
1698180033319 0.023437809199094772 48
1698180033565 0.023310858756303787 49
