1698180880469 3131499.25 0
1698180880643 2018951.125 1
1698180880767 795783.9375 2
1698180880905 627578.875 3
1698180881041 552711.9375 4
1698180881192 562869.6875 5
1698180881324 493881.53125 6
1698180881462 447984.125 7
1698180881594 523939.59375 8
1698180881727 379881.84375 9
1698180881875 310958.125 10
1698180882010 372711.09375 11
1698180882145 315994.5 12
1698180882295 324225.46875 13
1698180882434 288551.71875 14
1698180882578 356775.25 15
1698180882727 355188.53125 16
1698180882863 310821.84375 17
1698180883005 314940.84375 18
1698180883137 284318.5 19
1698180883269 278004.5 20
1698180883406 222984.421875 21
1698180883558 232344.109375 22
1698180883695 235599.84375 23
1698180883836 219882.859375 24
1698180883989 218863.890625 25
1698180884163 215875.015625 26
1698180884305 187072.40625 27
1698180884449 232406.0625 28
1698180884608 242580.109375 29
1698180884771 262289.9375 30
1698180884919 234906.78125 31
1698180885069 185074.390625 32
1698180885225 191236.53125 33
1698180885353 176576.09375 34
1698180885494 177003.6875 35
1698180885636 200390.421875 36
1698180885773 194064.640625 37
1698180885910 187773.25 38
1698180886046 200127.90625 39
1698180886180 189436.8125 40
1698180886314 190565.171875 41
1698180886453 204751.484375 42
1698180886591 159840.453125 43
1698180886740 219854.453125 44
1698180886886 184090.90625 45
1698180887024 148247.640625 46
1698180887174 187124.109375 47
1698180887301 173666.265625 48
1698180887440 166568.15625 49
