1698180880469 99.78620147705078 0
1698180880643 78.58245086669922 1
1698180880767 43.23077392578125 2
1698180880905 35.66880416870117 3
1698180881041 33.486392974853516 4
1698180881192 32.83304214477539 5
1698180881324 31.524267196655273 6
1698180881462 29.683984756469727 7
1698180881594 30.25917625427246 8
1698180881727 27.85555648803711 9
1698180881875 26.014419555664062 10
1698180882010 27.449243545532227 11
1698180882145 25.24875259399414 12
1698180882295 25.22037696838379 13
1698180882434 23.210092544555664 14
1698180882578 25.847869873046875 15
1698180882727 24.955909729003906 16
1698180882863 23.964693069458008 17
1698180883005 23.78472137451172 18
1698180883137 23.150693893432617 19
1698180883269 22.920028686523438 20
1698180883406 21.761871337890625 21
1698180883558 21.878631591796875 22
1698180883695 21.626901626586914 23
1698180883836 20.421329498291016 24
1698180883989 20.476919174194336 25
1698180884163 20.19037437438965 26
1698180884305 20.22047233581543 27
1698180884449 20.516159057617188 28
1698180884608 20.401161193847656 29
1698180884771 21.984134674072266 30
1698180884919 20.521493911743164 31
1698180885069 19.836896896362305 32
1698180885225 19.582380294799805 33
1698180885353 19.161006927490234 34
1698180885494 18.619129180908203 35
1698180885636 19.416465759277344 36
1698180885773 19.40863609313965 37
1698180885910 19.7145938873291 38
1698180886046 19.303756713867188 39
1698180886180 19.3543701171875 40
1698180886314 19.29918670654297 41
1698180886453 19.027313232421875 42
1698180886591 18.898204803466797 43
1698180886740 18.72472381591797 44
1698180886886 19.366750717163086 45
1698180887024 18.346923828125 46
1698180887174 18.90607452392578 47
1698180887301 18.34718132019043 48
1698180887440 18.280447006225586 49
