1698185101206 63247.2265625 0
1698185101442 49892.1796875 1
1698185102289 53481.61328125 2
1698185102554 33668.01953125 3
1698185102844 31368.759765625 4
1698185103140 36624.9921875 5
1698185103434 51866.71875 6
1698185103673 52485.08984375 7
1698185103901 65217.546875 8
1698185104170 70490.203125 9
1698185104476 50648.109375 10
1698185104734 28345.935546875 11
1698185105012 49381.51953125 12
1698185105275 7770.5966796875 13
1698185105571 90794.4765625 14
1698185105839 1089.845703125 15
1698185106075 55452.37109375 16
1698185106310 25195.97265625 17
1698185106562 14437.6083984375 18
1698185106813 68658.4765625 19
