1698178430372 0.058804240077733994 0
1698178430530 0.043308012187480927 1
1698178430685 0.03275125101208687 2
1698178430835 0.016950218006968498 3
1698178430987 0.0023855252657085657 4
1698178431129 0.0010142773389816284 5
1698178431290 0.0008272795821540058 6
1698178431437 0.0007803997723385692 7
1698178431596 0.0006701688398607075 8
1698178431748 0.0006464491016231477 9
1698178431901 0.0006086723878979683 10
1698178432049 0.0006067625363357365 11
1698178432201 0.0005987504264339805 12
1698178432364 0.0005776024190708995 13
1698178432517 0.0005926936282776296 14
1698178432675 0.0005930414772592485 15
1698178432825 0.0005395586485974491 16
1698178432974 0.0005613851826637983 17
1698178433131 0.0005564610473811626 18
1698178433308 0.0005889072199352086 19
1698178433461 0.0005528150941245258 20
1698178433612 0.0005448422161862254 21
1698178433791 0.0005522106075659394 22
1698178433982 0.0005316196475178003 23
1698178434139 0.0005669125239364803 24
1698178434318 0.000544295646250248 25
1698178434484 0.0005726662348024547 26
1698178434642 0.0005365716642700136 27
1698178434792 0.0005158258718438447 28
1698178434944 0.0005373710300773382 29
1698178435092 0.0005640945164486766 30
1698178435241 0.0005562148289754987 31
1698178435405 0.0005366408731788397 32
1698178435557 0.0005345743848010898 33
1698178435709 0.0005424724076874554 34
1698178435852 0.0005584456957876682 35
1698178436004 0.0005512982606887817 36
1698178436157 0.0005876350332982838 37
1698178436340 0.000540552253369242 38
1698178436483 0.0005197760183364153 39
1698178436625 0.0005383624229580164 40
1698178436778 0.0005380901275202632 41
1698178436944 0.0005297080497257411 42
1698178437104 0.0005175188998691738 43
1698178437256 0.000554891477804631 44
1698178437422 0.0005859186057932675 45
1698178437582 0.0005370344151742756 46
1698178437778 0.0005379031063057482 47
1698178437965 0.0005228472291491926 48
1698178438155 0.0005181520245969296 49
