1698188308373 90.38774871826172 0
1698188308504 16.46188735961914 1
1698188308638 6.109589576721191 2
1698188308791 6.143858432769775 3
1698188308921 5.604990005493164 4
1698188309058 5.2522053718566895 5
1698188309191 5.358976364135742 6
1698188309325 5.655803680419922 7
1698188309455 5.926876068115234 8
1698188309583 5.205262184143066 9
1698188309719 4.893279552459717 10
1698188309844 5.231655120849609 11
1698188309970 5.251490116119385 12
1698188310094 6.158102035522461 13
1698188310206 5.343805313110352 14
1698188310329 5.25059700012207 15
1698188310443 4.790572643280029 16
1698188310567 4.820170879364014 17
1698188310695 5.231781482696533 18
1698188310824 5.488352298736572 19
1698188310945 4.820693016052246 20
1698188311061 4.80437707901001 21
1698188311184 4.702417850494385 22
1698188311306 4.907689571380615 23
1698188311420 5.345844745635986 24
1698188311543 4.753270149230957 25
1698188311660 4.75151252746582 26
1698188311799 4.745092391967773 27
1698188311922 5.357942581176758 28
1698188312040 5.360106945037842 29
1698188312164 4.76014518737793 30
1698188312290 5.027242660522461 31
1698188312440 4.89581823348999 32
1698188312565 4.658356189727783 33
1698188312692 6.193441390991211 34
1698188312815 4.726272106170654 35
1698188312947 5.009027481079102 36
1698188313080 4.765600681304932 37
1698188313222 4.428656101226807 38
1698188313350 4.523719310760498 39
1698188313478 4.770266532897949 40
1698188313602 5.050795078277588 41
1698188313725 4.76019287109375 42
1698188313844 4.981415748596191 43
1698188313975 4.761260032653809 44
1698188314109 4.539102077484131 45
1698188314247 4.772275924682617 46
1698188314417 4.82759428024292 47
1698188314593 5.391077995300293 48
1698188314753 5.408853054046631 49
