1698187246398 29.570600509643555 0
1698187246623 15.431467056274414 1
1698187246818 13.613956451416016 2
1698187247011 13.854578018188477 3
1698187247215 13.476778030395508 4
1698187248076 12.967812538146973 5
1698187248272 12.800928115844727 6
1698187248457 11.582024574279785 7
1698187248686 12.076765060424805 8
1698187248892 11.38668441772461 9
1698187249093 11.57969856262207 10
1698187249288 11.532739639282227 11
1698187249495 11.100454330444336 12
1698187249721 11.429931640625 13
1698187249921 10.90353775024414 14
1698187250124 11.037487983703613 15
1698187250333 11.197152137756348 16
1698187250535 11.005401611328125 17
1698187250756 10.945709228515625 18
1698187250950 10.919018745422363 19
1698187251148 10.59705638885498 20
1698187251356 11.005193710327148 21
1698187251593 10.335355758666992 22
1698187251814 10.586037635803223 23
1698187252018 10.235518455505371 24
1698187252219 9.569635391235352 25
1698187252432 10.229452133178711 26
1698187252675 10.437889099121094 27
1698187252936 9.801057815551758 28
1698187253197 9.986587524414062 29
1698187253432 9.820990562438965 30
1698187253667 10.20804214477539 31
1698187253893 10.346308708190918 32
1698187254139 9.863747596740723 33
1698187254441 9.60367488861084 34
1698187254772 9.823781967163086 35
1698187254991 9.895907402038574 36
1698187255202 9.849325180053711 37
1698187255405 10.237407684326172 38
1698187255615 10.124473571777344 39
1698187255851 8.969861030578613 40
1698187256060 9.093809127807617 41
1698187256270 9.777907371520996 42
1698187256485 9.768221855163574 43
1698187256705 9.285155296325684 44
1698187256918 9.685750007629395 45
1698187257117 9.545949935913086 46
1698187257329 9.834033012390137 47
1698187257539 9.76882266998291 48
1698187257766 9.192672729492188 49
