1698182261994 0.09402241557836533 0
1698182262256 0.026565931737422943 1
1698182262543 0.019585708156228065 2
1698182262850 0.01964464969933033 3
1698182263131 0.020796386525034904 4
1698182263416 0.015561588108539581 5
1698182263719 0.015678877010941505 6
1698182264003 0.01542031578719616 7
1698182264285 0.013203184120357037 8
1698182264572 0.012378442101180553 9
1698182264867 0.015062441118061543 10
1698182265158 0.014901787042617798 11
1698182265446 0.013037405908107758 12
1698182265761 0.012694353237748146 13
1698182266040 0.010122827254235744 14
1698182266343 0.010527501814067364 15
1698182266639 0.010280348360538483 16
1698182266927 0.010668052360415459 17
1698182267216 0.012655280530452728 18
1698182267502 0.010691853240132332 19
1698182267815 0.010501179844141006 20
1698182268092 0.010435164906084538 21
1698182268378 0.009977120906114578 22
1698182268702 0.010143897496163845 23
1698182269048 0.01073989737778902 24
1698182269391 0.01053087878972292 25
1698182269700 0.011304911226034164 26
1698182270034 0.00924139004200697 27
1698182270341 0.010911917313933372 28
1698182270632 0.01066760066896677 29
1698182270936 0.010762590914964676 30
1698182271230 0.009567925706505775 31
1698182271535 0.009448927827179432 32
1698182271826 0.010239764116704464 33
1698182272102 0.009594524279236794 34
1698182272380 0.009066197089850903 35
1698182272669 0.008567284792661667 36
1698182272969 0.009308547712862492 37
1698182273251 0.00970282219350338 38
1698182273538 0.009706517681479454 39
1698182273846 0.010017761029303074 40
1698182274150 0.009732610546052456 41
1698182274451 0.011081659235060215 42
1698182274740 0.008146597072482109 43
1698182275031 0.00868198648095131 44
1698182275322 0.00839744508266449 45
1698182275635 0.00854927022010088 46
1698182275948 0.010759115219116211 47
1698182276238 0.008625922724604607 48
1698182276517 0.008489525876939297 49
