1698182261994 22.42277717590332 0
1698182262256 14.049095153808594 1
1698182262543 11.357222557067871 2
1698182262850 11.497426986694336 3
1698182263131 11.730745315551758 4
1698182263416 9.986037254333496 5
1698182263719 10.276829719543457 6
1698182264003 10.350135803222656 7
1698182264285 9.030628204345703 8
1698182264572 9.084630012512207 9
1698182264867 10.228683471679688 10
1698182265158 9.831300735473633 11
1698182265446 8.678091049194336 12
1698182265761 8.555116653442383 13
1698182266040 8.024608612060547 14
1698182266343 8.167435646057129 15
1698182266639 8.111191749572754 16
1698182266927 8.297745704650879 17
1698182267216 8.948718070983887 18
1698182267502 8.193412780761719 19
1698182267815 8.41542911529541 20
1698182268092 7.71955680847168 21
1698182268378 8.221724510192871 22
1698182268702 7.848304748535156 23
1698182269048 7.760659217834473 24
1698182269391 7.755401134490967 25
1698182269700 8.034805297851562 26
1698182270034 7.579890251159668 27
1698182270341 8.336509704589844 28
1698182270632 7.989259719848633 29
1698182270936 7.654703617095947 30
1698182271230 7.67076301574707 31
1698182271535 7.465715408325195 32
1698182271826 7.7414445877075195 33
1698182272102 7.864790439605713 34
1698182272380 7.341296672821045 35
1698182272669 6.79991340637207 36
1698182272969 7.541146755218506 37
1698182273251 7.496896266937256 38
1698182273538 7.605213642120361 39
1698182273846 7.623297691345215 40
1698182274150 8.001160621643066 41
1698182274451 8.166640281677246 42
1698182274740 6.747806549072266 43
1698182275031 6.967926025390625 44
1698182275322 7.248796463012695 45
1698182275635 7.043066024780273 46
1698182275948 7.877249717712402 47
1698182276238 7.242287635803223 48
1698182276517 7.196264266967773 49
