1698158875572 0.7291234135627747 0
1698158876543 0.5051285624504089 1
1698158877531 0.4040389657020569 2
1698158878531 0.26170995831489563 3
1698158879559 0.184565007686615 4
1698158880630 0.1354702264070511 5
1698158881637 0.10461156070232391 6
1698158882567 0.08320588618516922 7
1698158883497 0.07361287623643875 8
1698158884466 0.05510038882493973 9
1698158885423 0.04370088875293732 10
1698158886441 0.03699719160795212 11
1698158887435 0.034519217908382416 12
1698158888493 0.03327202424407005 13
1698158889677 0.03207511454820633 14
1698158890642 0.031447432935237885 15
1698158891686 0.032356198877096176 16
