1698158875572 120.32906341552734 0
1698158876543 250.8534393310547 1
1698158877531 202.1791229248047 2
1698158878531 158.26458740234375 3
1698158879559 103.41645050048828 4
1698158880630 92.43800354003906 5
1698158881637 83.17344665527344 6
1698158882567 73.4176254272461 7
1698158883497 63.01301956176758 8
1698158884466 58.500335693359375 9
1698158885423 55.093223571777344 10
1698158886441 48.87334442138672 11
1698158887435 46.189544677734375 12
1698158888493 44.59050369262695 13
1698158889677 40.97720718383789 14
1698158890642 39.708919525146484 15
1698158891686 40.569236755371094 16
