1698176300925 0.2559414207935333 0
1698176301129 0.05013956502079964 1
1698176301313 0.034243132919073105 2
1698176301508 0.03129522129893303 3
1698176301700 0.025454936549067497 4
1698176301891 0.02606530673801899 5
1698176302082 0.025952255353331566 6
1698176302273 0.024308225139975548 7
1698176302461 0.02391786314547062 8
1698176302657 0.022545885294675827 9
1698176302843 0.021586786955595016 10
1698176303032 0.0194418802857399 11
1698176303226 0.021329907700419426 12
1698176303420 0.021833283826708794 13
1698176303612 0.019643446430563927 14
1698176303800 0.01861751452088356 15
1698176304000 0.016419846564531326 16
1698176304219 0.016837595030665398 17
1698176304417 0.015004518441855907 18
1698176304616 0.01772875338792801 19
1698176304840 0.014802010729908943 20
1698176305033 0.01588618755340576 21
1698176305219 0.017019378021359444 22
1698176305433 0.014413494616746902 23
1698176305687 0.01667741872370243 24
1698176305873 0.014553241431713104 25
1698176306050 0.014954054728150368 26
1698176306236 0.01443328894674778 27
1698176306419 0.01247729267925024 28
1698176306657 0.01590593531727791 29
1698176306844 0.014857538975775242 30
1698176307033 0.015863550826907158 31
1698176307240 0.014221488498151302 32
1698176307430 0.014863205142319202 33
1698176307622 0.013587038032710552 34
1698176307812 0.012088184244930744 35
1698176307993 0.012777878902852535 36
1698176308181 0.014997153542935848 37
1698176308367 0.013701831921935081 38
1698176308552 0.012654691934585571 39
1698176308748 0.011946548707783222 40
1698176308936 0.011223431676626205 41
1698176309129 0.01311785914003849 42
1698176309325 0.012180461548268795 43
1698176309514 0.013582896441221237 44
1698176309713 0.014062965288758278 45
1698176309903 0.012952568009495735 46
1698176310078 0.01376955397427082 47
1698176310259 0.013780366629362106 48
1698176310465 0.012353803031146526 49
