1698176300925 76.63799285888672 0
1698176301129 31.03840446472168 1
1698176301313 26.0180721282959 2
1698176301508 23.577177047729492 3
1698176301700 20.466087341308594 4
1698176301891 20.766878128051758 5
1698176302082 20.009544372558594 6
1698176302273 19.566553115844727 7
1698176302461 18.3304500579834 8
1698176302657 18.355905532836914 9
1698176302843 17.494417190551758 10
1698176303032 16.649864196777344 11
1698176303226 16.0654296875 12
1698176303420 16.625354766845703 13
1698176303612 16.646501541137695 14
1698176303800 15.649439811706543 15
1698176304000 15.064476013183594 16
1698176304219 14.272017478942871 17
1698176304417 14.094806671142578 18
1698176304616 15.270617485046387 19
1698176304840 14.691143035888672 20
1698176305033 14.344842910766602 21
1698176305219 14.752676963806152 22
1698176305433 13.96634578704834 23
1698176305687 13.949564933776855 24
1698176305873 13.484732627868652 25
1698176306050 13.710888862609863 26
1698176306236 13.156423568725586 27
1698176306419 13.226568222045898 28
1698176306657 14.25471019744873 29
1698176306844 13.667542457580566 30
1698176307033 12.865964889526367 31
1698176307240 12.806862831115723 32
1698176307430 12.709427833557129 33
1698176307622 12.697005271911621 34
1698176307812 12.130468368530273 35
1698176307993 12.091963768005371 36
1698176308181 12.446394920349121 37
1698176308367 12.889708518981934 38
1698176308552 11.985651016235352 39
1698176308748 12.022655487060547 40
1698176308936 12.203922271728516 41
1698176309129 12.293717384338379 42
1698176309325 12.182723045349121 43
1698176309514 12.204463958740234 44
1698176309713 11.958715438842773 45
1698176309903 11.78935432434082 46
1698176310078 12.126917839050293 47
1698176310259 12.0592622756958 48
1698176310465 12.172567367553711 49
