1698151280308 172762.1875 0
1698151282626 133907.0625 1
1698151284813 114628.484375 2
1698151286926 119025.765625 3
1698151289224 125357.8046875 4
1698151291471 94689.03125 5
1698151293697 107036.21875 6
1698151295964 97497.984375 7
1698151298140 85801.390625 8
1698151300330 99748.4140625 9
1698151302605 99079.0625 10
1698151304812 100484.6015625 11
1698151306919 109800.0625 12
1698151309082 101691.4453125 13
1698151311510 88143.46875 14
1698151313735 94770.9375 15
1698151315926 82266.8125 16
1698151318239 89700.65625 17
1698151320510 94607.7578125 18
1698151322700 95745.9375 19
