1698176871696 31.237022399902344 0
1698176871905 10.80786418914795 1
1698176872129 7.00869607925415 2
1698176872388 6.713286876678467 3
1698176872596 6.247403621673584 4
1698176872809 6.184607028961182 5
1698176873131 6.42542839050293 6
1698176873390 6.072865009307861 7
1698176873588 6.901594161987305 8
1698176873800 5.760978698730469 9
1698176874019 5.280061721801758 10
1698176874230 5.6203508377075195 11
1698176874459 5.828070640563965 12
1698176874657 5.249302864074707 13
1698176874874 5.441488742828369 14
1698176875087 5.537184715270996 15
1698176875457 5.865220546722412 16
1698176875691 5.314675331115723 17
1698176875983 5.6379618644714355 18
1698176876202 5.670358180999756 19
1698176876505 5.697105884552002 20
1698176876751 5.653042793273926 21
1698176876965 5.4823479652404785 22
1698176877150 5.1260762214660645 23
1698176877450 5.060639381408691 24
1698176877756 5.216554164886475 25
1698176877953 5.676980018615723 26
1698176878158 5.31919002532959 27
1698176878352 5.310247898101807 28
1698176878563 5.266499996185303 29
1698176878753 5.548537254333496 30
1698176878941 5.009334564208984 31
1698176879127 5.084966659545898 32
1698176879322 4.8605637550354 33
1698176879508 5.0427985191345215 34
1698176879722 4.811193943023682 35
1698176879912 5.144565105438232 36
1698176880103 5.199463367462158 37
1698176880290 6.032284259796143 38
1698176880502 5.092459678649902 39
1698176880691 5.0056586265563965 40
1698176880881 4.8461995124816895 41
1698176881070 4.948379039764404 42
1698176881258 4.8858208656311035 43
1698176881442 4.784755706787109 44
1698176881684 4.532557487487793 45
1698176881896 4.719393253326416 46
1698176882084 4.627638816833496 47
1698176882297 4.735206127166748 48
1698176882514 4.993528842926025 49
