1698155294463 0.045083075761795044 0
1698155295542 0.02123715542256832 1
1698155296677 0.015864424407482147 2
1698155297735 0.01371919084340334 3
1698155298800 0.012409144081175327 4
1698155299901 0.011321424506604671 5
1698155301108 0.010542717762291431 6
1698155302100 0.00998478289693594 7
1698155303112 0.009636844508349895 8
1698155304336 0.00899542961269617 9
1698155305366 0.00870833732187748 10
1698155306372 0.008691283874213696 11
1698155307440 0.008387673646211624 12
1698155308549 0.008087405934929848 13
1698155309596 0.007819928228855133 14
