1698153930052 0.48119670152664185 0
1698153930965 0.26548177003860474 1
1698153931854 0.18407762050628662 2
1698153932617 0.11441054195165634 3
1698153933376 0.08340571820735931 4
1698153934123 0.05700111389160156 5
1698153934868 0.03518589213490486 6
1698153935719 0.02128775231540203 7
1698153936505 0.015880649909377098 8
1698153937298 0.014881591312587261 9
1698153937957 0.014324558898806572 10
1698153938708 0.01432054117321968 11
1698153939337 0.013510406948626041 12
1698153940001 0.01318070013076067 13
1698153940659 0.013135102577507496 14
1698153941321 0.012923338450491428 15
1698153941932 0.012589902617037296 16
1698153942596 0.013218315318226814 17
1698153943227 0.01391269825398922 18
1698153943841 0.013047637417912483 19
1698153944468 0.013636724092066288 20
1698153945118 0.011951624415814877 21
1698153945751 0.012494639493525028 22
1698153946494 0.012538466602563858 23
1698153947123 0.013783948495984077 24
1698153947818 0.012090032920241356 25
1698153948453 0.01219154056161642 26
1698153949246 0.011651482433080673 27
1698153949869 0.011461378075182438 28
1698153950497 0.011976967565715313 29
1698153951307 0.012376124039292336 30
1698153951954 0.011870774440467358 31
1698153952610 0.011966336518526077 32
1698153953216 0.011754751205444336 33
1698153953903 0.01151002012193203 34
1698153954795 0.01188602950423956 35
1698153955439 0.01178228110074997 36
1698153956060 0.011008410714566708 37
1698153956846 0.011057183146476746 38
1698153957640 0.01166358683258295 39
1698153958318 0.011172863654792309 40
1698153959107 0.011058771051466465 41
