1698153930052 77.79656219482422 0
1698153930965 57.6169548034668 1
1698153931854 42.810089111328125 2
1698153932617 28.730466842651367 3
1698153933376 27.261098861694336 4
1698153934123 24.06587028503418 5
1698153934868 20.23797607421875 6
1698153935719 17.418079376220703 7
1698153936505 15.204450607299805 8
1698153937298 13.049208641052246 9
1698153937957 11.656173706054688 10
1698153938708 10.870787620544434 11
1698153939337 10.506707191467285 12
1698153940001 10.293811798095703 13
1698153940659 9.679012298583984 14
1698153941321 9.974900245666504 15
1698153941932 9.413069725036621 16
1698153942596 9.696013450622559 17
1698153943227 10.714530944824219 18
1698153943841 9.480685234069824 19
1698153944468 10.577269554138184 20
1698153945118 9.001768112182617 21
1698153945751 9.553706169128418 22
1698153946494 9.202683448791504 23
1698153947123 10.522783279418945 24
1698153947818 9.353951454162598 25
1698153948453 9.439529418945312 26
1698153949246 8.937651634216309 27
1698153949869 9.13720703125 28
1698153950497 9.503155708312988 29
1698153951307 9.403937339782715 30
1698153951954 9.59945011138916 31
1698153952610 8.801856994628906 32
1698153953216 8.998221397399902 33
1698153953903 9.0068941116333 34
1698153954795 9.248162269592285 35
1698153955439 9.103375434875488 36
1698153956060 8.974544525146484 37
1698153956846 8.716379165649414 38
1698153957640 9.142382621765137 39
1698153958318 8.552223205566406 40
1698153959107 9.268854141235352 41
