1698227497199 32820.140625 0
1698227497613 24906.755859375 1
1698227499358 18379.05078125 2
1698227500103 22989.095703125 3
1698227501889 11384.5556640625 4
1698227502344 19672.216796875 5
1698227502802 13691.0703125 6
1698227503241 12881.05859375 7
1698227503663 12784.8046875 8
1698227505147 15134.2255859375 9
1698227506690 17844.650390625 10
1698227508206 15938.98046875 11
1698227509683 13573.2412109375 12
1698227510138 15417.650390625 13
1698227511870 10086.1904296875 14
1698227512296 13653.7412109375 15
1698227513173 15530.2509765625 16
1698227514050 12778.771484375 17
1698227514439 12742.3349609375 18
1698227515096 14023.556640625 19
1698227516930 15518.9833984375 20
1698227517391 15456.220703125 21
1698227517822 15499.2294921875 22
1698227519423 13734.302734375 23
1698227519875 11448.3125 24
1698227520860 19480.25390625 25
1698227521566 11881.4775390625 26
1698227523098 10203.4287109375 27
1698227523491 14302.890625 28
1698227523867 16306.779296875 29
1698227525022 12564.9453125 30
1698227526255 12214.8310546875 31
1698227527740 12255.0791015625 32
1698227529162 13090.7392578125 33
1698227530576 14560.1142578125 34
1698227531696 11010.0810546875 35
1698227532052 10484.8076171875 36
1698227532447 9757.873046875 37
1698227532849 12638.7294921875 38
1698227534068 11022.5625 39
1698227534476 10121.02734375 40
1698227535732 11547.8193359375 41
1698227536129 13164.630859375 42
1698227537476 12744.763671875 43
1698227537909 13071.474609375 44
1698227539347 10850.0927734375 45
1698227540654 9635.5341796875 46
1698227541113 12512.37890625 47
1698227541570 8977.3203125 48
1698227542481 11042.1376953125 49
