1698175344149 28136.931640625 0
1698175345028 22766.94921875 1
1698175346102 10053.142578125 2
1698175347074 12878.943359375 3
1698175348226 12373.91015625 4
1698175349017 8126.361328125 5
1698175349814 11156.89453125 6
1698175350591 10272.615234375 7
1698175351373 19261.60546875 8
1698175352164 24219.51953125 9
1698175352931 15095.712890625 10
1698175353717 11203.125 11
1698175354500 12712.396484375 12
1698175355297 16294.62890625 13
1698175356091 4045.035888671875 14
1698175356939 5590.0029296875 15
