1698174144619 33829.81640625 0
1698174144901 19029.220703125 1
1698174145188 8545.7275390625 2
1698174145474 7794.13916015625 3
1698174145750 8003.12255859375 4
1698174146087 8675.501953125 5
1698174146382 5620.83544921875 6
1698174146662 6652.92041015625 7
1698174146948 7274.423828125 8
1698174147261 4012.04150390625 9
1698174147557 3281.10302734375 10
1698174147838 11074.40234375 11
1698174148137 3644.328369140625 12
1698174148453 5670.60009765625 13
1698174148741 6291.22802734375 14
1698174149031 4474.14208984375 15
1698174149323 3401.76318359375 16
1698174149641 2888.11669921875 17
1698174149951 8919.8623046875 18
1698174150249 8551.7275390625 19
1698174150616 8808.087890625 20
1698174150998 5419.20166015625 21
1698174151344 3222.23486328125 22
1698174151687 1925.0308837890625 23
1698174152001 4398.7900390625 24
1698174152400 5992.44677734375 25
1698174152717 1905.9189453125 26
1698174153066 4039.407958984375 27
1698174153521 269.0035400390625 28
1698174153840 8019.22900390625 29
1698174154237 6653.24462890625 30
1698174154541 6379.4658203125 31
1698174154871 3177.543212890625 32
1698174155356 5398.23291015625 33
1698174155674 6851.26416015625 34
1698174156022 1190.1868896484375 35
1698174156350 7363.80810546875 36
1698174156674 2819.50146484375 37
1698174157133 5161.8662109375 38
1698174157431 3620.177978515625 39
1698174157719 2009.866455078125 40
1698174158017 5341.55322265625 41
1698174158345 9439.9580078125 42
1698174158636 6163.51513671875 43
1698174158926 5303.47900390625 44
1698174159241 3712.127197265625 45
1698174159533 6623.05810546875 46
1698174159834 9560.1533203125 47
1698174160160 8505.599609375 48
1698174160502 6414.4404296875 49
