1698149378347 19736.310546875 0
1698149380747 147664.09375 1
1698149383198 121477.3125 2
1698149385578 124808.3359375 3
1698149388046 104001.3203125 4
1698149390643 119555.359375 5
1698149393193 96363.09375 6
1698149395719 93470.5234375 7
1698149398378 103310.8046875 8
1698149400800 118399.53125 9
1698149403276 111570.6640625 10
1698149405696 102449.9609375 11
1698149408159 112802.2890625 12
1698149410663 96003.0 13
1698149413114 103645.75 14
1698149415583 86592.765625 15
1698149417994 104106.8671875 16
1698149420491 99383.1953125 17
1698149422962 90098.0625 18
1698149425390 89381.203125 19
1698149427787 103040.046875 20
