1698167050544 0.15475332736968994 0
1698167051431 0.060419727116823196 1
1698167052405 0.033036235719919205 2
1698167053398 0.022779181599617004 3
1698167054288 0.0172563549131155 4
1698167055548 0.013500386849045753 5
1698167056576 0.011451109312474728 6
1698167057544 0.010772202163934708 7
1698167058476 0.009922320954501629 8
1698167059567 0.01041242852807045 9
1698167060657 0.009004711173474789 10
1698167061560 0.008847145363688469 11
1698167062492 0.008482536301016808 12
1698167063364 0.008351443335413933 13
1698167064164 0.008296854794025421 14
1698167065074 0.008304856717586517 15
1698167065989 0.008088585920631886 16
1698167066848 0.008356408216059208 17
1698167067740 0.008262374438345432 18
1698167068586 0.008416841737926006 19
1698167069605 0.0077913072891533375 20
1698167070659 0.00810370221734047 21
1698167071834 0.008124945685267448 22
1698167072760 0.007904891856014729 23
1698167073573 0.00791221298277378 24
1698167074383 0.007866575382649899 25
1698167075233 0.007937937043607235 26
1698167076044 0.007885097526013851 27
1698167076898 0.007707132492214441 28
1698167077757 0.008156697265803814 29
1698167078730 0.00787276029586792 30
1698167079876 0.00786804873496294 31
1698167081092 0.007879090495407581 32
1698167082018 0.007721944712102413 33
1698167082898 0.007939223200082779 34
1698167083762 0.0075847855769097805 35
1698167084561 0.0077290465123951435 36
1698167085506 0.007903065532445908 37
1698167086543 0.00863356702029705 38
1698167087686 0.007710245903581381 39
1698167088921 0.008017110638320446 40
1698167089835 0.008061286062002182 41
1698167090907 0.007788070943206549 42
1698167091916 0.0076166726648807526 43
1698167093210 0.007525159511715174 44
1698167094110 0.007795602083206177 45
1698167094997 0.00783666130155325 46
1698167095844 0.007498072925955057 47
1698167096735 0.007761889602988958 48
1698167097589 0.007701318245381117 49
