1698149926231 0.1455545276403427 0
1698149927385 0.0654110535979271 1
1698149928506 0.0421573631465435 2
1698149929648 0.03313735872507095 3
1698149930825 0.028144877403974533 4
1698149932020 0.024405790492892265 5
1698149933270 0.021909769624471664 6
1698149934408 0.019916288554668427 7
1698149935533 0.017788415774703026 8
1698149936724 0.016456376761198044 9
1698149937864 0.01602805219590664 10
1698149939031 0.014832818880677223 11
1698149940214 0.014328550547361374 12
1698149941422 0.014148155227303505 13
1698149942627 0.014177690260112286 14
1698149943781 0.014263671822845936 15
1698149944923 0.01347407978028059 16
1698149946215 0.013867175206542015 17
1698149947439 0.01384630799293518 18
1698149948631 0.01333444844931364 19
1698149949778 0.01311881747096777 20
1698149951115 0.013195129111409187 21
1698149952301 0.013149846345186234 22
1698149953537 0.012897553853690624 23
1698149954669 0.013379927724599838 24
1698149955842 0.013123122975230217 25
1698149957027 0.013209345750510693 26
1698149958254 0.013218292035162449 27
1698149959494 0.013337288983166218 28
1698149960625 0.012935314327478409 29
1698149961778 0.012717461213469505 30
1698149962978 0.013141240924596786 31
1698149964146 0.013033512979745865 32
