1698149926231 59.993412017822266 0
1698149927385 39.5496826171875 1
1698149928506 27.94491195678711 2
1698149929648 24.599376678466797 3
1698149930825 23.02031898498535 4
1698149932020 21.07851219177246 5
1698149933270 20.383434295654297 6
1698149934408 19.584121704101562 7
1698149935533 18.49224090576172 8
1698149936724 18.28635597229004 9
1698149937864 18.026960372924805 10
1698149939031 17.646530151367188 11
1698149940214 16.85543441772461 12
1698149941422 16.95612335205078 13
1698149942627 16.650110244750977 14
1698149943781 17.11256217956543 15
1698149944923 16.3979434967041 16
1698149946215 16.209651947021484 17
1698149947439 16.431682586669922 18
1698149948631 16.4482479095459 19
1698149949778 15.634713172912598 20
1698149951115 15.843343734741211 21
1698149952301 15.93503189086914 22
1698149953537 15.345000267028809 23
1698149954669 16.335514068603516 24
1698149955842 15.572030067443848 25
1698149957027 15.52811050415039 26
1698149958254 15.981271743774414 27
1698149959494 15.84560489654541 28
1698149960625 15.792637825012207 29
1698149961778 15.225435256958008 30
1698149962978 15.818013191223145 31
1698149964146 15.282905578613281 32
