1698185184249 2427.290283203125 0
1698185184371 275.11859130859375 1
1698185184523 232.10939025878906 2
1698185184654 221.9790496826172 3
1698185184779 186.23544311523438 4
1698185184909 164.61488342285156 5
1698185185040 176.4742431640625 6
1698185185195 168.10040283203125 7
1698185185322 155.2674560546875 8
1698185185462 149.55386352539062 9
1698185185593 164.65548706054688 10
1698185185729 162.32894897460938 11
1698185185846 163.0834503173828 12
1698185185963 145.16171264648438 13
1698185186085 144.67831420898438 14
1698185186197 171.91998291015625 15
1698185186318 149.146240234375 16
1698185186449 158.08755493164062 17
1698185186578 152.61012268066406 18
1698185186717 146.8388671875 19
1698185186846 137.6160125732422 20
1698185186976 151.2393341064453 21
1698185187100 156.034423828125 22
1698185187262 124.05437469482422 23
1698185187415 147.01675415039062 24
1698185187576 144.4025421142578 25
1698185187708 137.9427490234375 26
1698185187835 141.6024169921875 27
1698185187982 131.20091247558594 28
1698185188148 146.55296325683594 29
1698185188299 123.1707992553711 30
1698185188441 146.6363067626953 31
1698185188582 138.32875061035156 32
1698185188728 150.50299072265625 33
1698185188862 123.58577728271484 34
1698185188992 138.42552185058594 35
1698185189142 131.06446838378906 36
1698185189295 121.67738342285156 37
1698185189440 145.026123046875 38
1698185189598 127.59225463867188 39
1698185189729 139.73387145996094 40
1698185189862 149.45883178710938 41
1698185189990 144.9318389892578 42
1698185190122 138.5859832763672 43
1698185190251 129.16624450683594 44
1698185190408 142.1982421875 45
1698185190542 122.88357543945312 46
1698185190676 133.1853485107422 47
1698185190809 123.57025146484375 48
1698185190931 121.51983642578125 49
