1698181504274 0.0002239211171399802 0
1698181504448 2.6166148018091917e-05 1
1698181504615 1.9537728803697973e-05 2
1698181504780 2.4393089915974997e-05 3
1698181504947 2.3039165171212517e-05 4
1698181505113 2.1431520508485846e-05 5
1698181505280 1.7019523511407897e-05 6
1698181505466 1.7893242329591885e-05 7
1698181505639 1.7054318959708326e-05 8
1698181505799 1.9918097677873448e-05 9
1698181505968 1.9878416424035095e-05 10
1698181506141 1.843689642555546e-05 11
1698181506308 1.8772310795611702e-05 12
1698181506516 1.4907315744494554e-05 13
1698181506681 1.6600568415015005e-05 14
1698181506840 1.6614987544016913e-05 15
1698181507008 1.635268381505739e-05 16
1698181507183 1.492614592280006e-05 17
1698181507349 1.8229562556371093e-05 18
1698181507538 1.501408223703038e-05 19
1698181507703 1.7867612768895924e-05 20
1698181507869 1.5524285117862746e-05 21
1698181508038 1.629909638722893e-05 22
1698181508203 1.6323014278896153e-05 23
1698181508372 1.8770502720144577e-05 24
1698181508576 1.703823363641277e-05 25
1698181508740 1.5914714822429232e-05 26
1698181508907 1.5737894500489347e-05 27
1698181509073 1.453285130992299e-05 28
1698181509239 1.7633945390116423e-05 29
1698181509408 1.566197897773236e-05 30
1698181509589 1.757407699187752e-05 31
1698181509756 1.4405403817363549e-05 32
1698181509936 1.9583554603741504e-05 33
1698181510107 1.649636760703288e-05 34
1698181510268 1.820935904106591e-05 35
1698181510435 1.592571788933128e-05 36
1698181510626 1.4526291124639101e-05 37
1698181510792 1.4593612831959035e-05 38
1698181510964 1.6222315025515854e-05 39
1698181511140 1.5150495528359897e-05 40
1698181511307 1.4815153917879798e-05 41
1698181511480 1.5590188922942616e-05 42
1698181511643 1.6750003851484507e-05 43
1698181511819 1.574155976413749e-05 44
1698181512570 1.4974698387959506e-05 45
1698181512757 1.5495563275180757e-05 46
1698181512974 1.694682396191638e-05 47
1698181513175 1.4565815035894047e-05 48
1698181513350 1.6566038539167494e-05 49
