1698176603942 0.03255348280072212 0
1698176604279 0.009149143472313881 1
1698176604575 0.008272496052086353 2
1698176604870 0.00674830749630928 3
1698176605276 0.006207048427313566 4
1698176605642 0.006018416024744511 5
1698176605913 0.006537102162837982 6
1698176606196 0.0051734475418925285 7
1698176606505 0.004449133295565844 8
1698176606802 0.004596269223839045 9
1698176607083 0.0041930656880140305 10
1698176607381 0.004994307644665241 11
1698176607683 0.004529340658336878 12
1698176607992 0.004653912503272295 13
1698176608260 0.004878085572272539 14
1698176608560 0.0043352823704481125 15
1698176608837 0.004440839868038893 16
1698176609111 0.004270439967513084 17
1698176609406 0.00405266834422946 18
1698176609690 0.0038598563987761736 19
1698176609962 0.003953827545046806 20
1698176610256 0.00405840901657939 21
1698176610644 0.003921291325241327 22
1698176610942 0.003574197646230459 23
1698176611264 0.0034574924502521753 24
1698176611607 0.003483855864033103 25
1698176611892 0.0041307853534817696 26
1698176612260 0.003993002697825432 27
1698176612581 0.004251792095601559 28
1698176612897 0.003659116802737117 29
1698176613209 0.003758589969947934 30
1698176613544 0.0037033187691122293 31
1698176614047 0.00373326288536191 32
1698176614346 0.003400889690965414 33
1698176614688 0.0033400829415768385 34
1698176615022 0.003686056938022375 35
1698176615323 0.0034340517595410347 36
1698176615633 0.003789857029914856 37
1698176615923 0.0035404518712311983 38
1698176616401 0.00459820032119751 39
1698176616729 0.00351355061866343 40
1698176617023 0.003931394778192043 41
1698176617378 0.00396413030102849 42
1698176617658 0.0034110567066818476 43
1698176617928 0.003383635776117444 44
1698176618271 0.0038055875338613987 45
1698176618555 0.0034342207945883274 46
1698176618829 0.0038220693822950125 47
1698176619103 0.0033219363540410995 48
1698176619382 0.003346074838191271 49
