1698183259865 346.2861633300781 0
1698183260288 53.17396926879883 1
1698183260614 44.470306396484375 2
1698183260959 41.75067138671875 3
1698183261279 31.51213264465332 4
1698183261591 33.60659408569336 5
1698183261928 24.98179817199707 6
1698183262328 34.31183624267578 7
1698183262690 34.4013671875 8
1698183263031 31.26051139831543 9
1698183263471 28.99519920349121 10
1698183263903 27.508289337158203 11
1698183264215 23.733287811279297 12
1698183264552 21.531936645507812 13
1698183264863 23.02582550048828 14
1698183265199 22.733766555786133 15
1698183265512 26.952007293701172 16
1698183265842 21.080270767211914 17
1698183266146 25.22800064086914 18
1698183266465 27.0194149017334 19
1698183266795 23.001373291015625 20
1698183267098 20.285572052001953 21
1698183267410 19.799238204956055 22
1698183267736 21.846986770629883 23
1698183268045 21.819589614868164 24
1698183268366 19.137676239013672 25
1698183268689 17.755159378051758 26
1698183269024 15.731986045837402 27
1698183269349 23.374544143676758 28
1698183269665 22.433425903320312 29
1698183269997 18.70169448852539 30
1698183270346 20.0729923248291 31
1698183270677 23.100595474243164 32
1698183270998 20.043352127075195 33
1698183271309 20.23020362854004 34
1698183271630 20.12043571472168 35
1698183271974 19.34038543701172 36
1698183272303 18.76894760131836 37
1698183272623 18.223546981811523 38
1698183272963 19.16799545288086 39
1698183273299 16.95431137084961 40
1698183273623 17.825990676879883 41
1698183273971 20.609188079833984 42
1698183274353 19.44602394104004 43
1698183274717 18.740455627441406 44
1698183275059 16.854204177856445 45
1698183275435 19.3225154876709 46
1698183275905 19.3542537689209 47
1698183276293 17.518003463745117 48
1698183276632 15.490458488464355 49
