1698154654927 58.60041809082031 0
1698154655933 34.79829025268555 1
1698154657182 25.42901611328125 2
1698154658259 23.6290340423584 3
1698154659250 19.583457946777344 4
1698154660286 18.140796661376953 5
1698154661139 16.9901065826416 6
1698154661913 15.948160171508789 7
1698154662902 16.06126594543457 8
1698154663653 14.647570610046387 9
1698154664403 14.633940696716309 10
1698154665133 13.425517082214355 11
1698154665887 13.18027400970459 12
1698154666636 13.239226341247559 13
1698154667364 12.453503608703613 14
1698154668204 12.607492446899414 15
1698154668929 12.780374526977539 16
1698154669619 12.388772964477539 17
1698154670411 12.697370529174805 18
1698154671188 13.009854316711426 19
1698154671918 11.964400291442871 20
1698154672634 12.29024600982666 21
1698154673368 12.336564064025879 22
1698154674056 12.293481826782227 23
1698154674741 12.07978630065918 24
1698154675449 12.125260353088379 25
