1698186624728 60.7418098449707 0
1698186625175 31.794742584228516 1
1698186625648 15.993528366088867 2
1698186626109 12.547412872314453 3
1698186626589 10.535670280456543 4
1698186627039 10.437856674194336 5
1698186627485 11.884676933288574 6
1698186627953 12.508363723754883 7
1698186628406 10.78174114227295 8
1698186628879 11.107269287109375 9
1698186629342 13.178953170776367 10
1698186629816 11.395340919494629 11
1698186630283 10.488738059997559 12
1698186630758 10.1297025680542 13
1698186631229 10.811444282531738 14
1698186631686 10.528505325317383 15
1698186632148 10.707169532775879 16
1698186632631 10.149116516113281 17
1698186633092 11.335742950439453 18
1698186633542 10.80166244506836 19
1698186634023 9.943581581115723 20
1698186634583 9.82472038269043 21
1698186635070 9.602272033691406 22
1698186635525 9.553601264953613 23
1698186636078 9.929386138916016 24
1698186636561 9.750185012817383 25
1698186637086 10.300348281860352 26
1698186637629 9.490263938903809 27
1698186638078 11.971567153930664 28
1698186638557 10.938984870910645 29
1698186639019 9.380758285522461 30
1698186639466 9.52349853515625 31
1698186639939 9.44113540649414 32
1698186640397 9.931068420410156 33
1698186640882 9.413390159606934 34
1698186641340 9.378037452697754 35
1698186641787 9.576902389526367 36
1698186642258 9.295616149902344 37
1698186642722 10.038383483886719 38
1698186643184 9.87610149383545 39
1698186643651 8.910990715026855 40
1698186644109 9.988121032714844 41
1698186644563 10.009587287902832 42
1698186645034 9.649313926696777 43
1698186645486 9.79041862487793 44
1698186645955 9.372193336486816 45
1698186646401 9.265645980834961 46
1698186646859 10.544066429138184 47
1698186647331 10.110690116882324 48
1698186647796 8.844564437866211 49
