1698175229026 0.06805744767189026 0
1698175229375 0.02196470834314823 1
1698175229698 0.00899237859994173 2
1698175230041 0.0066680810414254665 3
1698175230381 0.005286318250000477 4
1698175230772 0.005508430767804384 5
1698175231125 0.004876942839473486 6
1698175231604 0.0048584723845124245 7
1698175231956 0.004498454742133617 8
1698175232358 0.004486867692321539 9
1698175232669 0.003932091873139143 10
1698175232989 0.004236362874507904 11
1698175233325 0.004392880946397781 12
1698175233642 0.0036650202237069607 13
1698175233958 0.003750615054741502 14
1698175234283 0.0039003153797239065 15
1698175234600 0.004091763868927956 16
1698175234915 0.0038135750219225883 17
1698175235257 0.0033810376189649105 18
1698175235581 0.0038708478678017855 19
1698175235902 0.0037472951225936413 20
1698175236228 0.003818134544417262 21
1698175236564 0.0034667293075472116 22
1698175236887 0.003907500300556421 23
1698175237205 0.0030320980586111546 24
1698175237546 0.0033771751914173365 25
1698175237871 0.0035187953617423773 26
1698175238208 0.003523151157423854 27
1698175238552 0.003599808318540454 28
1698175238870 0.0031864114571362734 29
1698175239261 0.0033466327004134655 30
1698175239642 0.0038490076549351215 31
1698175240042 0.003525686217471957 32
1698175240496 0.0029870944563299417 33
1698175240906 0.0032459732610732317 34
1698175241248 0.0028097264003008604 35
1698175241640 0.003111593658104539 36
1698175242002 0.0033484550658613443 37
1698175242395 0.0030444320291280746 38
1698175242923 0.003122397931292653 39
1698175243286 0.0031341854482889175 40
1698175243658 0.0032266066409647465 41
1698175244011 0.003228558227419853 42
1698175244368 0.0028231374453753233 43
1698175244842 0.0025633934419602156 44
1698175245188 0.0030882074497640133 45
1698175245587 0.0030958850402384996 46
1698175245973 0.0035626187454909086 47
1698175246315 0.0030027967877686024 48
1698175246805 0.0029194634407758713 49
