1698175229026 35034.75 0
1698175229375 110577.6953125 1
1698175229698 73495.78125 2
1698175230041 23642.47265625 3
1698175230381 13746.134765625 4
1698175230772 6712.30517578125 5
1698175231125 2692.331787109375 6
1698175231604 4137.2265625 7
1698175231956 3802.36328125 8
1698175232358 6554.4677734375 9
1698175232669 9163.6552734375 10
1698175232989 3556.72802734375 11
1698175233325 3313.058837890625 12
1698175233642 6530.42333984375 13
1698175233958 21104.455078125 14
1698175234283 32550.37109375 15
1698175234600 12031.4296875 16
1698175234915 5551.36083984375 17
1698175235257 12680.4990234375 18
1698175235581 13886.0390625 19
1698175235902 4885.48046875 20
1698175236228 2126.3671875 21
1698175236564 671.5065307617188 22
1698175236887 3344.144775390625 23
1698175237205 24125.169921875 24
1698175237546 15969.9853515625 25
1698175237871 18642.169921875 26
1698175238208 19295.193359375 27
1698175238552 17034.6953125 28
1698175238870 501.9332275390625 29
1698175239261 443.1635437011719 30
1698175239642 25568.828125 31
1698175240042 2335.8759765625 32
1698175240496 28298.3125 33
1698175240906 17598.974609375 34
1698175241248 7139.92626953125 35
1698175241640 12738.154296875 36
1698175242002 8557.9462890625 37
1698175242395 2047.915283203125 38
1698175242923 8580.478515625 39
1698175243286 4052.820068359375 40
1698175243658 23546.685546875 41
1698175244011 5058.79052734375 42
1698175244368 15047.7802734375 43
1698175244842 19589.796875 44
1698175245188 21057.919921875 45
1698175245587 28440.193359375 46
1698175245973 18932.259765625 47
1698175246315 15468.6875 48
1698175246805 3818.421875 49
