1698182325970 0.16061313450336456 0
1698182326118 0.12555715441703796 1
1698182326292 0.08578936755657196 2
1698182326456 0.05774000659584999 3
1698182326635 0.041430797427892685 4
1698182326795 0.029374027624726295 5
1698182326955 0.01779201813042164 6
1698182327104 0.008649094961583614 7
1698182327283 0.004155419766902924 8
1698182327460 0.003228370100259781 9
1698182327614 0.003110480960458517 10
1698182327775 0.0031550114508718252 11
1698182327936 0.0029027555137872696 12
1698182328110 0.0027559734880924225 13
1698182328276 0.002810138976201415 14
1698182328430 0.0026007976848632097 15
1698182328592 0.002788028446957469 16
1698182328747 0.0027107708156108856 17
1698182328910 0.0028724370058625937 18
1698182329075 0.002614404307678342 19
1698182329261 0.0025675524957478046 20
1698182329422 0.0021632015705108643 21
1698182329586 0.0026295643765479326 22
1698182329746 0.0024881158024072647 23
1698182329905 0.0025787006597965956 24
1698182330065 0.0024322043173015118 25
1698182330268 0.002289736643433571 26
1698182330451 0.0024467618204653263 27
1698182330620 0.002620154293254018 28
1698182330781 0.0026297252625226974 29
1698182330953 0.002386715728789568 30
1698182331111 0.0023564775474369526 31
1698182331305 0.0023103354033082724 32
1698182331469 0.002413336420431733 33
1698182331629 0.002245690207928419 34
1698182331784 0.002449669409543276 35
1698182331941 0.0021487027406692505 36
1698182332102 0.002386383945122361 37
1698182332269 0.002188191981986165 38
1698182332439 0.0023057733196765184 39
1698182332606 0.0023502346593886614 40
1698182332763 0.002570162061601877 41
1698182332936 0.0026511717587709427 42
1698182333131 0.0022894011344760656 43
1698182333311 0.002177194692194462 44
1698182333475 0.0023858463391661644 45
1698182333644 0.0020011505112051964 46
1698182333813 0.002089193556457758 47
1698182333983 0.0023782248608767986 48
1698182334244 0.002003441797569394 49
