1698186264804 6.020107746124268 0
1698186264913 0.8066590428352356 1
1698186265032 0.776537299156189 2
1698186265140 0.6396524310112 3
1698186265253 0.5999866127967834 4
1698186265362 0.6026360392570496 5
1698186265481 0.616630494594574 6
1698186265608 0.6042935252189636 7
1698186265719 0.5161793828010559 8
1698186265826 0.5797398090362549 9
1698186265956 0.5083184838294983 10
1698186266067 0.5436854362487793 11
1698186266180 0.518449068069458 12
1698186266309 0.5392475128173828 13
1698186266419 0.4868210554122925 14
1698186266527 0.516692042350769 15
1698186266632 0.4812428951263428 16
1698186266740 0.6311925053596497 17
1698186266848 0.5574612021446228 18
1698186266968 0.45146411657333374 19
1698186267081 0.48555636405944824 20
1698186267186 0.5557786226272583 21
1698186267295 0.5156518816947937 22
1698186267406 0.5075691342353821 23
1698186267527 0.4652230441570282 24
1698186267654 0.5185690522193909 25
1698186267760 0.4553450047969818 26
1698186267867 0.5191351771354675 27
1698186268000 0.5018932819366455 28
1698186268125 0.49724486470222473 29
1698186268249 0.469491571187973 30
1698186268355 0.48721152544021606 31
1698186268467 0.49015671014785767 32
1698186268591 0.4836583435535431 33
1698186268696 0.5001044273376465 34
1698186268818 0.47675782442092896 35
1698186268928 0.5432095527648926 36
1698186269048 0.517732560634613 37
1698186269154 0.45586395263671875 38
1698186269287 0.4945412576198578 39
1698186269393 0.4737180769443512 40
1698186269498 0.5575500726699829 41
1698186269604 0.5423486828804016 42
1698186269708 0.5068723559379578 43
1698186269810 0.49736347794532776 44
1698186269916 0.488349974155426 45
1698186270020 0.5593891143798828 46
1698186270120 0.5223789811134338 47
1698186270217 0.5113030672073364 48
1698186270348 0.47895586490631104 49
