1698186264804 22.8729305267334 0
1698186264913 8.07647705078125 1
1698186265032 7.562256336212158 2
1698186265140 6.958177089691162 3
1698186265253 6.61286735534668 4
1698186265362 6.623697280883789 5
1698186265481 6.914524555206299 6
1698186265608 6.440090656280518 7
1698186265719 6.149683952331543 8
1698186265826 6.808579921722412 9
1698186265956 6.620441913604736 10
1698186266067 6.881641387939453 11
1698186266180 6.230550765991211 12
1698186266309 6.1214776039123535 13
1698186266419 6.656048774719238 14
1698186266527 6.039539337158203 15
1698186266632 5.91919469833374 16
1698186266740 7.240039348602295 17
1698186266848 6.39341926574707 18
1698186266968 5.609732151031494 19
1698186267081 6.014646053314209 20
1698186267186 6.289134502410889 21
1698186267295 6.031023025512695 22
1698186267406 5.925917148590088 23
1698186267527 5.753859043121338 24
1698186267654 6.696883678436279 25
1698186267760 6.0188984870910645 26
1698186267867 5.778990268707275 27
1698186268000 6.004220962524414 28
1698186268125 5.978989601135254 29
1698186268249 5.876312732696533 30
1698186268355 5.94881010055542 31
1698186268467 5.9981560707092285 32
1698186268591 6.0308146476745605 33
1698186268696 5.913844585418701 34
1698186268818 6.1108198165893555 35
1698186268928 6.004589557647705 36
1698186269048 5.767889499664307 37
1698186269154 6.172053813934326 38
1698186269287 5.631027698516846 39
1698186269393 5.519338130950928 40
1698186269498 5.976770877838135 41
1698186269604 6.091064929962158 42
1698186269708 5.708571910858154 43
1698186269810 5.747938632965088 44
1698186269916 5.930140495300293 45
1698186270020 6.705221652984619 46
1698186270120 6.347508907318115 47
1698186270217 5.959735870361328 48
1698186270348 5.647537708282471 49
