1698174251335 26.714860916137695 0
1698174251909 15.898823738098145 1
1698174252648 16.583730697631836 2
1698174253171 14.33356761932373 3
1698174253702 12.535232543945312 4
1698174254252 13.381816864013672 5
1698174254959 11.921470642089844 6
1698174255546 15.766508102416992 7
1698174256064 13.140344619750977 8
1698174256595 11.75587272644043 9
1698174257103 11.293112754821777 10
1698174257649 11.711318969726562 11
1698174258178 11.301840782165527 12
1698174258725 12.350199699401855 13
1698174259332 11.794530868530273 14
1698174259935 11.959203720092773 15
1698174260521 11.789372444152832 16
1698174261078 10.988503456115723 17
1698174261724 11.262550354003906 18
1698174262353 11.325586318969727 19
1698174262983 10.996477127075195 20
1698174263574 10.941457748413086 21
1698174264295 11.646217346191406 22
1698174264932 11.14688777923584 23
1698174265572 12.08858871459961 24
1698174266267 9.691404342651367 25
1698174266888 10.651144981384277 26
1698174267442 10.458585739135742 27
1698174268190 10.080290794372559 28
1698174268910 9.371899604797363 29
1698174269689 9.5968017578125 30
1698174270330 10.625750541687012 31
1698174271038 9.74818229675293 32
1698174271614 9.601510047912598 33
1698174272148 10.40175724029541 34
1698174272680 12.111893653869629 35
1698174273222 9.655244827270508 36
1698174273746 9.25960636138916 37
1698174274280 11.187420845031738 38
1698174274807 9.927515029907227 39
1698174275387 9.493532180786133 40
1698174275968 9.483304023742676 41
1698174276486 9.404579162597656 42
1698174277047 11.174351692199707 43
1698174277614 10.037096977233887 44
1698174278203 9.081181526184082 45
1698174278752 8.801606178283691 46
1698174279296 8.840055465698242 47
1698174279834 8.928977966308594 48
1698174280388 8.647688865661621 49
