1698181196293 0.022809987887740135 0
1698181196465 0.004771355073899031 1
1698181196616 0.0046018618158996105 2
1698181196752 0.003571157343685627 3
1698181196919 0.0038353968411684036 4
1698181197077 0.003227125620469451 5
1698181197212 0.0030165163334459066 6
1698181197347 0.0030342102982103825 7
1698181197500 0.00270405737683177 8
1698181197636 0.0032081385143101215 9
1698181197774 0.00322579313069582 10
1698181197910 0.002768406178802252 11
1698181198048 0.002839943626895547 12
1698181198190 0.002838795306161046 13
1698181198344 0.002460937248542905 14
1698181198483 0.002502560382708907 15
1698181198617 0.002791973063722253 16
1698181198752 0.0024346564896404743 17
1698181198881 0.0024622001219540834 18
1698181199012 0.002488035010173917 19
1698181199152 0.0019406072096899152 20
1698181199305 0.0022302637808024883 21
1698181199438 0.0023703547194600105 22
1698181199567 0.0028444617055356503 23
1698181199698 0.002674494171515107 24
1698181199827 0.0026788206305354834 25
1698181199958 0.002655367599800229 26
1698181200088 0.0023568628821521997 27
1698181200222 0.0019021243788301945 28
1698181200352 0.002119336510077119 29
1698181200491 0.00198643677867949 30
1698181200621 0.0022800685837864876 31
1698181200757 0.0025930297560989857 32
1698181200893 0.002163821831345558 33
1698181201042 0.002155196387320757 34
1698181201171 0.002074328251183033 35
1698181201302 0.0021050767973065376 36
1698181201432 0.0019304517190903425 37
1698181201584 0.0020220589358359575 38
1698181201705 0.002064851112663746 39
1698181201841 0.0020666634663939476 40
1698181201963 0.002100866986438632 41
1698181202116 0.002127897460013628 42
1698181202247 0.0017337393946945667 43
1698181202373 0.0022189009469002485 44
1698181202502 0.002069110283628106 45
1698181202630 0.0020338206086307764 46
1698181202758 0.0017222086898982525 47
1698181202890 0.0018518073484301567 48
1698181203011 0.0018091739621013403 49
