1698180941070 0.029380634427070618 0
1698180941210 0.006751383654773235 1
1698180941336 0.004272019024938345 2
1698180941461 0.0036266380921006203 3
1698180941590 0.004182838834822178 4
1698180941714 0.003141844877973199 5
1698180941839 0.00300434953533113 6
1698180941977 0.0034808791242539883 7
1698180942106 0.0028268154710531235 8
1698180942254 0.0032113369088619947 9
1698180942393 0.002796092303469777 10
1698180942525 0.00268444768153131 11
1698180942658 0.002712925197556615 12
1698180942795 0.0023334771394729614 13
1698180942931 0.002513475250452757 14
1698180943063 0.0027866752352565527 15
1698180943209 0.0021152710542082787 16
1698180943351 0.0025204536505043507 17
1698180943494 0.0021936181001365185 18
1698180943645 0.003137767082080245 19
1698180943812 0.0022457302547991276 20
1698180943966 0.002136571565642953 21
1698180944118 0.002153869951143861 22
1698180944290 0.002183312550187111 23
1698180944425 0.0024899065028876066 24
1698180944584 0.0020268613006919622 25
1698180944737 0.002229702891781926 26
1698180944878 0.002317058155313134 27
1698180945023 0.0021479660645127296 28
1698180945164 0.002200966002419591 29
1698180945324 0.0017803662922233343 30
1698180945463 0.0024962550960481167 31
1698180945591 0.0022723479196429253 32
1698180945719 0.0020337046589702368 33
1698180945858 0.0018596590962260962 34
1698180945990 0.0022832858376204967 35
1698180946125 0.0022312700748443604 36
1698180946273 0.0020270904060453176 37
1698180946404 0.0019887899979948997 38
1698180946533 0.0018607884412631392 39
1698180946661 0.002162318443879485 40
1698180946790 0.0018739606020972133 41
1698180946918 0.0020074413623660803 42
1698180947046 0.002293562749400735 43
1698180947178 0.0019971472211182117 44
1698180947334 0.0020446220878511667 45
1698180947476 0.001961713656783104 46
1698180947608 0.002136221854016185 47
1698180947741 0.001849839580245316 48
1698180947881 0.002239017514511943 49
