1698180941070 23974.45703125 0
1698180941210 7219.31689453125 1
1698180941336 8957.3056640625 2
1698180941461 6924.046875 3
1698180941590 6579.603515625 4
1698180941714 11131.1328125 5
1698180941839 11854.1181640625 6
1698180941977 1738.640380859375 7
1698180942106 14322.1494140625 8
1698180942254 836.5504760742188 9
1698180942393 5961.3017578125 10
1698180942525 11387.79296875 11
1698180942658 11208.8466796875 12
1698180942795 3983.6630859375 13
1698180942931 5839.658203125 14
1698180943063 5302.2431640625 15
1698180943209 527.8923950195312 16
1698180943351 9770.9072265625 17
1698180943494 11312.7333984375 18
1698180943645 9318.4736328125 19
1698180943812 11463.6279296875 20
1698180943966 6836.01708984375 21
1698180944118 4504.54248046875 22
1698180944290 2666.940185546875 23
1698180944425 13937.8662109375 24
1698180944584 412.8023681640625 25
1698180944737 2830.136474609375 26
1698180944878 4599.47998046875 27
1698180945023 21991.28515625 28
1698180945164 928.6373901367188 29
1698180945324 3410.79736328125 30
1698180945463 6389.927734375 31
1698180945591 9485.3310546875 32
1698180945719 9293.49609375 33
1698180945858 14245.7431640625 34
1698180945990 15146.0732421875 35
1698180946125 17429.6796875 36
1698180946273 14147.3779296875 37
1698180946404 4574.953125 38
1698180946533 17311.12109375 39
1698180946661 791.373779296875 40
1698180946790 6025.46484375 41
1698180946918 20947.615234375 42
1698180947046 3372.68408203125 43
1698180947178 15580.2763671875 44
1698180947334 5618.82177734375 45
1698180947476 3478.666015625 46
1698180947608 3082.591064453125 47
1698180947741 4970.5859375 48
1698180947881 11665.6513671875 49
