1698182577869 20356.84375 0
1698182578082 6745.353515625 1
1698182578316 6660.53466796875 2
1698182578579 6334.197265625 3
1698182578828 8539.0576171875 4
1698182579044 3540.741455078125 5
1698182579247 2396.870361328125 6
1698182579493 8513.2236328125 7
1698182579716 2096.1865234375 8
1698182579937 6521.7841796875 9
1698182580159 4224.79541015625 10
1698182580376 4840.06884765625 11
1698182580591 1951.997314453125 12
1698182580809 7625.54931640625 13
1698182581024 4948.39453125 14
1698182581237 7003.51708984375 15
1698182581450 8198.296875 16
1698182581661 4895.044921875 17
1698182581902 5717.7138671875 18
1698182582107 1562.1041259765625 19
1698182582319 2092.32470703125 20
1698182582524 5748.58447265625 21
1698182582738 6352.18603515625 22
1698182582970 5410.30126953125 23
1698182583184 2234.343017578125 24
1698182583398 8755.041015625 25
1698182583612 440.0183410644531 26
1698182583842 5802.287109375 27
1698182584053 3205.096923828125 28
1698182584262 444.8377990722656 29
1698182584481 7673.3681640625 30
1698182584708 1724.443359375 31
1698182584924 1164.4462890625 32
1698182585154 1568.934326171875 33
1698182585365 1089.7900390625 34
1698182585575 4855.19873046875 35
1698182585784 5537.05615234375 36
1698182585992 9216.970703125 37
1698182586198 1548.40283203125 38
1698182586414 9176.615234375 39
1698182586638 1146.6107177734375 40
1698182586892 9861.8681640625 41
1698182587161 8946.5556640625 42
1698182587380 8019.72119140625 43
1698182587600 2067.66064453125 44
1698182587841 1851.6446533203125 45
1698182588067 4213.03466796875 46
1698182588274 3875.094970703125 47
1698182588487 6456.021484375 48
1698182588718 1267.0762939453125 49
