1698173247517 62.92204284667969 0
1698173247696 62.04133224487305 1
1698173247881 48.803688049316406 2
1698173248036 55.4017219543457 3
1698173248189 43.76811599731445 4
1698173248337 42.721282958984375 5
1698173248483 43.186920166015625 6
1698173248668 42.431541442871094 7
1698173248823 43.45458221435547 8
1698173248968 42.56278610229492 9
1698173249124 43.71602249145508 10
1698173249289 40.47087860107422 11
1698173249453 40.500484466552734 12
1698173249656 46.91793441772461 13
1698173249793 47.11970901489258 14
1698173249940 47.730350494384766 15
1698173250091 46.69477081298828 16
1698173250275 42.34098815917969 17
1698173250421 44.888832092285156 18
1698173250571 44.32493591308594 19
1698173250725 44.499847412109375 20
1698173250874 41.90296173095703 21
1698173251018 43.934600830078125 22
1698173251157 42.29725646972656 23
1698173251301 46.97805404663086 24
1698173251450 51.4542121887207 25
1698173251610 41.2415771484375 26
1698173251773 45.72100830078125 27
1698173251920 41.82100296020508 28
1698173252073 44.65800094604492 29
1698173252233 46.66636276245117 30
1698173252389 45.162906646728516 31
1698173252536 43.46625900268555 32
1698173252718 43.17916488647461 33
1698173252915 48.19984436035156 34
1698173253085 49.78104782104492 35
1698173253230 46.25550842285156 36
1698173253382 44.510738372802734 37
1698173253545 43.37226104736328 38
1698173253757 43.06698989868164 39
1698173253944 44.02989959716797 40
1698173254116 42.79446792602539 41
1698173254395 43.79737091064453 42
1698173254629 45.72111511230469 43
1698173254797 46.20669937133789 44
1698173254958 44.365867614746094 45
1698173255119 47.28028869628906 46
1698173255325 45.194217681884766 47
1698173255506 44.82685852050781 48
1698173255666 44.734310150146484 49
