1698181471549 0.00047361329779960215 0
1698181471678 7.433522114297375e-05 1
1698181471825 7.178357191151008e-05 2
1698181471996 5.783290180261247e-05 3
1698181472212 6.034281614120118e-05 4
1698181472379 5.615751433651894e-05 5
1698181472538 5.212633914197795e-05 6
1698181472700 5.044745921622962e-05 7
1698181472858 4.903366425423883e-05 8
1698181473036 3.991553239757195e-05 9
1698181473231 5.0715090765152127e-05 10
1698181473381 4.456730675883591e-05 11
1698181473531 4.227006502333097e-05 12
1698181473688 3.771338742808439e-05 13
1698181473836 3.59740988642443e-05 14
1698181474091 4.219072434352711e-05 15
1698181474268 3.438925705268048e-05 16
1698181474418 3.9213133277371526e-05 17
1698181474558 3.7394300306914374e-05 18
1698181474707 3.5054938052780926e-05 19
1698181474858 3.485533670755103e-05 20
1698181475005 3.493911208352074e-05 21
1698181475167 3.794659278355539e-05 22
1698181475316 3.526937871356495e-05 23
1698181475466 3.657823981484398e-05 24
1698181475616 3.3913165680132806e-05 25
1698181475764 3.584334262995981e-05 26
1698181475917 3.572718924260698e-05 27
1698181476079 3.950178870582022e-05 28
1698181476247 3.234340329072438e-05 29
1698181476385 3.350005499669351e-05 30
1698181476535 3.2844534871401265e-05 31
1698181476687 3.708185977302492e-05 32
1698181476837 3.335483779665083e-05 33
1698181476987 3.006633596669417e-05 34
1698181477137 2.9083297704346478e-05 35
1698181477296 2.596721242298372e-05 36
1698181477444 3.402062429813668e-05 37
1698181477593 3.3887936297105625e-05 38
1698181477738 3.0413808417506516e-05 39
1698181477885 3.359075344633311e-05 40
1698181478026 3.5423567169345915e-05 41
1698181478179 3.288421794422902e-05 42
1698181478329 3.373430445208214e-05 43
1698181478465 2.9735267162322998e-05 44
1698181478604 3.3926826290553436e-05 45
1698181478757 3.023760291398503e-05 46
1698181478901 3.190406641806476e-05 47
1698181479045 3.452679084148258e-05 48
1698181479203 2.879128442145884e-05 49
