1698181471549 37.77909851074219 0
1698181471678 16.249338150024414 1
1698181471825 13.215033531188965 2
1698181471996 12.377695083618164 3
1698181472212 11.895526885986328 4
1698181472379 10.987277030944824 5
1698181472538 13.131406784057617 6
1698181472700 10.96997356414795 7
1698181472858 12.076067924499512 8
1698181473036 10.817662239074707 9
1698181473231 10.595974922180176 10
1698181473381 10.78635025024414 11
1698181473531 10.002995491027832 12
1698181473688 9.567581176757812 13
1698181473836 9.927943229675293 14
1698181474091 11.334455490112305 15
1698181474268 9.512091636657715 16
1698181474418 9.673460006713867 17
1698181474558 9.60430908203125 18
1698181474707 8.621058464050293 19
1698181474858 9.177956581115723 20
1698181475005 9.682405471801758 21
1698181475167 10.763340950012207 22
1698181475316 9.908452033996582 23
1698181475466 9.725936889648438 24
1698181475616 10.072407722473145 25
1698181475764 10.344243049621582 26
1698181475917 10.07719898223877 27
1698181476079 10.59249496459961 28
1698181476247 10.2564058303833 29
1698181476385 9.964360237121582 30
1698181476535 9.173310279846191 31
1698181476687 11.582435607910156 32
1698181476837 9.97723388671875 33
1698181476987 9.081344604492188 34
1698181477137 9.9886474609375 35
1698181477296 8.871933937072754 36
1698181477444 10.01674747467041 37
1698181477593 10.721465110778809 38
1698181477738 9.572714805603027 39
1698181477885 9.251429557800293 40
1698181478026 11.780482292175293 41
1698181478179 10.94192123413086 42
1698181478329 9.73633861541748 43
1698181478465 9.740266799926758 44
1698181478604 9.383362770080566 45
1698181478757 9.560887336730957 46
1698181478901 10.468364715576172 47
1698181479045 10.006407737731934 48
1698181479203 9.266045570373535 49
