1698183459372 32.0223388671875 0
1698183459571 8.75217342376709 1
1698183459777 7.7120680809021 2
1698183459966 8.568772315979004 3
1698183460154 7.184266090393066 4
1698183460341 7.107445240020752 5
1698183460533 6.768916606903076 6
1698183460762 7.848292827606201 7
1698183460943 7.687779903411865 8
1698183461126 6.833126544952393 9
1698183461312 6.719545364379883 10
1698183461503 7.022580146789551 11
1698183461708 7.11404275894165 12
1698183461903 6.722891330718994 13
1698183462105 6.374003887176514 14
1698183462312 6.631113529205322 15
1698183462514 6.273435592651367 16
1698183462708 5.967365264892578 17
1698183462899 5.988794803619385 18
1698183463084 6.777196884155273 19
1698183463286 6.405426025390625 20
1698183463477 6.238162994384766 21
1698183463672 5.956791400909424 22
1698183463864 5.894691467285156 23
1698183464057 5.715834617614746 24
1698183464249 6.126347064971924 25
1698183464442 6.892244338989258 26
1698183464679 6.374181270599365 27
1698183464883 6.352229595184326 28
1698183465071 5.67041015625 29
1698183465263 6.846588134765625 30
1698183465457 6.663039684295654 31
1698183465693 5.650945663452148 32
1698183465894 5.759366035461426 33
1698183466107 5.827245235443115 34
1698183466297 5.543392181396484 35
1698183466483 5.691946506500244 36
1698183466689 5.817417144775391 37
1698183466959 6.438669681549072 38
1698183467187 6.233104705810547 39
1698183467425 5.804254531860352 40
1698183467637 7.024204730987549 41
1698183467845 7.051219463348389 42
1698183468093 5.694499492645264 43
1698183468364 5.801517009735107 44
1698183468645 5.84338903427124 45
1698183468866 5.679226875305176 46
1698183469054 5.603922367095947 47
1698183469248 5.32028865814209 48
1698183469469 6.377753734588623 49
