1698229668079 0.01873401179909706 0
1698229668329 0.0036147700157016516 1
1698229668593 0.002435383852571249 2
1698229668862 0.0019327789777889848 3
1698229669118 0.0016014842549338937 4
1698229669369 0.001415616599842906 5
1698229669619 0.0013104110257700086 6
1698229669887 0.0012247249251231551 7
1698229670128 0.001158087863586843 8
1698229670386 0.0011658137664198875 9
1698229670611 0.0010812814580276608 10
1698229670861 0.0010099206119775772 11
1698229671113 0.0010553864995017648 12
1698229671423 0.001056482084095478 13
1698229671694 0.0009703710675239563 14
1698229671978 0.0009961787145584822 15
1698229672235 0.0009451885125599802 16
1698229672475 0.0009418283007107675 17
1698229672716 0.0009787067538127303 18
1698229672963 0.0008738962933421135 19
1698229673224 0.0008631669916212559 20
1698229673476 0.0008370239520445466 21
1698229673718 0.0009053293033502996 22
1698229673961 0.0008928041206672788 23
1698229674290 0.0008797800401225686 24
1698229674538 0.0008421872626058757 25
1698229674788 0.0008304070797748864 26
1698229675030 0.0008287926320917904 27
1698229675288 0.0007833605632185936 28
1698229675622 0.0007930528372526169 29
1698229675871 0.0007883368525654078 30
1698229676129 0.0007799649611115456 31
1698229676372 0.000787304132245481 32
1698229676620 0.0008180874865502119 33
1698229676887 0.0008429508889093995 34
1698229677111 0.000779278576374054 35
1698229677362 0.0007715687970630825 36
1698229677584 0.0007652455824427307 37
1698229677829 0.0007995718624442816 38
1698229678077 0.0007135646883398294 39
1698229678327 0.000751070270780474 40
1698229678578 0.000781562936026603 41
1698229678828 0.0006819477421231568 42
1698229679086 0.0007370413513854146 43
1698229679332 0.0007982628885656595 44
1698229679572 0.0007313117384910583 45
1698229679828 0.00068133813329041 46
1698229680085 0.0007548633730039 47
1698229680325 0.0007259667036123574 48
1698229680569 0.0008394417818635702 49
