1698229668079 64621.02734375 0
1698229668329 29282.400390625 1
1698229668593 26356.486328125 2
1698229668862 25608.04296875 3
1698229669118 23450.90234375 4
1698229669369 22760.53515625 5
1698229669619 21511.634765625 6
1698229669887 22602.796875 7
1698229670128 19678.25390625 8
1698229670386 22753.84765625 9
1698229670611 21310.15625 10
1698229670861 20479.5625 11
1698229671113 21591.525390625 12
1698229671423 20963.259765625 13
1698229671694 21578.6953125 14
1698229671978 24183.95703125 15
1698229672235 18322.6953125 16
1698229672475 19848.5078125 17
1698229672716 22234.73828125 18
1698229672963 17860.359375 19
1698229673224 16544.41796875 20
1698229673476 19208.75390625 21
1698229673718 19510.603515625 22
1698229673961 15559.7197265625 23
1698229674290 17268.05078125 24
1698229674538 16572.96484375 25
1698229674788 17944.814453125 26
1698229675030 19145.830078125 27
1698229675288 18364.041015625 28
1698229675622 19928.267578125 29
1698229675871 21169.396484375 30
1698229676129 16091.4677734375 31
1698229676372 15268.001953125 32
1698229676620 17700.80078125 33
1698229676887 19359.18359375 34
1698229677111 18346.134765625 35
1698229677362 15966.7822265625 36
1698229677584 17054.76953125 37
1698229677829 21862.21875 38
1698229678077 16519.087890625 39
1698229678327 17543.0546875 40
1698229678578 16705.763671875 41
1698229678828 21190.748046875 42
1698229679086 15805.2265625 43
1698229679332 17006.8359375 44
1698229679572 17052.97265625 45
1698229679828 16926.130859375 46
1698229680085 20509.314453125 47
1698229680325 18935.447265625 48
1698229680569 14168.0439453125 49
