1698174458269 0.29749560356140137 0
1698174458770 0.03182452544569969 1
1698174459280 0.025731660425662994 2
1698174459842 0.023712439462542534 3
1698174460398 0.02266794443130493 4
1698174461020 0.024066340178251266 5
1698174461539 0.019172418862581253 6
1698174462013 0.01954319141805172 7
1698174462593 0.02070779725909233 8
1698174463090 0.016570935025811195 9
1698174463589 0.016152046620845795 10
1698174464076 0.016957582905888557 11
1698174464591 0.016326703131198883 12
1698174465076 0.015526063740253448 13
1698174465592 0.016697652637958527 14
1698174466095 0.01435038261115551 15
1698174466592 0.015680404379963875 16
1698174467079 0.015337706543505192 17
1698174467593 0.014195422641932964 18
1698174468076 0.014295261353254318 19
1698174468640 0.014170327223837376 20
1698174469198 0.015033788979053497 21
1698174469866 0.012656024657189846 22
1698174470425 0.013982882723212242 23
1698174470982 0.013185480609536171 24
1698174471522 0.012528409250080585 25
1698174472188 0.0139763867482543 26
1698174472786 0.014423358254134655 27
1698174473389 0.011761639267206192 28
1698174473986 0.013971669599413872 29
1698174474592 0.012018074281513691 30
1698174475081 0.012300866656005383 31
1698174475591 0.012126888148486614 32
1698174476084 0.011520189233124256 33
1698174476592 0.012846741825342178 34
1698174477080 0.012193494476377964 35
1698174477651 0.012071770615875721 36
1698174478311 0.011918028816580772 37
1698174478858 0.011563196778297424 38
1698174479367 0.011796153150498867 39
1698174479865 0.011532180942595005 40
1698174480399 0.011774820275604725 41
1698174480888 0.012027852237224579 42
1698174481392 0.011971896514296532 43
1698174481882 0.01110731903463602 44
1698174482364 0.010957296937704086 45
1698174482866 0.011923053301870823 46
