1698167340665 0.06252135336399078 0
1698167340969 0.015284356661140919 1
1698167341187 0.009944041259586811 2
1698167341463 0.008735490962862968 3
1698167341809 0.008287901058793068 4
1698167342046 0.008141452446579933 5
1698167342302 0.007842563092708588 6
1698167342636 0.00783996656537056 7
1698167342864 0.007301799487322569 8
1698167343100 0.007706137839704752 9
1698167343374 0.007181083783507347 10
1698167343617 0.0070558348670601845 11
1698167343862 0.007127505261451006 12
1698167344100 0.006924719084054232 13
1698167344355 0.007180377840995789 14
1698167344580 0.006978735793381929 15
1698167344789 0.006971367169171572 16
1698167345002 0.006786448881030083 17
1698167345208 0.007072156295180321 18
1698167345424 0.007554724346846342 19
1698167345629 0.006846720352768898 20
1698167345868 0.007084065116941929 21
1698167346222 0.0067696236073970795 22
1698167346427 0.006593151483684778 23
1698167346703 0.006790554150938988 24
1698167346908 0.006678564008325338 25
1698167347108 0.006780027877539396 26
1698167347313 0.006577873602509499 27
1698167347520 0.007119483780115843 28
1698167347770 0.006768124643713236 29
1698167348047 0.006343713495880365 30
1698167348297 0.00694273691624403 31
1698167348512 0.006468082312494516 32
1698167348717 0.0062687634490430355 33
1698167348939 0.006444751285016537 34
1698167349190 0.0067499130964279175 35
1698167349398 0.006602734327316284 36
1698167349617 0.006581792142242193 37
1698167349833 0.006638950202614069 38
1698167350112 0.006606315728276968 39
1698167350345 0.006680185440927744 40
1698167350529 0.006448363419622183 41
1698167350743 0.006554797757416964 42
1698167350940 0.006451146677136421 43
1698167351144 0.006312485318630934 44
1698167351347 0.006212745793163776 45
1698167351595 0.006541740614920855 46
1698167351910 0.006520263850688934 47
1698167352117 0.006640926003456116 48
1698167352341 0.006288807839155197 49
