1698175009981 0.06150425225496292 0
1698175010342 0.020926503464579582 1
1698175010660 0.020303498953580856 2
1698175011007 0.017968684434890747 3
1698175011317 0.016497600823640823 4
1698175011617 0.01577921025454998 5
1698175011918 0.013307777233421803 6
1698175012219 0.014341771602630615 7
1698175012517 0.012094220146536827 8
1698175012813 0.01223762147128582 9
1698175013114 0.011165815405547619 10
1698175013441 0.012675665318965912 11
1698175013799 0.011987093836069107 12
1698175014091 0.012261668220162392 13
1698175014438 0.01249769702553749 14
1698175014761 0.011637970805168152 15
1698175015061 0.010604816488921642 16
1698175015472 0.01051229890435934 17
1698175015863 0.01010270044207573 18
1698175016158 0.009459777735173702 19
1698175016460 0.010585772804915905 20
1698175016750 0.011180761270225048 21
1698175017053 0.010017535649240017 22
1698175017375 0.00929357297718525 23
1698175017665 0.008926253765821457 24
1698175017960 0.008993914350867271 25
1698175018277 0.01143092941492796 26
1698175018593 0.008529824204742908 27
1698175018890 0.008142184466123581 28
1698175019201 0.008950559422373772 29
1698175019490 0.008810254745185375 30
1698175019784 0.008761394768953323 31
1698175020084 0.009668680839240551 32
1698175020394 0.009905597195029259 33
1698175020684 0.009806370362639427 34
1698175020971 0.008452020585536957 35
1698175021270 0.00882608164101839 36
1698175021562 0.008405383676290512 37
1698175021864 0.008451603353023529 38
1698175022154 0.007814073003828526 39
1698175022482 0.00987139530479908 40
1698175022783 0.009060896933078766 41
1698175023094 0.008516067638993263 42
1698175023472 0.00865907408297062 43
1698175023790 0.00768192857503891 44
1698175024182 0.008468612097203732 45
1698175024584 0.008404703810811043 46
1698175024937 0.007413384970277548 47
1698175025392 0.008129103109240532 48
1698175025711 0.0071832905523478985 49
