1698156069629 68.79791259765625 0
1698156072714 55.9720458984375 1
1698156075940 38.28695297241211 2
1698156078094 30.882400512695312 3
1698156081626 28.502107620239258 4
1698156086829 26.764841079711914 5
1698156090370 24.734376907348633 6
1698156095102 23.825302124023438 7
1698156098443 23.3898868560791 8
1698156102787 22.775833129882812 9
1698156105915 21.687339782714844 10
1698156108809 20.918367385864258 11
1698156111028 21.07206153869629 12
1698156113639 20.503860473632812 13
1698156116194 19.97218894958496 14
1698156121213 20.095117568969727 15
1698156124536 19.446699142456055 16
1698156126601 20.159894943237305 17
1698156130002 19.12790298461914 18
1698156132990 19.03073501586914 19
1698156136560 18.4217586517334 20
1698156141596 18.321107864379883 21
1698156143485 18.307893753051758 22
1698156146906 19.156272888183594 23
1698156148776 18.391672134399414 24
1698156150696 19.061830520629883 25
1698156152955 19.959627151489258 26
1698156154902 19.20375633239746 27
1698156156832 18.391849517822266 28
1698156158602 17.79584312438965 29
