1698175597156 0.06049570441246033 0
1698175597463 0.01705983281135559 1
1698175597848 0.015096052549779415 2
1698175598155 0.016159703955054283 3
1698175598476 0.014958284795284271 4
1698175598881 0.013412484899163246 5
1698175599205 0.014271949417889118 6
1698175599580 0.013335109688341618 7
1698175599902 0.012335734441876411 8
1698175600258 0.01021743007004261 9
1698175600699 0.012892674654722214 10
1698175601014 0.014241860248148441 11
1698175601326 0.015051616355776787 12
1698175601661 0.013006708584725857 13
1698175601998 0.013132925145328045 14
1698175602315 0.011092112399637699 15
1698175602726 0.010876243002712727 16
1698175603113 0.010979806073009968 17
1698175603433 0.009710637852549553 18
1698175603796 0.012629310600459576 19
1698175604086 0.01117935311049223 20
1698175604401 0.010393034666776657 21
1698175604696 0.010000685229897499 22
1698175604986 0.010406432673335075 23
1698175605285 0.0094603905454278 24
1698175605605 0.01140336412936449 25
1698175605905 0.011843353509902954 26
1698175606249 0.011222969740629196 27
1698175606611 0.009570559486746788 28
1698175606937 0.011153584346175194 29
1698175607371 0.010048915632069111 30
1698175607681 0.009455578401684761 31
1698175608056 0.00873393751680851 32
1698175608482 0.010699809528887272 33
1698175609778 0.00949029065668583 34
1698175610126 0.00927432905882597 35
1698175610465 0.00858763325959444 36
1698175610785 0.007607376202940941 37
1698175611236 0.008722796104848385 38
1698175611602 0.008499907329678535 39
1698175611928 0.010749097913503647 40
1698175612298 0.007918785326182842 41
1698175612635 0.010960547253489494 42
1698175612973 0.009491722099483013 43
1698175613448 0.011905050836503506 44
1698175613750 0.009156561456620693 45
1698175614071 0.008785191923379898 46
1698175614371 0.008729532361030579 47
1698175614690 0.011295157484710217 48
1698175615027 0.010164686478674412 49
