1698188208710 9674.58984375 0
1698188208888 788.7949829101562 1
1698188209091 842.5984497070312 2
1698188209313 665.5662841796875 3
1698188209532 545.7060546875 4
1698188209723 564.2166748046875 5
1698188209913 532.18408203125 6
1698188210084 555.4229736328125 7
1698188210252 518.4129638671875 8
1698188210459 592.7723999023438 9
1698188210675 586.44677734375 10
1698188210875 512.5205688476562 11
1698188211054 529.1687622070312 12
1698188211238 557.674560546875 13
1698188211413 475.0596923828125 14
1698188211600 556.8737182617188 15
1698188211797 498.36767578125 16
1698188212001 517.70703125 17
1698188212208 532.5829467773438 18
1698188212393 563.8291625976562 19
1698188212568 641.0929565429688 20
1698188212739 466.7156066894531 21
1698188212936 480.1959533691406 22
1698188213117 580.5034790039062 23
1698188213286 447.8111572265625 24
1698188213463 497.78289794921875 25
1698188213634 524.4007568359375 26
1698188213838 449.1824645996094 27
1698188214004 575.9254760742188 28
1698188214167 519.1797485351562 29
1698188214336 509.57855224609375 30
1698188214509 475.6484375 31
1698188214680 427.7786865234375 32
1698188214871 506.3156433105469 33
1698188215047 498.1470031738281 34
1698188215220 574.4613037109375 35
1698188215440 574.6334228515625 36
1698188215622 403.7445983886719 37
1698188215823 509.3855895996094 38
1698188215994 482.52203369140625 39
1698188216165 465.39599609375 40
1698188216337 519.0173950195312 41
1698188216512 394.2750244140625 42
1698188216687 485.988037109375 43
1698188216869 461.4507751464844 44
1698188217048 474.5473327636719 45
1698188217210 433.9866943359375 46
1698188217380 423.6346740722656 47
1698188217556 424.65069580078125 48
1698188217726 492.34124755859375 49
