1698188208710 30.517873764038086 0
1698188208888 8.438127517700195 1
1698188209091 8.111021041870117 2
1698188209313 7.5866379737854 3
1698188209532 7.2140374183654785 4
1698188209723 7.248422145843506 5
1698188209913 7.1273298263549805 6
1698188210084 7.061625003814697 7
1698188210252 7.165744304656982 8
1698188210459 7.240767478942871 9
1698188210675 7.493133544921875 10
1698188210875 6.699396133422852 11
1698188211054 6.709576606750488 12
1698188211238 7.25797176361084 13
1698188211413 6.576202392578125 14
1698188211600 6.993051052093506 15
1698188211797 7.044190406799316 16
1698188212001 6.95054292678833 17
1698188212208 7.033168792724609 18
1698188212393 7.22526216506958 19
1698188212568 8.201502799987793 20
1698188212739 6.777163982391357 21
1698188212936 7.076868534088135 22
1698188213117 7.066617965698242 23
1698188213286 6.543543338775635 24
1698188213463 6.903939723968506 25
1698188213634 7.295262336730957 26
1698188213838 6.759477615356445 27
1698188214004 6.974176406860352 28
1698188214167 7.025379657745361 29
1698188214336 6.909509181976318 30
1698188214509 6.769795894622803 31
1698188214680 6.508972644805908 32
1698188214871 6.8094987869262695 33
1698188215047 6.700767517089844 34
1698188215220 7.068851947784424 35
1698188215440 7.1613311767578125 36
1698188215622 6.633042812347412 37
1698188215823 6.537779808044434 38
1698188215994 6.98387336730957 39
1698188216165 6.897519111633301 40
1698188216337 7.240832805633545 41
1698188216512 6.863431453704834 42
1698188216687 7.11641788482666 43
1698188216869 6.557341575622559 44
1698188217048 6.60301399230957 45
1698188217210 6.5576863288879395 46
1698188217380 6.338547706604004 47
1698188217556 6.7928314208984375 48
1698188217726 7.076423168182373 49
