1698182767182 0.01971115916967392 0
1698182767488 0.004392662551254034 1
1698182767815 0.0040893107652664185 2
1698182768087 0.003798130201175809 3
1698182768328 0.003432683413848281 4
1698182768571 0.003262199694290757 5
1698182768863 0.0038002929650247097 6
1698182769136 0.002745623467490077 7
1698182769421 0.003378616413101554 8
1698182769705 0.002600780688226223 9
1698182769981 0.0028280909173190594 10
1698182770280 0.0023973812349140644 11
1698182770525 0.0023587532341480255 12
1698182770795 0.0020579597912728786 13
