1698166950332 54.98925018310547 0
1698166952030 33.27246856689453 1
1698166953767 26.86737823486328 2
1698166955503 22.689401626586914 3
1698166957385 20.846364974975586 4
1698166959717 19.71993064880371 5
1698166962266 19.43021583557129 6
1698166964973 18.468244552612305 7
1698166967606 17.855993270874023 8
1698166970067 17.676956176757812 9
1698166972216 17.60308265686035 10
1698166974763 17.690261840820312 11
1698166976824 17.122024536132812 12
1698166979007 17.24641227722168 13
1698166981213 16.963865280151367 14
1698166983242 16.57866668701172 15
1698166984929 17.410762786865234 16
1698166986691 16.61802101135254 17
1698166988569 16.356979370117188 18
1698166990381 16.80841827392578 19
1698166992112 16.355939865112305 20
1698166993864 16.282737731933594 21
1698166996098 16.70355796813965 22
1698166997960 16.545042037963867 23
1698166999726 16.456527709960938 24
1698167001576 16.341548919677734 25
1698167003220 16.256305694580078 26
1698167005067 16.085906982421875 27
1698167006930 16.060335159301758 28
1698167009149 16.163148880004883 29
1698167010866 16.162357330322266 30
1698167012445 15.987908363342285 31
1698167014109 15.920455932617188 32
1698167015798 16.30713653564453 33
1698167017496 16.109296798706055 34
1698167019304 16.608840942382812 35
1698167020979 16.46830940246582 36
1698167022595 15.763317108154297 37
1698167024235 16.576059341430664 38
1698167026036 16.3155460357666 39
1698167028074 15.773239135742188 40
1698167029917 15.843437194824219 41
1698167031746 15.77050495147705 42
1698167033409 15.802544593811035 43
1698167035070 15.64132308959961 44
1698167036756 17.225854873657227 45
1698167038593 16.031429290771484 46
1698167040935 15.661332130432129 47
1698167042618 15.649023056030273 48
1698167044430 15.434231758117676 49
