1698161561362 0.06002437323331833 0
1698161562504 0.03784632682800293 1
1698161563644 0.027687495574355125 2
1698161565203 0.019577886909246445 3
1698161566557 0.01650506816804409 4
1698161567668 0.014270843006670475 5
1698161568820 0.012738044373691082 6
1698161569938 0.011512805707752705 7
1698161571190 0.010400475934147835 8
1698161572640 0.00936905201524496 9
1698161574622 0.008696181699633598 10
1698161576185 0.007897027768194675 11
1698161577391 0.007385995239019394 12
1698161578719 0.007107540033757687 13
1698161579937 0.006983050610870123 14
1698161581176 0.006338732782751322 15
1698161582435 0.006004138849675655 16
1698161583609 0.005823570303618908 17
1698161585117 0.005928100552409887 18
1698161586346 0.0059384447522461414 19
1698161587538 0.005471426527947187 20
1698161589013 0.005376444663852453 21
1698161590281 0.005407792516052723 22
1698161591807 0.005378311034291983 23
1698161593114 0.005145817995071411 24
1698161595117 0.0049840169958770275 25
