1698180002416 0.11031566560268402 0
1698180002551 0.02813478372991085 1
1698180002684 0.022509124130010605 2
1698180002824 0.01922285370528698 3
1698180002976 0.02336578629910946 4
1698180003115 0.019414670765399933 5
1698180003253 0.019553454592823982 6
1698180003398 0.016948191449046135 7
1698180003547 0.01540155615657568 8
1698180003686 0.015282200649380684 9
1698180003844 0.01659427210688591 10
1698180003985 0.015813004225492477 11
1698180004126 0.01568550616502762 12
1698180004266 0.016850296407938004 13
1698180004406 0.015464459545910358 14
1698180004542 0.013515937142074108 15
1698180004673 0.014087378047406673 16
1698180004805 0.013355482369661331 17
1698180004974 0.01433632057160139 18
1698180005120 0.01626001112163067 19
1698180005250 0.01306990161538124 20
1698180005393 0.012425151653587818 21
1698180005536 0.011627333238720894 22
1698180005681 0.014323289506137371 23
1698180005823 0.01644746959209442 24
1698180005980 0.015454893931746483 25
1698180006122 0.013406378217041492 26
1698180006261 0.012698201462626457 27
1698180006409 0.012553361244499683 28
1698180006560 0.013963793404400349 29
1698180006704 0.012763808481395245 30
1698180006855 0.01358873676508665 31
1698180007005 0.012464900501072407 32
1698180007156 0.012809304520487785 33
1698180007338 0.011708704754710197 34
1698180007512 0.012657826766371727 35
1698180007667 0.012564805336296558 36
1698180007829 0.011114862747490406 37
1698180007984 0.011284155771136284 38
1698180008149 0.011132665909826756 39
1698180008329 0.014924269169569016 40
1698180008505 0.012861153110861778 41
1698180008655 0.012266481295228004 42
1698180008793 0.012284197844564915 43
1698180008935 0.012918798252940178 44
1698180009077 0.010086817666888237 45
1698180009228 0.010828937403857708 46
1698180009394 0.012376652099192142 47
1698180010029 0.011478935368359089 48
1698180010181 0.010903961025178432 49
