1698180002416 44.4029426574707 0
1698180002551 18.90178680419922 1
1698180002684 15.310879707336426 2
1698180002824 13.784829139709473 3
1698180002976 14.061476707458496 4
1698180003115 12.913836479187012 5
1698180003253 12.951200485229492 6
1698180003398 13.013484001159668 7
1698180003547 12.116700172424316 8
1698180003686 11.691614151000977 9
1698180003844 12.705975532531738 10
1698180003985 12.747973442077637 11
1698180004126 11.816563606262207 12
1698180004266 11.613362312316895 13
1698180004406 12.1255521774292 14
1698180004542 11.946920394897461 15
1698180004673 11.014391899108887 16
1698180004805 10.611971855163574 17
1698180004974 10.3406982421875 18
1698180005120 10.317673683166504 19
1698180005250 11.058212280273438 20
1698180005393 11.605232238769531 21
1698180005536 10.562090873718262 22
1698180005681 10.846596717834473 23
1698180005823 11.239221572875977 24
1698180005980 10.637062072753906 25
1698180006122 11.565262794494629 26
1698180006261 11.548396110534668 27
1698180006409 10.35078239440918 28
1698180006560 11.095449447631836 29
1698180006704 11.292219161987305 30
1698180006855 10.882607460021973 31
1698180007005 10.752645492553711 32
1698180007156 10.08071517944336 33
1698180007338 9.983572959899902 34
1698180007512 10.10373592376709 35
1698180007667 10.511662483215332 36
1698180007829 10.481011390686035 37
1698180007984 11.13748836517334 38
1698180008149 11.294227600097656 39
1698180008329 11.15413761138916 40
1698180008505 10.813519477844238 41
1698180008655 11.019058227539062 42
1698180008793 11.287479400634766 43
1698180008935 11.721555709838867 44
1698180009077 10.909326553344727 45
1698180009228 11.679564476013184 46
1698180009394 11.413273811340332 47
1698180010029 11.331527709960938 48
1698180010181 12.394403457641602 49
