1698182836070 0.026325050741434097 0
1698182836258 0.0035930234007537365 1
1698182836448 0.00318119372241199 2
1698182836637 0.0033522925805300474 3
1698182836812 0.002757537644356489 4
1698182837001 0.003138746367767453 5
1698182837190 0.003257235512137413 6
1698182837392 0.002408080967143178 7
1698182837574 0.0024392271880060434 8
1698182837757 0.0022990938741713762 9
1698182837949 0.002275356324389577 10
1698182838137 0.0021428854670375586 11
1698182838350 0.001986181130632758 12
1698182838557 0.002433336805552244 13
1698182838746 0.0021283719688653946 14
1698182838927 0.001561504672281444 15
1698182839113 0.001973009668290615 16
1698182839316 0.0020577292889356613 17
1698182839499 0.0018233131850138307 18
1698182839676 0.001726989052258432 19
1698182839865 0.0016243827994912863 20
1698182840051 0.0017151611391454935 21
1698182840257 0.0018628161633387208 22
1698182840461 0.0016874532448127866 23
1698182840658 0.0014639886794611812 24
1698182840845 0.001569550484418869 25
1698182841029 0.001686322269961238 26
1698182841213 0.0015445351600646973 27
1698182841423 0.0013544318499043584 28
1698182841614 0.0012202465441077948 29
1698182841810 0.0017318855971097946 30
1698182841999 0.0014392302837222815 31
1698182842183 0.0016366381896659732 32
1698182842387 0.001447585062123835 33
1698182842589 0.001339336740784347 34
1698182842802 0.0013983917888253927 35
1698182843002 0.0017267888179048896 36
1698182843195 0.001463476219214499 37
1698182843407 0.0013950264547020197 38
1698182843596 0.0013810507953166962 39
1698182843828 0.0015178711619228125 40
1698182844056 0.0013032674323767424 41
1698182844249 0.0014290869003161788 42
1698182844488 0.0015206615207716823 43
1698182844690 0.0014743234496563673 44
1698182844909 0.0013773459941148758 45
1698182845154 0.0012601057533174753 46
1698182845374 0.0011878310469910502 47
1698182845566 0.001129484735429287 48
1698182845769 0.0012973591219633818 49
