1698158767026 0.8907328248023987 0
1698158767547 0.8392254710197449 1
1698158768046 0.642619252204895 2
1698158768528 0.5204855799674988 3
1698158769030 0.45632442831993103 4
1698158769554 0.3746738135814667 5
1698158770083 0.31041985750198364 6
1698158770749 0.2698403596878052 7
1698158771475 0.2373853325843811 8
1698158771999 0.2172609120607376 9
1698158772540 0.1943860948085785 10
1698158773057 0.17616958916187286 11
1698158773567 0.16153261065483093 12
1698158774051 0.14966940879821777 13
1698158774539 0.14113515615463257 14
1698158775464 0.13138583302497864 15
1698158776072 0.11894252151250839 16
1698158776621 0.11285236477851868 17
1698158777113 0.10500237345695496 18
1698158777597 0.09869693964719772 19
1698158778087 0.09820369631052017 20
1698158778617 0.09190252423286438 21
1698158779218 0.09143006056547165 22
1698158779794 0.08799711614847183 23
1698158780353 0.08268186450004578 24
1698158780890 0.08141008764505386 25
1698158781408 0.07496970891952515 26
1698158781924 0.07273644953966141 27
1698158782436 0.06785401701927185 28
1698158782952 0.0647694393992424 29
1698158783494 0.05745292827486992 30
1698158784014 0.05270973592996597 31
1698158784544 0.047507140785455704 32
1698158785054 0.04231063649058342 33
1698158785652 0.03708292171359062 34
1698158786234 0.03804410248994827 35
1698158786759 0.03539939597249031 36
1698158787282 0.03374142944812775 37
