1698158767026 90.24803924560547 0
1698158767547 66.40301513671875 1
1698158768046 80.36048126220703 2
1698158768528 114.72924041748047 3
1698158769030 125.37461853027344 4
1698158769554 126.32882690429688 5
1698158770083 125.38153839111328 6
1698158770749 117.4162826538086 7
1698158771475 117.11746978759766 8
1698158771999 110.7350845336914 9
1698158772540 107.84428405761719 10
1698158773057 99.64063262939453 11
1698158773567 92.97626495361328 12
1698158774051 87.56189727783203 13
1698158774539 87.32054138183594 14
1698158775464 87.0599594116211 15
1698158776072 84.32113647460938 16
1698158776621 82.38427734375 17
1698158777113 84.51652526855469 18
1698158777597 81.4501953125 19
1698158778087 76.5050048828125 20
1698158778617 77.13004302978516 21
1698158779218 75.26848602294922 22
1698158779794 73.59555053710938 23
1698158780353 70.62080383300781 24
1698158780890 71.22820281982422 25
1698158781408 70.26786804199219 26
1698158781924 68.19888305664062 27
1698158782436 66.28157806396484 28
1698158782952 69.39700317382812 29
1698158783494 67.69227600097656 30
1698158784014 64.42728424072266 31
1698158784544 62.25892639160156 32
1698158785054 65.2581558227539 33
1698158785652 60.7661018371582 34
1698158786234 58.81289291381836 35
1698158786759 56.20867919921875 36
1698158787282 55.581485748291016 37
