1698183948185 59.5432014465332 0
1698183948333 39.70945358276367 1
1698183948487 16.484102249145508 2
1698183948634 15.215384483337402 3
1698183948777 14.888293266296387 4
1698183948919 13.227702140808105 5
1698183949048 13.734502792358398 6
1698183949205 13.085325241088867 7
1698183949390 12.504742622375488 8
1698183949539 12.333622932434082 9
1698183949681 12.651049613952637 10
1698183949819 13.034035682678223 11
1698183949958 12.011106491088867 12
1698183950097 12.490446090698242 13
1698183950245 12.56371021270752 14
1698183950463 11.027716636657715 15
1698183950630 11.517814636230469 16
1698183950787 10.971638679504395 17
1698183950946 10.732991218566895 18
1698183951092 11.402955055236816 19
1698183951237 10.670173645019531 20
1698183951383 10.358824729919434 21
1698183951579 10.878485679626465 22
1698183951745 10.27938175201416 23
1698183951975 9.9952974319458 24
1698183952139 10.832079887390137 25
1698183952279 10.286725044250488 26
1698183952417 10.038419723510742 27
1698183952570 9.533660888671875 28
1698183952708 10.234441757202148 29
1698183952843 9.586507797241211 30
1698183952993 9.746997833251953 31
1698183953129 10.292513847351074 32
1698183953265 10.28013801574707 33
1698183953410 10.005586624145508 34
1698183953563 9.809617042541504 35
1698183953709 9.787029266357422 36
1698183953840 10.252876281738281 37
1698183953982 9.318371772766113 38
1698183954123 9.259113311767578 39
1698183954262 8.968387603759766 40
1698183954405 9.173028945922852 41
1698183954552 9.102241516113281 42
1698183954701 9.182035446166992 43
1698183954845 9.425209045410156 44
1698183954991 9.205117225646973 45
1698183955131 8.932046890258789 46
1698183955276 8.99885082244873 47
1698183955435 8.893561363220215 48
1698183955612 8.806941032409668 49
