1698174192402 0.0004602677363436669 0
1698174192655 5.155615144758485e-05 1
1698174192875 4.575564889819361e-05 2
1698174193104 4.7079047362785786e-05 3
1698174193334 4.3224885303061455e-05 4
1698174193564 3.826877218671143e-05 5
1698174193812 3.6163037293590605e-05 6
1698174194047 4.007702227681875e-05 7
1698174194258 3.39026446454227e-05 8
1698174194473 4.011001510662027e-05 9
1698174194799 3.615177047322504e-05 10
1698174195104 4.283081943867728e-05 11
1698174195325 3.201716026524082e-05 12
1698174195586 3.122811176581308e-05 13
1698174195839 3.325026773381978e-05 14
1698174196088 3.128206662950106e-05 15
1698174196410 3.463892062427476e-05 16
1698174196723 3.724432099261321e-05 17
1698174196938 3.307834776933305e-05 18
1698174197158 3.1596799090038985e-05 19
1698174197384 3.182777436450124e-05 20
1698174197638 2.988237247336656e-05 21
1698174197860 3.3764797990443185e-05 22
1698174198094 3.057300637010485e-05 23
1698174198310 3.076795474044047e-05 24
1698174198531 3.307937367935665e-05 25
1698174198779 2.9727616492891684e-05 26
1698174198998 2.7373745979275554e-05 27
1698174199221 3.2691987144062296e-05 28
1698174199460 3.019746145582758e-05 29
1698174199681 2.9613949664053507e-05 30
1698174199902 3.078028385061771e-05 31
1698174200121 3.109532190137543e-05 32
1698174200341 2.791321458062157e-05 33
1698174200566 2.983156628033612e-05 34
1698174200802 2.5399325750186108e-05 35
1698174201022 2.9702725441893563e-05 36
1698174201242 3.194750388502143e-05 37
1698174201465 3.16068108077161e-05 38
1698174201683 2.8321337595116347e-05 39
1698174201937 2.812714228639379e-05 40
1698174202158 2.858737025235314e-05 41
1698174202393 2.733332985371817e-05 42
1698174202690 3.338782335049473e-05 43
1698174202909 2.7959227736573666e-05 44
1698174203129 2.8933020075783134e-05 45
1698174203349 2.6460351364221424e-05 46
1698174203557 2.732522989390418e-05 47
1698174203791 2.8852040486526676e-05 48
1698174204060 2.705408405745402e-05 49
1698174204302 2.8658379960688762e-05 50
1698174204571 2.6897092539002188e-05 51
1698174204832 2.721855889831204e-05 52
1698174205063 2.652876173669938e-05 53
1698174205329 2.6864207029575482e-05 54
1698174205558 2.9331689802347682e-05 55
1698174205780 2.945869528048206e-05 56
1698174205996 2.793897147057578e-05 57
1698174206266 2.791356382658705e-05 58
1698174206569 3.213376476196572e-05 59
1698174206807 2.9288923542480916e-05 60
1698174207056 2.9304050258360803e-05 61
1698174207316 2.886113725253381e-05 62
1698174207541 2.9381979402387515e-05 63
1698174207765 3.182210275554098e-05 64
1698174207997 2.7482448786031455e-05 65
1698174208252 2.851164754247293e-05 66
1698174208591 2.5853443730738945e-05 67
1698174208838 2.935610609711148e-05 68
1698174209083 2.4487731934641488e-05 69
1698174209327 2.792417217278853e-05 70
1698174209544 2.7975929697277024e-05 71
1698174209759 2.458494418533519e-05 72
1698174210020 2.5474750145804137e-05 73
1698174210288 2.907782982219942e-05 74
1698174210655 2.816856977005955e-05 75
1698174210900 2.5877503503579646e-05 76
1698174211122 2.675752512004692e-05 77
1698174211383 2.5213086701114662e-05 78
1698174211604 2.8837486752308905e-05 79
1698174211814 2.3942278858157806e-05 80
1698174212032 2.554893580963835e-05 81
1698174212263 2.8805538022425026e-05 82
1698174212485 3.0079636417212896e-05 83
1698174212736 2.6460598746780306e-05 84
1698174213027 2.9463401006069034e-05 85
1698174213304 2.779339047265239e-05 86
1698174213559 2.4781160391285084e-05 87
1698174213903 2.748039878497366e-05 88
1698174214163 2.7935746402363293e-05 89
1698174214392 2.777209556370508e-05 90
1698174214615 2.8362328521325253e-05 91
1698174214840 2.9796123271808028e-05 92
1698174215069 2.7368287192075513e-05 93
1698174215297 2.7199956093681976e-05 94
1698174215522 2.7781605240306817e-05 95
1698174215746 2.5133966119028628e-05 96
1698174216000 2.5651992473285645e-05 97
1698174216230 2.5043284040293656e-05 98
1698174216450 2.5885254217428155e-05 99
