1698161606347 70.13368225097656 0
1698161607151 44.27898025512695 1
1698161607893 31.792936325073242 2
1698161608642 25.86030387878418 3
1698161609417 23.3162899017334 4
1698161610149 20.79648208618164 5
1698161610929 18.931007385253906 6
1698161611742 17.5626220703125 7
1698161612544 16.480213165283203 8
1698161613379 15.078774452209473 9
1698161614132 14.782583236694336 10
1698161614892 14.002092361450195 11
1698161615683 14.852972984313965 12
1698161616403 13.354998588562012 13
1698161617183 13.120453834533691 14
1698161618009 12.81303596496582 15
1698161618776 12.581713676452637 16
1698161619488 13.121491432189941 17
1698161620245 12.465412139892578 18
1698161621190 12.322344779968262 19
