1698160493009 0.0772523358464241 0
1698160493269 0.0701589584350586 1
1698160493533 0.06322728842496872 2
1698160493798 0.05668322741985321 3
1698160494048 0.050496820360422134 4
1698160494293 0.04469740390777588 5
1698160494546 0.03910848870873451 6
1698160494824 0.034052442759275436 7
1698160495065 0.029882356524467468 8
1698160495335 0.02672487124800682 9
1698160495579 0.02438482642173767 10
1698160495831 0.02269713021814823 11
1698160496105 0.021464765071868896 12
1698160496373 0.020543085411190987 13
1698160496633 0.01969238370656967 14
1698160496978 0.018941331654787064 15
1698160497282 0.018264789134263992 16
1698160497533 0.0176490880548954 17
1698160497833 0.017133662477135658 18
1698160498116 0.016568580642342567 19
1698160498457 0.016164783388376236 20
1698160498745 0.015763837844133377 21
1698160499008 0.01541684940457344 22
1698160499287 0.01507265493273735 23
1698160499537 0.014854478649795055 24
1698160499816 0.014548899605870247 25
1698160500074 0.014286967925727367 26
1698160500387 0.014066626317799091 27
1698160500660 0.013844091445207596 28
1698160500937 0.013618895784020424 29
1698160501214 0.013434615917503834 30
1698160501472 0.013228343799710274 31
1698160501717 0.013086987659335136 32
1698160502014 0.012877334840595722 33
1698160502285 0.012683608569204807 34
1698160502568 0.012543863616883755 35
1698160502811 0.012353737838566303 36
1698160503061 0.012175226584076881 37
1698160503317 0.011980422772467136 38
1698160503571 0.01182565838098526 39
1698160503840 0.011654989793896675 40
1698160504090 0.011516286991536617 41
1698160504343 0.01134492177516222 42
1698160504581 0.011198986321687698 43
1698160504863 0.011079540476202965 44
1698160505136 0.010914230719208717 45
1698160505408 0.010784578509628773 46
1698160505665 0.010620253160595894 47
1698160505917 0.010502994060516357 48
1698160506223 0.010343396104872227 49
1698160506505 0.010299148969352245 50
1698160506815 0.0101352259516716 51
1698160507162 0.009958112612366676 52
1698160507445 0.009877176024019718 53
1698160507766 0.009726791642606258 54
1698160508037 0.009574971161782742 55
1698160508318 0.00949766393750906 56
1698160508588 0.009381596930325031 57
1698160508855 0.009290938265621662 58
1698160509098 0.009165522642433643 59
1698160509359 0.009056689217686653 60
1698160509620 0.008985285647213459 61
1698160509860 0.008909241296350956 62
1698160510106 0.008799705654382706 63
1698160510346 0.008725843392312527 64
1698160510610 0.00860990583896637 65
1698160510845 0.008586577139794827 66
1698160511092 0.008467338979244232 67
1698160511339 0.008364686742424965 68
1698160511582 0.00832290854305029 69
1698160511834 0.008231188170611858 70
1698160512095 0.008193889632821083 71
1698160512371 0.00807180255651474 72
1698160512637 0.008024782873690128 73
1698160512893 0.007974681444466114 74
1698160513140 0.007910839281976223 75
