1698160518292 86.23005676269531 0
1698160519941 48.597103118896484 1
1698160521630 41.98196792602539 2
1698160523632 37.89072799682617 3
1698160525368 34.418643951416016 4
1698160527021 31.04989242553711 5
1698160528775 29.380767822265625 6
1698160530452 28.640092849731445 7
1698160532194 27.487897872924805 8
1698160534033 26.445878982543945 9
1698160535683 25.32723045349121 10
1698160537452 24.58294677734375 11
1698160539648 24.579477310180664 12
1698160542185 23.7906551361084 13
1698160544236 23.111522674560547 14
1698160546626 22.926298141479492 15
1698160548449 22.79328727722168 16
1698160550196 22.724273681640625 17
1698160552161 22.180395126342773 18
1698160554238 21.962345123291016 19
1698160556013 21.865463256835938 20
1698160557772 21.728918075561523 21
1698160559512 21.350576400756836 22
1698160561261 22.67082405090332 23
1698160563289 21.23146629333496 24
1698160565014 21.185161590576172 25
1698160566985 20.778276443481445 26
1698160568752 21.16087532043457 27
1698160570500 20.380508422851562 28
1698160572420 20.537147521972656 29
1698160574082 20.936798095703125 30
1698160575863 20.34556770324707 31
1698160577627 20.24207305908203 32
1698160579390 19.612699508666992 33
1698160581199 19.774169921875 34
1698160583224 19.60906982421875 35
1698160585044 19.943294525146484 36
1698160586793 19.311809539794922 37
1698160588667 19.58468246459961 38
1698160590654 19.71908950805664 39
1698160592518 19.048158645629883 40
1698160594227 19.050582885742188 41
1698160595911 18.77049446105957 42
1698160597771 18.648588180541992 43
1698160599532 19.284990310668945 44
1698160601506 18.559640884399414 45
