1698184151438 0.04068153351545334 0
1698184151578 0.011609883047640324 1
1698184151711 0.004348980728536844 2
1698184151873 0.002878304338082671 3
1698184152021 0.00223791622556746 4
1698184152190 0.002218968467786908 5
1698184152338 0.0021620350889861584 6
1698184152496 0.00197779992595315 7
1698184152651 0.0020491944160312414 8
1698184152787 0.0022919252514839172 9
1698184152921 0.0018642302602529526 10
1698184153081 0.002081356942653656 11
1698184153281 0.0018348851008340716 12
1698184153476 0.0019066935637965798 13
1698184153666 0.0017298064194619656 14
1698184153804 0.0017909675370901823 15
1698184153940 0.0017493416089564562 16
1698184154085 0.0014617067063227296 17
1698184154221 0.0015840759733691812 18
1698184154371 0.001533611211925745 19
1698184154508 0.0017762824427336454 20
1698184154658 0.0016880991170182824 21
1698184154840 0.0014609306817874312 22
1698184155017 0.001419881358742714 23
1698184155153 0.0014322876231744885 24
1698184155287 0.0013790095690637827 25
1698184155422 0.0016332735540345311 26
1698184155573 0.0014494976494461298 27
1698184155708 0.0014566251775249839 28
1698184155845 0.0011708219535648823 29
1698184155980 0.0015086163766682148 30
1698184156114 0.00118972675409168 31
1698184156241 0.0013293226948007941 32
1698184156394 0.0012154842261224985 33
1698184156532 0.001455008052289486 34
1698184156666 0.0013441956834867597 35
1698184156796 0.0012893547536805272 36
1698184156924 0.0013333341339603066 37
1698184157060 0.0012703916290774941 38
1698184157196 0.0011697474401444197 39
1698184157331 0.0012538464507088065 40
1698184157467 0.0012240672949701548 41
1698184157626 0.001117840176448226 42
1698184157761 0.0011709046084433794 43
1698184157896 0.0013558698119595647 44
1698184158032 0.0010201873956248164 45
1698184158164 0.0012367531890049577 46
1698184158299 0.001167984213680029 47
1698184158440 0.0011411202140152454 48
1698184158591 0.0011422764509916306 49
