1698184151438 74.07933044433594 0
1698184151578 38.349952697753906 1
1698184151711 41.82603454589844 2
1698184151873 25.532115936279297 3
1698184152021 17.575632095336914 4
1698184152190 16.774694442749023 5
1698184152338 16.82276153564453 6
1698184152496 15.64869213104248 7
1698184152651 15.609798431396484 8
1698184152787 14.991429328918457 9
1698184152921 14.79674243927002 10
1698184153081 14.523028373718262 11
1698184153281 14.112547874450684 12
1698184153476 14.084416389465332 13
1698184153666 13.650315284729004 14
1698184153804 13.623283386230469 15
1698184153940 13.733464241027832 16
1698184154085 13.319602012634277 17
1698184154221 13.218087196350098 18
1698184154371 13.110310554504395 19
1698184154508 13.15886402130127 20
1698184154658 13.131889343261719 21
1698184154840 12.929140090942383 22
1698184155017 12.89462947845459 23
1698184155153 12.389642715454102 24
1698184155287 12.372746467590332 25
1698184155422 11.918134689331055 26
1698184155573 12.188685417175293 27
1698184155708 13.012944221496582 28
1698184155845 11.893208503723145 29
1698184155980 12.120975494384766 30
1698184156114 11.58586311340332 31
1698184156241 11.844698905944824 32
1698184156394 11.701671600341797 33
1698184156532 12.400629997253418 34
1698184156666 11.61055850982666 35
1698184156796 11.840950012207031 36
1698184156924 11.326359748840332 37
1698184157060 11.460877418518066 38
1698184157196 11.248223304748535 39
1698184157331 11.40357780456543 40
1698184157467 11.231935501098633 41
1698184157626 10.88525390625 42
1698184157761 10.844012260437012 43
1698184157896 11.031912803649902 44
1698184158032 10.404844284057617 45
1698184158164 10.63509750366211 46
1698184158299 10.421988487243652 47
1698184158440 10.278586387634277 48
1698184158591 10.375181198120117 49
