1698163379831 0.0706687942147255 0
1698163381931 0.047614216804504395 1
1698163383776 0.03944998234510422 2
1698163386135 0.03230281546711922 3
1698163388468 0.027012044563889503 4
1698163390419 0.021840006113052368 5
1698163392309 0.019457226619124413 6
1698163394207 0.017778484150767326 7
1698163396682 0.016743257641792297 8
1698163398619 0.015436333604156971 9
1698163400835 0.01450741570442915 10
1698163403126 0.013511564582586288 11
1698163405413 0.012634307146072388 12
1698163407362 0.012051570229232311 13
1698163409044 0.011276638135313988 14
1698163410888 0.0109195401892066 15
1698163412626 0.010327780619263649 16
1698163414723 0.009896148927509785 17
1698163417424 0.009419393725693226 18
1698163419823 0.009080671705305576 19
1698163421906 0.008774305693805218 20
1698163423354 0.008548366837203503 21
1698163424570 0.008381997235119343 22
1698163426063 0.007907136343419552 23
1698163427690 0.00791203137487173 24
1698163428909 0.0077846720814704895 25
1698163430226 0.007276525720953941 26
1698163431850 0.007649712730199099 27
1698163433076 0.007166944444179535 28
