1698183931433 64.81815338134766 0
1698183931707 102.2510757446289 1
1698183931992 95.83181762695312 2
1698183932297 55.60818862915039 3
1698183932570 15.253377914428711 4
1698183932843 14.00262451171875 5
1698183933115 12.813899993896484 6
1698183933393 12.027921676635742 7
1698183933662 12.510014533996582 8
1698183933932 11.068511009216309 9
1698183934226 11.684710502624512 10
1698183934523 10.982431411743164 11
1698183934792 11.741569519042969 12
1698183935063 11.586132049560547 13
1698183935359 10.968177795410156 14
1698183935649 10.678060531616211 15
1698183935924 10.773422241210938 16
1698183936204 11.382184982299805 17
1698183936504 11.18045711517334 18
1698183936792 10.896300315856934 19
1698183937070 11.101520538330078 20
1698183937378 11.039414405822754 21
1698183937665 11.552873611450195 22
1698183937938 11.246813774108887 23
1698183938231 11.863905906677246 24
1698183938545 11.07642936706543 25
1698183938859 10.894071578979492 26
1698183939161 11.091259956359863 27
1698183939491 10.488801002502441 28
1698183939812 10.703079223632812 29
1698183940155 9.98299789428711 30
1698183940560 10.890314102172852 31
1698183940835 11.092683792114258 32
1698183941109 11.160897254943848 33
1698183941388 10.72884464263916 34
1698183941665 11.11973762512207 35
1698183941936 10.770513534545898 36
1698183942229 10.187788009643555 37
1698183942544 10.444727897644043 38
1698183942818 11.123703002929688 39
1698183943096 10.276115417480469 40
1698183943372 10.125120162963867 41
1698183943677 10.774628639221191 42
1698183943961 11.090662956237793 43
1698183944251 11.132246017456055 44
1698183944539 10.115903854370117 45
1698183944815 10.380611419677734 46
1698183945088 10.263089179992676 47
1698183945377 12.033321380615234 48
1698183945660 11.389368057250977 49
