1698179136715 0.05798409506678581 0
1698179136964 0.008073881268501282 1
1698179137194 0.006114033050835133 2
1698179137426 0.005844342987984419 3
1698179137650 0.006069774739444256 4
1698179137927 0.006553546991199255 5
1698179138184 0.005673126317560673 6
1698179138462 0.005021737422794104 7
1698179138724 0.004514638800173998 8
1698179138968 0.004486376419663429 9
1698179139191 0.005522248800843954 10
1698179139428 0.004133024252951145 11
1698179139660 0.004941410385072231 12
1698179139884 0.004781168419867754 13
1698179140104 0.005254128482192755 14
1698179140328 0.004715379327535629 15
1698179140552 0.00450329901650548 16
1698179140802 0.0044001261703670025 17
1698179141019 0.006364714819937944 18
1698179141241 0.004561392590403557 19
1698179141466 0.0047002206556499004 20
1698179141722 0.004312841687351465 21
1698179141946 0.0048848832957446575 22
1698179142177 0.00467863492667675 23
1698179142433 0.004054366610944271 24
1698179142655 0.0049970424734056 25
1698179142880 0.005015041679143906 26
1698179143100 0.0048616621643304825 27
1698179143325 0.0052002244628965855 28
1698179143563 0.00418158108368516 29
1698179143793 0.0048484499566257 30
1698179144019 0.004346813540905714 31
1698179144242 0.004062551073729992 32
1698179144478 0.0052307671867311 33
1698179144727 0.004304233472794294 34
1698179144950 0.00411165552213788 35
1698179145178 0.004056971520185471 36
1698179145397 0.004121318459510803 37
1698179145619 0.004566818475723267 38
1698179145859 0.004023937042802572 39
1698179146086 0.004189530853182077 40
1698179146310 0.004234857391566038 41
1698179146548 0.0047117117792367935 42
1698179146804 0.00429043173789978 43
1698179147063 0.0044821989722549915 44
1698179147397 0.004101749509572983 45
1698179147625 0.005865930579602718 46
1698179147861 0.004084633197635412 47
1698179148167 0.004075557924807072 48
1698179148417 0.004011284559965134 49
