1698228270837 5742.38037109375 0
1698228275419 4418.5224609375 1
1698228279914 3590.63427734375 2
1698228285037 3438.362548828125 3
1698228289662 3048.693115234375 4
1698228295098 2641.4482421875 5
1698228299957 2491.27685546875 6
1698228304536 2388.20947265625 7
1698228309096 2250.28857421875 8
1698228314298 2081.6884765625 9
1698228319741 1977.6678466796875 10
1698228324765 1716.2667236328125 11
1698228331118 1535.5634765625 12
1698228336163 1750.3543701171875 13
1698228343148 1495.86669921875 14
1698228348168 1210.2030029296875 15
1698228352754 1174.037841796875 16
1698228357394 1014.5410766601562 17
1698228362183 953.3991088867188 18
1698228367949 860.5231323242188 19
1698228372590 850.5591430664062 20
1698228377202 820.4791259765625 21
1698228383472 746.8994140625 22
1698228388093 648.1185302734375 23
1698228392660 816.6721801757812 24
1698228398300 723.6177368164062 25
1698228403287 602.4313354492188 26
1698228408375 555.01025390625 27
1698228413277 562.2536010742188 28
1698228417940 489.7042236328125 29
1698228423510 382.5157165527344 30
1698228428242 259.1377258300781 31
1698228432969 266.8839111328125 32
1698228437550 227.54116821289062 33
1698228442242 222.04830932617188 34
1698228447480 392.0580749511719 35
1698228452122 236.37158203125 36
1698228456953 184.15606689453125 37
1698228461607 274.5624084472656 38
1698228466437 204.18426513671875 39
1698228471403 217.47348022460938 40
1698228476213 277.0072937011719 41
1698228480948 808.9909057617188 42
1698228486146 330.6173400878906 43
1698228490887 213.85470581054688 44
1698228495586 188.3180694580078 45
1698228500776 159.64056396484375 46
1698228505759 189.10638427734375 47
1698228511535 426.84332275390625 48
1698228517138 372.74090576171875 49
