1698167411797 25.402122497558594 0
1698167412102 13.792740821838379 1
1698167412420 12.609073638916016 2
1698167412718 12.14753246307373 3
1698167412988 12.035382270812988 4
1698167413286 12.261979103088379 5
1698167413606 11.817447662353516 6
1698167413935 11.872965812683105 7
1698167414355 11.871354103088379 8
1698167414748 11.641379356384277 9
1698167415212 11.47842025756836 10
1698167415607 11.6727294921875 11
1698167415909 11.327336311340332 12
1698167416250 12.629368782043457 13
1698167416518 11.064029693603516 14
1698167416853 11.375908851623535 15
1698167417182 11.092827796936035 16
1698167417628 11.622007369995117 17
1698167417976 11.201432228088379 18
1698167418291 10.940361976623535 19
1698167418627 10.90186595916748 20
1698167419130 11.390531539916992 21
1698167419557 11.3955078125 22
1698167419902 10.99452018737793 23
1698167420213 11.549566268920898 24
1698167420515 10.891809463500977 25
1698167420777 11.015549659729004 26
1698167421076 11.0519437789917 27
1698167421395 11.213529586791992 28
1698167421772 11.34168529510498 29
1698167422079 10.837689399719238 30
1698167422447 10.869782447814941 31
1698167422767 11.174778938293457 32
1698167423071 11.084229469299316 33
1698167423524 11.503662109375 34
1698167423811 10.80603313446045 35
1698167424139 10.667655944824219 36
1698167424604 10.76994514465332 37
1698167424944 11.6196870803833 38
1698167425325 10.729671478271484 39
1698167425669 10.953139305114746 40
1698167426003 10.667695045471191 41
1698167426320 10.713435173034668 42
1698167426606 10.978372573852539 43
1698167426956 10.598125457763672 44
1698167427336 10.519549369812012 45
1698167427851 11.347698211669922 46
1698167428375 11.409534454345703 47
1698167428873 11.042984962463379 48
1698167429194 10.771239280700684 49
