1698185481259 1142.5699462890625 0
1698185481427 414.29229736328125 1
1698185481591 249.01588439941406 2
1698185481761 225.41070556640625 3
1698185481940 193.08480834960938 4
1698185482107 160.28289794921875 5
1698185482274 166.70372009277344 6
1698185482435 161.3208770751953 7
1698185482592 148.1237335205078 8
1698185482761 183.45254516601562 9
1698185482930 147.03819274902344 10
1698185483083 143.6027069091797 11
1698185483264 127.68780517578125 12
1698185483450 201.83311462402344 13
1698185483607 140.2260284423828 14
1698185483773 133.79310607910156 15
1698185483936 144.61212158203125 16
1698185484092 155.23052978515625 17
1698185484243 145.0605010986328 18
1698185484413 158.4744110107422 19
1698185484601 194.0273895263672 20
1698185484768 219.80052185058594 21
1698185485000 135.199462890625 22
1698185485195 147.20083618164062 23
1698185485361 146.10238647460938 24
1698185485525 160.60182189941406 25
1698185485697 135.2335205078125 26
1698185485941 177.9075164794922 27
1698185486138 164.73019409179688 28
1698185486315 168.3245391845703 29
1698185486496 144.64166259765625 30
1698185486674 138.03933715820312 31
1698185486872 147.3975067138672 32
1698185487069 140.91729736328125 33
1698185487262 137.8010711669922 34
1698185487433 141.0647430419922 35
1698185487597 171.73731994628906 36
1698185487756 166.5946807861328 37
1698185487944 141.74441528320312 38
1698185488113 136.71397399902344 39
1698185488305 137.73902893066406 40
1698185488476 156.00686645507812 41
1698185488640 148.90176391601562 42
1698185488804 183.42706298828125 43
1698185488969 175.49615478515625 44
1698185489143 153.35293579101562 45
1698185489310 180.2000732421875 46
1698185489478 126.2791519165039 47
1698185489667 124.19303131103516 48
1698185489842 127.16259002685547 49
