1698185481259 18.44029426574707 0
1698185481427 11.579817771911621 1
1698185481591 9.546298027038574 2
1698185481761 9.36488151550293 3
1698185481940 8.245983123779297 4
1698185482107 7.606815338134766 5
1698185482274 7.5120930671691895 6
1698185482435 7.414655685424805 7
1698185482592 7.078451156616211 8
1698185482761 8.028472900390625 9
1698185482930 7.028314590454102 10
1698185483083 6.748950004577637 11
1698185483264 6.76174783706665 12
1698185483450 8.60598087310791 13
1698185483607 7.088954925537109 14
1698185483773 6.827982425689697 15
1698185483936 7.314094543457031 16
1698185484092 7.045205116271973 17
1698185484243 7.1861090660095215 18
1698185484413 7.226125717163086 19
1698185484601 9.40722370147705 20
1698185484768 8.789056777954102 21
1698185485000 6.860653877258301 22
1698185485195 7.125654697418213 23
1698185485361 7.348881244659424 24
1698185485525 7.761013507843018 25
1698185485697 6.891351699829102 26
1698185485941 8.20109748840332 27
1698185486138 7.393224716186523 28
1698185486315 7.786109924316406 29
1698185486496 7.037424564361572 30
1698185486674 7.06931209564209 31
1698185486872 7.366252899169922 32
1698185487069 6.720095634460449 33
1698185487262 7.030747413635254 34
1698185487433 7.236251354217529 35
1698185487597 7.792887210845947 36
1698185487756 7.388391971588135 37
1698185487944 6.746438503265381 38
1698185488113 6.826620578765869 39
1698185488305 6.638965606689453 40
1698185488476 7.400708198547363 41
1698185488640 7.273726940155029 42
1698185488804 7.884481430053711 43
1698185488969 8.112682342529297 44
1698185489143 7.276121139526367 45
1698185489310 7.953830242156982 46
1698185489478 6.36952018737793 47
1698185489667 6.290255069732666 48
1698185489842 6.436532974243164 49
