1698172605249 0.12770378589630127 0
1698172605530 0.010267926380038261 1
1698172605712 0.007858918979763985 2
1698172605910 0.007531639654189348 3
1698172606116 0.007308477070182562 4
1698172606279 0.006063852924853563 5
1698172606475 0.0059353942051529884 6
1698172606667 0.005680928472429514 7
1698172606856 0.005935701075941324 8
1698172607058 0.005484652705490589 9
1698172607409 0.005739420652389526 10
1698172607644 0.005457054823637009 11
1698172607866 0.0055239093489944935 12
1698172608109 0.005510744173079729 13
1698172608309 0.0050404560752213 14
1698172608547 0.0047178021632134914 15
1698172608730 0.004510129801928997 16
1698172608930 0.0047035072930157185 17
1698172609140 0.00482172891497612 18
1698172609441 0.004473256878554821 19
1698172609682 0.004711807239800692 20
1698172609870 0.004655442666262388 21
1698172610077 0.00450807623565197 22
1698172610254 0.004698322620242834 23
1698172610444 0.0044881422072649 24
1698172610653 0.004351991694420576 25
1698172610867 0.004424200858920813 26
1698172611077 0.0043335878290236 27
1698172611302 0.004545189905911684 28
1698172611655 0.0043021682649850845 29
1698172611899 0.004245567601174116 30
1698172612093 0.004236412234604359 31
1698172612296 0.003779217367991805 32
1698172612503 0.004142167046666145 33
1698172612690 0.004141462966799736 34
1698172612896 0.004069048445671797 35
1698172613085 0.003927575424313545 36
1698172613233 0.004273225553333759 37
1698172613418 0.004362598992884159 38
1698172613581 0.004427784588187933 39
1698172613737 0.0037084834184497595 40
1698172613896 0.004271255806088448 41
1698172614056 0.00393142644315958 42
1698172614235 0.003529318142682314 43
1698172614405 0.003974939230829477 44
1698172614580 0.0041268086060881615 45
1698172614763 0.004217701498419046 46
1698172614923 0.004042963497340679 47
1698172615081 0.003883389988914132 48
1698172615276 0.0037356007378548384 49
