1698177919909 0.033757757395505905 0
1698177920034 0.0036869593895971775 1
1698177920153 0.002864009700715542 2
1698177920289 0.0026167226023972034 3
1698177920425 0.002696374896913767 4
1698177920548 0.002526450902223587 5
1698177920680 0.0024104113690555096 6
1698177920812 0.002486172132194042 7
1698177920939 0.0024209562689065933 8
1698177921067 0.0025155581533908844 9
1698177921195 0.002361540449783206 10
1698177921338 0.002267431002110243 11
1698177921476 0.0021168033126741648 12
1698177921609 0.002366336528211832 13
1698177921747 0.0022557328920811415 14
1698177921877 0.003241492435336113 15
1698177922008 0.0025853475090116262 16
1698177922148 0.002331061288714409 17
1698177922281 0.0022840583696961403 18
1698177922418 0.002308372873812914 19
1698177922546 0.00232879095710814 20
1698177922696 0.0022491784766316414 21
1698177922848 0.002085166284814477 22
1698177922987 0.002324697794392705 23
1698177923118 0.002477991860359907 24
1698177923247 0.0021634786389768124 25
1698177923404 0.002274764236062765 26
1698177923577 0.0020981482230126858 27
1698177923752 0.0023601166903972626 28
1698177923898 0.0022228865418583155 29
1698177924045 0.002268459415063262 30
1698177924217 0.002863219939172268 31
1698177924399 0.0024148626253008842 32
1698177924531 0.0021743483375757933 33
1698177924677 0.0021645710803568363 34
1698177924815 0.0021878606639802456 35
1698177924953 0.0022155221085995436 36
1698177925090 0.002297388855367899 37
1698177925229 0.0024939170107245445 38
1698177925396 0.0021543155889958143 39
1698177925529 0.002261820947751403 40
1698177925667 0.002346229273825884 41
1698177925802 0.0022984337992966175 42
1698177925931 0.00241277227178216 43
1698177926055 0.002390099223703146 44
1698177926175 0.0022061923518776894 45
1698177926316 0.0020826186519116163 46
1698177926454 0.0022115488536655903 47
1698177926583 0.0022225661668926477 48
1698177926710 0.002074297983199358 49
