1698177919909 23.94881248474121 0
1698177920034 8.215837478637695 1
1698177920153 6.814351558685303 2
1698177920289 6.3513593673706055 3
1698177920425 6.492229461669922 4
1698177920548 5.987675666809082 5
1698177920680 6.308366775512695 6
1698177920812 6.131482124328613 7
1698177920939 6.159229278564453 8
1698177921067 6.143455982208252 9
1698177921195 5.782803058624268 10
1698177921338 6.050337314605713 11
1698177921476 5.723896026611328 12
1698177921609 6.049505233764648 13
1698177921747 6.061622142791748 14
1698177921877 7.830282211303711 15
1698177922008 6.3728485107421875 16
1698177922148 6.102527141571045 17
1698177922281 6.076628684997559 18
1698177922418 5.512533664703369 19
1698177922546 6.339337348937988 20
1698177922696 6.266579627990723 21
1698177922848 5.6080002784729 22
1698177922987 5.984701156616211 23
1698177923118 6.25573205947876 24
1698177923247 5.696751117706299 25
1698177923404 5.841189861297607 26
1698177923577 5.568850040435791 27
1698177923752 5.999005317687988 28
1698177923898 5.741336345672607 29
1698177924045 5.8552350997924805 30
1698177924217 6.875460624694824 31
1698177924399 6.2067742347717285 32
1698177924531 5.771882057189941 33
1698177924677 5.606129169464111 34
1698177924815 5.735240936279297 35
1698177924953 5.914295196533203 36
1698177925090 5.845788478851318 37
1698177925229 6.287322521209717 38
1698177925396 5.625059127807617 39
1698177925529 6.043696880340576 40
1698177925667 6.391617298126221 41
1698177925802 6.075357437133789 42
1698177925931 5.954992294311523 43
1698177926055 6.127295970916748 44
1698177926175 5.7060041427612305 45
1698177926316 5.676840782165527 46
1698177926454 5.6711015701293945 47
1698177926583 5.575944423675537 48
1698177926710 5.6611833572387695 49
