1698167431945 0.07563313096761703 0
1698167432208 0.016173603013157845 1
1698167432500 0.009302184917032719 2
1698167432909 0.007685729768127203 3
1698167433415 0.007122514303773642 4
1698167433749 0.007071326486766338 5
1698167434073 0.006800979841500521 6
1698167434393 0.006398151163011789 7
1698167434851 0.006358734797686338 8
1698167435234 0.006224105600267649 9
1698167435594 0.006258475128561258 10
1698167436042 0.006406206171959639 11
1698167436331 0.006153658032417297 12
1698167436655 0.006101434584707022 13
1698167436928 0.005938689224421978 14
1698167437175 0.006289770361036062 15
1698167437508 0.005892656277865171 16
1698167437833 0.005878201685845852 17
1698167438097 0.005839647725224495 18
1698167438350 0.005834212061017752 19
1698167438600 0.005890854634344578 20
1698167438830 0.005859787110239267 21
1698167439079 0.005830086767673492 22
1698167439370 0.006111196707934141 23
1698167439594 0.005869575310498476 24
1698167439840 0.005828195251524448 25
1698167440086 0.005719915498048067 26
1698167440374 0.005833895411342382 27
1698167440585 0.005877960938960314 28
1698167440785 0.005889208056032658 29
1698167441130 0.005790417548269033 30
1698167441470 0.005804654210805893 31
1698167441716 0.005822366569191217 32
1698167442002 0.005681084003299475 33
1698167442368 0.005895556882023811 34
1698167442817 0.005953801795840263 35
1698167443151 0.005628368351608515 36
1698167443485 0.005927649326622486 37
1698167443805 0.005799917504191399 38
1698167444077 0.005644298158586025 39
1698167444314 0.005675733555108309 40
1698167444536 0.0057904222048819065 41
1698167444894 0.005798235535621643 42
1698167445206 0.006012113764882088 43
1698167445682 0.00583904143422842 44
1698167445954 0.005842626094818115 45
1698167446183 0.0058796158991754055 46
1698167446455 0.005716027691960335 47
1698167446677 0.005666135344654322 48
1698167446976 0.005691200960427523 49
