1698167431945 35.75766372680664 0
1698167432208 15.798541069030762 1
1698167432500 12.005867004394531 2
1698167432909 12.232234001159668 3
1698167433415 11.813691139221191 4
1698167433749 11.80912971496582 5
1698167434073 11.16370964050293 6
1698167434393 10.778502464294434 7
1698167434851 10.903295516967773 8
1698167435234 10.430909156799316 9
1698167435594 10.464456558227539 10
1698167436042 10.564300537109375 11
1698167436331 10.277349472045898 12
1698167436655 10.000715255737305 13
1698167436928 9.661518096923828 14
1698167437175 10.431075096130371 15
1698167437508 9.966718673706055 16
1698167437833 9.643695831298828 17
1698167438097 9.50056266784668 18
1698167438350 9.375083923339844 19
1698167438600 9.787299156188965 20
1698167438830 9.437544822692871 21
1698167439079 9.541825294494629 22
1698167439370 9.890650749206543 23
1698167439594 9.509571075439453 24
1698167439840 9.80918025970459 25
1698167440086 9.358895301818848 26
1698167440374 9.736183166503906 27
1698167440585 9.5046968460083 28
1698167440785 9.573526382446289 29
1698167441130 9.455168724060059 30
1698167441470 9.74010181427002 31
1698167441716 9.478585243225098 32
1698167442002 9.478558540344238 33
1698167442368 9.798408508300781 34
1698167442817 9.574058532714844 35
1698167443151 9.264440536499023 36
1698167443485 9.503080368041992 37
1698167443805 9.902596473693848 38
1698167444077 9.324028968811035 39
1698167444314 9.359312057495117 40
1698167444536 9.302694320678711 41
1698167444894 9.36663818359375 42
1698167445206 9.61971664428711 43
1698167445682 9.430811882019043 44
1698167445954 9.388474464416504 45
1698167446183 9.676725387573242 46
1698167446455 9.375301361083984 47
1698167446677 9.277016639709473 48
1698167446976 9.267760276794434 49
