1698158447716 47206.9609375 0
1698158448512 27654.0078125 1
1698158449276 26373.546875 2
1698158450035 26864.060546875 3
1698158450812 25036.837890625 4
1698158451584 21206.89453125 5
1698158452414 22415.296875 6
1698158454111 13228.3056640625 7
1698158454890 16076.2099609375 8
1698158455659 8289.2587890625 9
1698158456388 11309.5810546875 10
1698158457141 7995.7529296875 11
1698158457989 6357.966796875 12
1698158458781 16744.998046875 13
1698158459577 9474.67578125 14
1698158460394 11744.556640625 15
1698158461187 21049.861328125 16
