1698155757540 65.49229431152344 0
1698155758029 38.813255310058594 1
1698155758578 28.599685668945312 2
1698155759021 24.917139053344727 3
1698155759436 22.185016632080078 4
1698155759845 20.638803482055664 5
1698155760236 19.19820785522461 6
1698155760709 19.01995849609375 7
1698155761139 18.882221221923828 8
1698155761542 18.431489944458008 9
1698155761922 17.435422897338867 10
1698155762307 17.470417022705078 11
1698155762698 17.105119705200195 12
1698155763097 16.97882843017578 13
1698155763480 16.86389923095703 14
1698155763882 16.522077560424805 15
1698155764303 16.0723819732666 16
1698155764687 15.383393287658691 17
1698155765071 14.814302444458008 18
1698155765471 14.483624458312988 19
1698155765937 14.553217887878418 20
1698155766347 13.975948333740234 21
1698155766776 13.694438934326172 22
1698155767168 13.547313690185547 23
1698155767573 13.330719947814941 24
1698155767959 12.768082618713379 25
1698155768331 13.67915153503418 26
1698155768727 13.103927612304688 27
1698155769153 12.863547325134277 28
1698155769574 12.312239646911621 29
1698155769948 12.64110279083252 30
1698155770358 12.961519241333008 31
1698155770802 12.737966537475586 32
1698155771209 12.128393173217773 33
1698155771657 11.70517635345459 34
1698155772049 11.876968383789062 35
1698155772447 12.0155029296875 36
1698155772824 11.6762113571167 37
1698155773247 11.588716506958008 38
1698155773653 11.724159240722656 39
1698155774071 12.19780158996582 40
1698155774616 11.603169441223145 41
1698155775028 12.309499740600586 42
1698155775419 11.466300964355469 43
