1698183984541 0.011612827889621258 0
1698183984705 0.0022089220583438873 1
1698183984861 0.0016482254723086953 2
1698183985030 0.001612734398804605 3
1698183985278 0.0015571684343740344 4
1698183985459 0.001611504703760147 5
1698183985599 0.001426892471499741 6
1698183985739 0.0014365693787112832 7
1698183985879 0.0014921880792826414 8
1698183986005 0.0013630870962515473 9
1698183986141 0.0012277173809707165 10
1698183986281 0.001227324828505516 11
1698183986421 0.0013784542679786682 12
1698183986558 0.0012848048936575651 13
1698183986698 0.0011849302100017667 14
1698183986833 0.001154895406216383 15
1698183986969 0.001094704493880272 16
1698183987107 0.0011702111223712564 17
1698183987233 0.0010808223159983754 18
1698183987369 0.0011366959661245346 19
1698183987504 0.001042981049977243 20
1698183987638 0.0009251822484657168 21
1698183987759 0.0009312161128036678 22
1698183987901 0.0009440758149139583 23
1698183988032 0.0009612070862203836 24
1698183988173 0.0008223996846936643 25
1698183988314 0.0010509123094379902 26
1698183988443 0.0009554027346894145 27
1698183988567 0.00104180455673486 28
1698183988690 0.0009908099891617894 29
1698183988829 0.0009124651551246643 30
1698183988990 0.0008585028699599206 31
1698183989120 0.0008620338048785925 32
1698183989271 0.0009883290622383356 33
1698183989426 0.0009813274955376983 34
1698183989556 0.0009399527916684747 35
1698183989685 0.0008493729401379824 36
1698183989822 0.0008551830542273819 37
1698183989951 0.0008395329350605607 38
1698183990082 0.0009962196927517653 39
1698183990206 0.0008440447272732854 40
1698183990331 0.0008216352434828877 41
1698183990486 0.0008291949634440243 42
1698183990622 0.0009041291195899248 43
1698183990752 0.0008934547076933086 44
1698183990886 0.0008331923745572567 45
1698183991018 0.0007945432444103062 46
1698183991161 0.0008181761368177831 47
1698183991293 0.0008197467541322112 48
1698183991423 0.0008470274042338133 49
