1698183984541 48.26094055175781 0
1698183984705 20.72083854675293 1
1698183984861 14.371054649353027 2
1698183985030 13.258455276489258 3
1698183985278 13.688918113708496 4
1698183985459 13.273809432983398 5
1698183985599 12.748703956604004 6
1698183985739 12.200542449951172 7
1698183985879 11.82455825805664 8
1698183986005 11.834376335144043 9
1698183986141 11.593896865844727 10
1698183986281 11.197957038879395 11
1698183986421 11.840230941772461 12
1698183986558 11.457327842712402 13
1698183986698 10.8426513671875 14
1698183986833 12.036419868469238 15
1698183986969 11.129216194152832 16
1698183987107 11.439844131469727 17
1698183987233 11.355473518371582 18
1698183987369 11.517585754394531 19
1698183987504 10.225298881530762 20
1698183987638 10.496761322021484 21
1698183987759 10.048141479492188 22
1698183987901 10.052422523498535 23
1698183988032 9.854670524597168 24
1698183988173 9.859261512756348 25
1698183988314 10.15565013885498 26
1698183988443 10.1458101272583 27
1698183988567 9.564467430114746 28
1698183988690 10.387384414672852 29
1698183988829 9.198720932006836 30
1698183988990 8.971039772033691 31
1698183989120 9.6417818069458 32
1698183989271 11.31908130645752 33
1698183989426 10.157278060913086 34
1698183989556 9.656990051269531 35
1698183989685 8.801884651184082 36
1698183989822 8.987552642822266 37
1698183989951 9.216155052185059 38
1698183990082 8.873167991638184 39
1698183990206 8.693492889404297 40
1698183990331 8.515628814697266 41
1698183990486 9.207695960998535 42
1698183990622 8.638446807861328 43
1698183990752 9.019845962524414 44
1698183990886 8.785781860351562 45
1698183991018 8.485095977783203 46
1698183991161 8.797694206237793 47
1698183991293 8.568188667297363 48
1698183991423 10.114185333251953 49
