1698172516295 0.0532505065202713 0
1698172516522 0.009870791807770729 1
1698172516744 0.008434261195361614 2
1698172516956 0.007155949715524912 3
1698172517210 0.0066464608535170555 4
1698172517430 0.00674712797626853 5
1698172517635 0.006342648062855005 6
1698172517861 0.0057336012832820415 7
1698172518069 0.006194707937538624 8
1698172518289 0.00589789729565382 9
1698172518521 0.0058592925779521465 10
1698172518754 0.005456062965095043 11
1698172518986 0.005720591172575951 12
1698172519205 0.004855126142501831 13
1698172519436 0.004810853861272335 14
1698172519673 0.005394316278398037 15
1698172519886 0.005176022183150053 16
1698172520134 0.005112581420689821 17
1698172520417 0.004685622174292803 18
1698172520666 0.0048483251594007015 19
1698172520872 0.004774158354848623 20
1698172521106 0.0053521571680903435 21
1698172521327 0.00423352001234889 22
1698172521555 0.004526746924966574 23
1698172521776 0.004597665276378393 24
1698172521979 0.004507188219577074 25
1698172522190 0.0044648717157542706 26
1698172522444 0.004686092957854271 27
1698172522666 0.0044751535169780254 28
1698172522877 0.004596084821969271 29
1698172523106 0.004201904404908419 30
1698172523325 0.004636232741177082 31
1698172523546 0.0044181193225085735 32
1698172523778 0.004213546868413687 33
1698172523991 0.004528541583567858 34
1698172524223 0.004095932003110647 35
1698172524448 0.004272617399692535 36
1698172524698 0.004185898695141077 37
1698172524909 0.004227457568049431 38
1698172525119 0.003997869323939085 39
1698172525341 0.004491917788982391 40
1698172525559 0.0042480058036744595 41
1698172525793 0.004088749177753925 42
1698172526036 0.004278881009668112 43
1698172526256 0.004284910392016172 44
1698172526492 0.004165784455835819 45
1698172526714 0.004257148131728172 46
1698172526938 0.004117684904485941 47
1698172527157 0.004333599004894495 48
1698172527370 0.004211512394249439 49
