1698174885532 0.5798457264900208 0
1698174885817 0.1121268942952156 1
1698174886136 0.04398354887962341 2
1698174886453 0.03624581918120384 3
1698174886749 0.035136133432388306 4
1698174887066 0.03689679130911827 5
1698174887515 0.03122881054878235 6
1698174888379 0.028108296915888786 7
1698174888649 0.027734290808439255 8
1698174888981 0.0251956507563591 9
1698174889289 0.026577306911349297 10
1698174889572 0.022938372567296028 11
1698174889861 0.025567833334207535 12
1698174890132 0.025864504277706146 13
1698174890463 0.022950638085603714 14
1698174890775 0.02142631635069847 15
1698174891091 0.01897217333316803 16
1698174891408 0.022274594753980637 17
1698174891683 0.02336314506828785 18
1698174891957 0.01993383839726448 19
1698174892245 0.022114096209406853 20
1698174892540 0.02079865336418152 21
1698174892815 0.022578580304980278 22
1698174893096 0.017069868743419647 23
1698174893377 0.02329973131418228 24
1698174893681 0.02064042165875435 25
1698174893953 0.019877802580595016 26
1698174894227 0.01693752035498619 27
1698174894500 0.021110109984874725 28
1698174894813 0.01862899214029312 29
1698174895083 0.018658088520169258 30
1698174895361 0.016952265053987503 31
1698174895668 0.015193667262792587 32
1698174895951 0.020735934376716614 33
1698174896254 0.01602794975042343 34
1698174896561 0.015889426693320274 35
1698174896833 0.018462231382727623 36
1698174897109 0.017713814973831177 37
1698174897413 0.017795173451304436 38
1698174897706 0.0155100766569376 39
1698174897975 0.015017286874353886 40
1698174898254 0.015086228959262371 41
1698174898560 0.015535930171608925 42
1698174898840 0.015743141993880272 43
1698174899184 0.014852953143417835 44
1698174899551 0.01212976686656475 45
1698174899967 0.016681626439094543 46
1698174900428 0.014851974323391914 47
1698174900912 0.014412375167012215 48
1698174901221 0.017336944118142128 49
