1698168570414 1411.2459716796875 0
1698168571502 78967.109375 1
1698168572643 126019.0390625 2
1698168573922 116493.03125 3
1698168574992 111360.328125 4
1698168576014 104231.5234375 5
1698168577052 101034.296875 6
1698168578156 100841.6015625 7
1698168579291 93909.625 8
1698168580373 108881.515625 9
1698168581525 92489.921875 10
1698168582963 107371.3828125 11
1698168584025 103218.6171875 12
1698168585080 96760.2109375 13
1698168586195 101915.1015625 14
1698168587269 94568.515625 15
1698168588437 101186.375 16
1698168589557 91678.5546875 17
1698168590896 103242.75 18
1698168592228 93673.03125 19
1698168593478 96572.828125 20
1698168595077 95074.2109375 21
1698168596413 102248.6171875 22
1698168597543 96201.90625 23
1698168598722 91566.671875 24
1698168600087 93107.53125 25
1698168601214 96850.859375 26
1698168602329 102557.96875 27
1698168603446 93229.0078125 28
1698168604632 90184.6875 29
1698168605997 96128.984375 30
1698168607273 100600.234375 31
1698168608656 96084.21875 32
1698168609802 93150.8359375 33
1698168610878 97709.7421875 34
1698168611902 94656.5234375 35
1698168612951 92420.5234375 36
1698168613900 103744.8125 37
1698168615190 92834.515625 38
1698168616680 92530.7421875 39
1698168617882 96367.0625 40
1698168618917 90453.984375 41
1698168619987 106592.6640625 42
1698168621033 100795.765625 43
1698168622054 87559.2421875 44
1698168623092 99739.8125 45
1698168624378 92140.234375 46
1698168625745 94274.859375 47
1698168627089 87610.1015625 48
1698168628090 85992.421875 49
