1698174632040 46893.8046875 0
1698174632308 36740.26953125 1
1698174632556 32673.115234375 2
1698174632800 31604.591796875 3
1698174633042 29118.837890625 4
1698174633305 32639.337890625 5
1698174633555 34213.28125 6
1698174633798 34392.421875 7
1698174634040 31678.1640625 8
1698174634295 33187.9921875 9
1698174634539 32125.9921875 10
1698174634781 34478.46484375 11
1698174635028 33042.98828125 12
1698174635291 36197.953125 13
1698174635536 34664.55859375 14
1698174635801 28931.93359375 15
1698174636045 37362.7734375 16
1698174636315 34705.7734375 17
1698174636604 33091.37109375 18
1698174636858 34882.84375 19
