1698187923124 0.7265893220901489 0
1698187923424 0.2311592996120453 1
1698187923753 0.21483950316905975 2
1698187924062 0.21188849210739136 3
1698187924370 0.17902734875679016 4
1698187924671 0.1522279679775238 5
1698187924994 0.15818025171756744 6
1698187925293 0.16106726229190826 7
1698187925607 0.18847261369228363 8
1698187925919 0.17449437081813812 9
1698187926226 0.13529518246650696 10
1698187926559 0.17885492742061615 11
1698187926879 0.1391763687133789 12
1698187927182 0.17330574989318848 13
1698187927484 0.13685369491577148 14
1698187927792 0.13770899176597595 15
1698187928126 0.143575057387352 16
1698187928432 0.14033383131027222 17
1698187928748 0.15565691888332367 18
1698187929050 0.15694759786128998 19
1698187929372 0.14482401311397552 20
1698187929675 0.13633117079734802 21
1698187929997 0.15436884760856628 22
1698187930295 0.15511277318000793 23
1698187930612 0.13080748915672302 24
1698187930985 0.12544578313827515 25
1698187931378 0.1302163451910019 26
1698187931689 0.1353067308664322 27
1698187932000 0.13588474690914154 28
1698187932343 0.15487690269947052 29
1698187932711 0.16016317903995514 30
1698187933054 0.13152426481246948 31
1698187933375 0.16151921451091766 32
1698187933712 0.12914739549160004 33
1698187934119 0.13579516112804413 34
1698187934448 0.1296541839838028 35
1698187934799 0.14531679451465607 36
1698187935187 0.14226529002189636 37
1698187935490 0.12078842520713806 38
1698187935798 0.12786109745502472 39
1698187936129 0.13223034143447876 40
1698187936434 0.13423524796962738 41
1698187936734 0.16811373829841614 42
1698187937043 0.1406089961528778 43
1698187937375 0.1296928972005844 44
1698187937681 0.1342611014842987 45
1698187937989 0.12201157957315445 46
1698187938312 0.13425670564174652 47
1698187938616 0.16862593591213226 48
1698187938922 0.11901220679283142 49
1698187939248 0.13893672823905945 50
1698187939551 0.1328737735748291 51
1698187939860 0.13856792449951172 52
1698187940191 0.13767200708389282 53
1698187940508 0.14384382963180542 54
1698187940809 0.11630751192569733 55
1698187941129 0.13006190955638885 56
1698187941539 0.1592998057603836 57
1698187941846 0.14181479811668396 58
1698187942166 0.14211425185203552 59
1698187942474 0.12994886934757233 60
1698187942787 0.14052684605121613 61
1698187943088 0.1274513453245163 62
1698187943408 0.12118696421384811 63
1698187943708 0.1265888661146164 64
1698187944015 0.144312784075737 65
1698187944342 0.12690645456314087 66
1698187944643 0.13335733115673065 67
1698187944946 0.12089184671640396 68
1698187945271 0.1265593022108078 69
1698187945605 0.13896958529949188 70
1698187945960 0.13756269216537476 71
1698187946342 0.13935025036334991 72
1698187946639 0.11525974422693253 73
1698187946943 0.14889904856681824 74
1698187947336 0.12436914443969727 75
1698187947699 0.13474546372890472 76
1698187948021 0.12957558035850525 77
1698187948373 0.11473701149225235 78
1698187948726 0.12418648600578308 79
1698187949106 0.12097864598035812 80
1698187949445 0.1210780143737793 81
1698187949752 0.1449993997812271 82
1698187950061 0.15458892285823822 83
1698187950397 0.1216377541422844 84
1698187950700 0.1402742713689804 85
1698187951003 0.14290495216846466 86
1698187951336 0.1227283850312233 87
1698187951652 0.12835513055324554 88
1698187951957 0.12040527164936066 89
1698187952279 0.14490434527397156 90
1698187952582 0.14054840803146362 91
1698187952898 0.11866214126348495 92
1698187953218 0.11521859467029572 93
1698187953532 0.11599696427583694 94
1698187953847 0.12849025428295135 95
1698187954148 0.11900871247053146 96
1698187954473 0.1147981807589531 97
1698187954774 0.1421087086200714 98
1698187955076 0.11257380992174149 99
