1698162396450 0.3215225040912628 0
1698162396963 0.23062637448310852 1
1698162397447 0.13982440531253815 2
1698162397901 0.12381621450185776 3
1698162398378 0.11343912035226822 4
1698162398855 0.10315342992544174 5
1698162399322 0.0926709696650505 6
1698162399764 0.08202819526195526 7
1698162400246 0.07222054898738861 8
1698162400943 0.06558828800916672 9
1698162401391 0.06099061667919159 10
1698162401942 0.056665971875190735 11
1698162402493 0.05410229414701462 12
1698162403356 0.05159115418791771 13
1698162403972 0.04867599904537201 14
1698162404695 0.04660855233669281 15
1698162405688 0.04469675198197365 16
1698162406489 0.04232463240623474 17
1698162407012 0.04103601723909378 18
1698162407613 0.03943561390042305 19
1698162408097 0.037120383232831955 20
1698162408535 0.035810716450214386 21
1698162408989 0.034061044454574585 22
1698162409457 0.03315098583698273 23
1698162409940 0.03167632222175598 24
1698162410480 0.030479950830340385 25
1698162410971 0.02937629632651806 26
1698162411514 0.02847837097942829 27
1698162411989 0.02651125192642212 28
1698162412523 0.025911269709467888 29
1698162413065 0.025238748639822006 30
1698162413532 0.024483513087034225 31
1698162414006 0.023687584325671196 32
1698162414465 0.022208930924534798 33
1698162414920 0.02174208126962185 34
1698162415388 0.021141773089766502 35
1698162415957 0.020613178610801697 36
1698162416488 0.019492587074637413 37
1698162416988 0.019108876585960388 38
1698162417540 0.018975086510181427 39
1698162418103 0.018384279683232307 40
1698162418790 0.01786176674067974 41
1698162419381 0.017234990373253822 42
1698162419878 0.01736430823802948 43
1698162420376 0.016313549131155014 44
1698162420866 0.016584362834692 45
1698162421397 0.016208406537771225 46
1698162421945 0.015736866742372513 47
1698162422450 0.015492922626435757 48
1698162422933 0.015219113789498806 49
1698162423402 0.01490640640258789 50
1698162423849 0.014626176096498966 51
1698162424310 0.01449511293321848 52
1698162424831 0.014265385456383228 53
1698162425329 0.01419855933636427 54
1698162425825 0.014068642631173134 55
1698162426324 0.014321863651275635 56
1698162426896 0.013354347087442875 57
1698162427481 0.01383497565984726 58
1698162428324 0.013674515299499035 59
1698162429159 0.013144462369382381 60
1698162429747 0.012984628789126873 61
1698162430298 0.013015293516218662 62
1698162430875 0.012839612551033497 63
1698162431407 0.012996651232242584 64
1698162431929 0.013009175658226013 65
1698162432549 0.012892721220850945 66
1698162433233 0.012705950066447258 67
1698162433822 0.012866126373410225 68
1698162434357 0.012913846410810947 69
1698162435073 0.012684879824519157 70
1698162435743 0.012797909788787365 71
