1698182804338 0.029951725155115128 0
1698182804455 0.0018937598215416074 1
1698182804567 0.0015024624299257994 2
1698182804676 0.0012677470222115517 3
1698182804788 0.001140737789683044 4
1698182804913 0.0010928892297670245 5
1698182805036 0.0012290843296796083 6
1698182805159 0.0011545921443030238 7
1698182805292 0.0011235768906772137 8
1698182805412 0.0011483695125207305 9
1698182805520 0.0012434006202965975 10
1698182805628 0.0009576461161486804 11
1698182805733 0.0009882941376417875 12
1698182805838 0.0010579481022432446 13
1698182805943 0.0009514745324850082 14
1698182806047 0.0009310810128226876 15
1698182806165 0.0009831334464251995 16
1698182806268 0.0009339325479231775 17
1698182806377 0.0009200070053339005 18
1698182806485 0.0009476968552917242 19
1698182806589 0.0008186211925931275 20
1698182806694 0.0008874238701537251 21
1698182806798 0.0008570502977818251 22
1698182806900 0.0008020580280572176 23
1698182807034 0.0008918008534237742 24
1698182807146 0.0009167680982500315 25
1698182807254 0.0008056403021328151 26
1698182807364 0.0008614409598521888 27
1698182807484 0.0008717605960555375 28
1698182807589 0.0008030485478229821 29
1698182807693 0.0008648813236504793 30
1698182807797 0.0007599979871883988 31
1698182807901 0.0008470821194350719 32
1698182808025 0.0008292978163808584 33
1698182808159 0.0008468025480397046 34
1698182808266 0.0007055035093799233 35
1698182808374 0.0008531924104318023 36
1698182808482 0.0008392077870666981 37
1698182808586 0.0007754552643746138 38
1698182808690 0.0007801874307915568 39
1698182808797 0.0009031160152517259 40
1698182808914 0.000762086536269635 41
1698182809019 0.0007583004771731794 42
1698182809121 0.0008189969812519848 43
1698182809257 0.0007813360425643623 44
1698182809369 0.0008311096462421119 45
1698182809480 0.0007632846245542169 46
1698182809587 0.0007977946661412716 47
1698182809696 0.0009704131516627967 48
1698182809802 0.0007042528595775366 49
