1698182804338 75902.421875 0
1698182804455 15382.921875 1
1698182804567 8468.6240234375 2
1698182804676 574.2566528320312 3
1698182804788 6395.85546875 4
1698182804913 3101.027587890625 5
1698182805036 56.95534896850586 6
1698182805159 3211.224609375 7
1698182805292 4663.2802734375 8
1698182805412 3510.772216796875 9
1698182805520 2049.69970703125 10
1698182805628 1755.633056640625 11
1698182805733 191.4523468017578 12
1698182805838 9076.8359375 13
1698182805943 1924.425048828125 14
1698182806047 8754.5068359375 15
1698182806165 7211.81982421875 16
1698182806268 3300.052978515625 17
1698182806377 1770.0830078125 18
1698182806485 3921.453857421875 19
1698182806589 2825.615234375 20
1698182806694 3703.11181640625 21
1698182806798 1328.5926513671875 22
1698182806900 1169.7967529296875 23
1698182807034 6068.1640625 24
1698182807146 4151.37646484375 25
1698182807254 5835.056640625 26
1698182807364 3820.384521484375 27
1698182807484 1069.0633544921875 28
1698182807589 2116.0458984375 29
1698182807693 700.0694580078125 30
1698182807797 2503.898681640625 31
1698182807901 5205.88671875 32
1698182808025 4432.49072265625 33
1698182808159 4641.806640625 34
1698182808266 2764.7431640625 35
1698182808374 2299.20947265625 36
1698182808482 6265.33984375 37
1698182808586 6121.57275390625 38
1698182808690 778.3104858398438 39
1698182808797 2180.169677734375 40
1698182808914 8979.7421875 41
1698182809019 2937.945068359375 42
1698182809121 602.5679321289062 43
1698182809257 3455.798828125 44
1698182809369 1300.21484375 45
1698182809480 1997.7486572265625 46
1698182809587 1667.1929931640625 47
1698182809696 5964.640625 48
1698182809802 3477.65576171875 49
