1698188135207 24968.521484375 0
1698188135335 862.1353149414062 1
1698188135463 492.3748779296875 2
1698188135594 484.7203063964844 3
1698188135715 401.96112060546875 4
1698188135863 353.6490478515625 5
1698188135992 392.13360595703125 6
1698188136124 353.7345275878906 7
1698188136254 357.9841613769531 8
1698188136380 367.6773681640625 9
1698188136507 336.433837890625 10
1698188136637 341.5508117675781 11
1698188136754 301.7093811035156 12
1698188136872 324.3074645996094 13
1698188136998 321.0055847167969 14
1698188137122 348.6849670410156 15
1698188137245 315.9490051269531 16
1698188137382 290.42041015625 17
1698188137504 286.2314453125 18
1698188137630 344.3115234375 19
1698188137755 373.46246337890625 20
1698188137877 330.5782165527344 21
1698188138005 279.61456298828125 22
1698188138134 311.4720153808594 23
1698188138260 323.0239562988281 24
1698188138385 287.9693298339844 25
1698188138507 280.9532470703125 26
1698188138617 286.33465576171875 27
1698188138738 280.91729736328125 28
1698188138851 277.9002380371094 29
1698188138965 292.0747375488281 30
1698188139086 270.7920837402344 31
1698188139228 365.32611083984375 32
1698188139352 261.950927734375 33
1698188139477 285.4210510253906 34
1698188139588 251.70201110839844 35
1698188139716 293.9538879394531 36
1698188139828 256.94342041015625 37
1698188139952 257.20489501953125 38
1698188140063 276.6787414550781 39
1698188140200 275.36395263671875 40
1698188140328 275.0172119140625 41
1698188140452 260.8352966308594 42
1698188140574 251.22653198242188 43
1698188140686 254.2744140625 44
1698188140810 270.0821838378906 45
1698188140925 267.3198547363281 46
1698188141050 285.7645263671875 47
1698188141182 242.67703247070312 48
1698188141310 250.45480346679688 49
