1698182216682 26.578542709350586 0
1698182216773 7.730692386627197 1
1698182216864 6.9563679695129395 2
1698182216965 6.463798522949219 3
1698182217068 6.286605358123779 4
1698182217196 6.019820213317871 5
1698182217300 5.906252384185791 6
1698182217401 5.911983966827393 7
1698182217499 5.998979091644287 8
1698182217597 6.073637008666992 9
1698182217692 5.805507183074951 10
1698182217788 5.947829246520996 11
1698182217891 5.802165985107422 12
1698182218100 5.904288291931152 13
1698182218279 5.371705532073975 14
1698182218413 5.378192901611328 15
1698182218519 5.443979740142822 16
1698182218640 5.718815803527832 17
1698182218746 5.450872898101807 18
1698182218873 5.362881183624268 19
1698182218983 5.258833408355713 20
1698182219116 5.219208240509033 21
1698182219285 5.194664001464844 22
1698182219405 5.496459007263184 23
1698182219508 5.191008567810059 24
1698182219611 5.147446155548096 25
1698182219723 5.7818779945373535 26
1698182219827 5.412265777587891 27
1698182219933 5.198212623596191 28
1698182220037 5.4560370445251465 29
1698182220142 5.372119426727295 30
1698182220261 5.110536575317383 31
1698182220365 5.2902960777282715 32
1698182220469 5.105793476104736 33
1698182220575 5.220153331756592 34
1698182220681 5.384357929229736 35
1698182220785 5.1549072265625 36
1698182220886 5.204675674438477 37
1698182221003 5.761134147644043 38
1698182221110 5.3549628257751465 39
1698182221234 5.058393478393555 40
1698182221357 5.104551792144775 41
1698182221459 5.263714790344238 42
1698182221559 5.376331806182861 43
1698182221661 5.146551609039307 44
1698182221760 5.209404468536377 45
1698182221860 5.0750017166137695 46
1698182221963 5.085872173309326 47
1698182222062 4.905783653259277 48
1698182222160 5.039531707763672 49
