1698175888591 793.5175170898438 0
1698175888940 7173.236328125 1
1698175889471 11469.287109375 2
1698175889869 5973.5791015625 3
1698175890222 11877.7685546875 4
1698175890539 4541.1767578125 5
1698175890874 7028.0029296875 6
1698175891205 8900.48046875 7
1698175891519 4578.6259765625 8
1698175891859 883.4901733398438 9
1698175892195 5667.84033203125 10
1698175892512 8700.4091796875 11
1698175892843 5970.828125 12
1698175893179 8994.1279296875 13
1698175893516 29576.607421875 14
1698175893868 14703.0986328125 15
1698175894209 18350.95703125 16
1698175894630 24561.642578125 17
1698175895055 1310.65966796875 18
1698175895374 6836.83154296875 19
1698175895688 14670.892578125 20
1698175896032 4242.814453125 21
1698175896335 18317.23046875 22
1698175896651 12490.0 23
1698175896984 12132.2919921875 24
1698175897327 27227.498046875 25
1698175897661 10836.7529296875 26
1698175897974 6877.701171875 27
1698175898284 13953.5302734375 28
1698175898596 9636.482421875 29
1698175898930 3616.53271484375 30
1698175899247 20588.55859375 31
1698175899563 10611.6767578125 32
1698175899946 22356.912109375 33
1698175900307 16840.21875 34
1698175900623 8102.45751953125 35
1698175900942 2614.891357421875 36
1698175901272 6888.021484375 37
1698175901596 24807.083984375 38
1698175901948 11999.04296875 39
1698175902275 25106.796875 40
1698175902634 5023.53466796875 41
1698175902960 8476.296875 42
1698175903311 5479.0712890625 43
1698175903704 3591.275634765625 44
1698175904069 3037.38330078125 45
1698175904559 413.4580383300781 46
1698175904917 4362.26171875 47
1698175905309 48178.44921875 48
1698175905665 16089.6201171875 49
