1698177125503 26734.728515625 0
1698177125722 95831.6640625 1
1698177125945 12153.3134765625 2
1698177126167 27950.4921875 3
1698177126388 10759.5302734375 4
1698177126587 19110.8359375 5
1698177126818 10395.462890625 6
1698177127026 23046.22265625 7
1698177127230 11168.7890625 8
1698177127458 14000.78515625 9
1698177127710 27073.21484375 10
1698177127907 19947.349609375 11
1698177128101 18701.564453125 12
1698177128298 33770.52734375 13
1698177128606 31046.681640625 14
1698177128848 27422.021484375 15
1698177129102 8069.95849609375 16
1698177129411 52362.59765625 17
1698177129643 10701.8037109375 18
1698177129855 12331.208984375 19
1698177130071 10581.8583984375 20
1698177130287 10100.294921875 21
1698177130504 2461.21826171875 22
1698177130712 20834.751953125 23
1698177130929 24098.990234375 24
1698177131137 1433.968994140625 25
1698177131347 2657.260986328125 26
1698177131600 11758.7724609375 27
1698177131841 1028.6575927734375 28
1698177132051 17588.49609375 29
1698177132264 36238.16796875 30
1698177132506 1679.0965576171875 31
1698177132730 15802.5048828125 32
1698177132956 32198.89453125 33
1698177133317 56597.48828125 34
1698177133540 24724.890625 35
1698177133736 23435.435546875 36
1698177133926 30480.3984375 37
1698177134143 18023.65234375 38
1698177134355 49950.63671875 39
1698177134614 17879.71484375 40
1698177134869 6316.31396484375 41
1698177135135 20005.404296875 42
1698177135338 27954.486328125 43
1698177135543 5456.169921875 44
1698177135753 40659.671875 45
1698177135957 60406.3984375 46
1698177136166 15527.154296875 47
1698177136362 21882.33984375 48
1698177136567 24473.5546875 49
