1698162112611 67.91961669921875 0
1698162114517 41.16177749633789 1
1698162116598 31.677400588989258 2
1698162119429 26.800315856933594 3
1698162121929 24.26884651184082 4
1698162123756 22.081409454345703 5
1698162125827 21.936079025268555 6
1698162128102 20.63631248474121 7
1698162130383 19.08116340637207 8
1698162132659 18.086660385131836 9
1698162134571 17.44809341430664 10
1698162137409 18.17403221130371 11
1698162139633 17.334320068359375 12
1698162142064 17.482358932495117 13
1698162143852 16.569644927978516 14
1698162145649 16.071609497070312 15
1698162147616 15.921525001525879 16
1698162149646 16.525524139404297 17
1698162152463 15.347999572753906 18
1698162154290 15.166282653808594 19
1698162156220 15.113937377929688 20
1698162158120 14.727415084838867 21
