1698182143811 37.562740325927734 0
1698182143912 9.967934608459473 1
1698182144006 9.054998397827148 2
1698182144103 8.366823196411133 3
1698182144195 8.221320152282715 4
1698182144302 8.068366050720215 5
1698182144420 7.845050811767578 6
1698182144515 7.477149486541748 7
1698182144615 7.446502208709717 8
1698182144718 7.561284065246582 9
1698182144821 7.588366508483887 10
1698182144923 7.653454780578613 11
1698182145022 7.249369144439697 12
1698182145119 7.06725549697876 13
1698182145218 6.838860988616943 14
1698182145316 7.29601526260376 15
1698182145441 7.329284191131592 16
1698182145544 7.061135292053223 17
1698182145670 6.8656086921691895 18
1698182145808 6.988287448883057 19
1698182145945 6.748872756958008 20
1698182146054 6.77443790435791 21
1698182146160 6.92427921295166 22
1698182146295 7.0834455490112305 23
1698182146422 7.051061153411865 24
1698182146528 6.842698574066162 25
1698182146651 6.5905656814575195 26
1698182146767 6.490259170532227 27
1698182146885 6.746175765991211 28
1698182146992 6.900642395019531 29
1698182147096 6.400363445281982 30
1698182147200 6.378435134887695 31
1698182147303 6.634385108947754 32
1698182147429 6.4514851570129395 33
1698182147535 6.698404312133789 34
1698182147638 6.299901008605957 35
1698182147739 6.388744831085205 36
1698182147850 6.149442195892334 37
1698182147950 6.747729301452637 38
1698182148050 6.347946643829346 39
1698182148151 6.941043853759766 40
1698182148252 6.290929794311523 41
1698182148357 6.524265766143799 42
1698182148489 6.588308811187744 43
1698182148592 6.426741123199463 44
1698182148696 6.621432781219482 45
1698182148800 6.114241600036621 46
1698182148904 6.2833251953125 47
1698182149014 6.429141521453857 48
1698182149118 6.235166549682617 49
