1698180916560 3072780.0 0
1698180916726 2478640.75 1
1698180916884 786046.375 2
1698180917080 88734.03125 3
1698180917266 64097.734375 4
1698180917442 55715.7109375 5
1698180917616 54561.0625 6
1698180917788 51691.86328125 7
1698180917968 49366.19140625 8
1698180918134 39622.1328125 9
1698180918302 36454.4140625 10
1698180918473 43117.40625 11
1698180918642 42454.39453125 12
1698180918848 39274.06640625 13
1698180919017 44112.96484375 14
1698180919184 46799.765625 15
1698180919353 42259.0078125 16
1698180919514 37775.19140625 17
1698180919691 38060.48828125 18
1698180919876 40635.375 19
1698180920050 43317.34375 20
1698180920246 38505.33984375 21
1698180920412 45764.484375 22
1698180920580 37086.44140625 23
1698180920750 38905.26953125 24
1698180920920 41825.109375 25
1698180921091 38711.0546875 26
1698180921284 45443.046875 27
1698180921457 38351.92578125 28
1698180921637 40924.078125 29
1698180921809 36371.63671875 30
1698180921977 29433.12109375 31
1698180922143 34949.1484375 32
1698180922318 45625.1015625 33
1698180922498 39211.84765625 34
1698180922666 41834.12109375 35
1698180922842 38131.73046875 36
1698180923015 40362.70703125 37
1698180923207 37626.08984375 38
1698180923381 37541.34765625 39
1698180923551 40120.73046875 40
1698180923724 39466.98046875 41
1698180923898 40260.66015625 42
1698180924080 44206.7109375 43
1698180924263 40333.65625 44
1698180924432 42932.1875 45
1698180924603 44895.35546875 46
1698180924763 38674.27734375 47
1698180924968 40934.49609375 48
1698180925222 43138.73046875 49
