1698180916560 99.16673278808594 0
1698180916726 89.89496612548828 1
1698180916884 46.99053192138672 2
1698180917080 13.129084587097168 3
1698180917266 11.423584938049316 4
1698180917442 10.327773094177246 5
1698180917616 10.483588218688965 6
1698180917788 10.04844856262207 7
1698180917968 9.688276290893555 8
1698180918134 9.252106666564941 9
1698180918302 9.316105842590332 10
1698180918473 9.411397933959961 11
1698180918642 9.074678421020508 12
1698180918848 9.149352073669434 13
1698180919017 9.115096092224121 14
1698180919184 9.385722160339355 15
1698180919353 9.141805648803711 16
1698180919514 8.653812408447266 17
1698180919691 8.883901596069336 18
1698180919876 9.294529914855957 19
1698180920050 8.961403846740723 20
1698180920246 8.562871932983398 21
1698180920412 8.910484313964844 22
1698180920580 8.587078094482422 23
1698180920750 8.490480422973633 24
1698180920920 8.991755485534668 25
1698180921091 9.029536247253418 26
1698180921284 8.929604530334473 27
1698180921457 8.204690933227539 28
1698180921637 8.389532089233398 29
1698180921809 8.279210090637207 30
1698180921977 7.959077835083008 31
1698180922143 8.165009498596191 32
1698180922318 8.579933166503906 33
1698180922498 8.839232444763184 34
1698180922666 8.243073463439941 35
1698180922842 8.051152229309082 36
1698180923015 8.657505989074707 37
1698180923207 8.432695388793945 38
1698180923381 8.244693756103516 39
1698180923551 8.670858383178711 40
1698180923724 8.182211875915527 41
1698180923898 8.579761505126953 42
1698180924080 8.683552742004395 43
1698180924263 8.36546802520752 44
1698180924432 8.814818382263184 45
1698180924603 8.826431274414062 46
1698180924763 8.253422737121582 47
1698180924968 8.357373237609863 48
1698180925222 8.444602966308594 49
