1698152723390 94452.2421875 0
1698152724481 63148.83203125 1
1698152725588 40934.28515625 2
1698152726742 32462.34375 3
1698152727904 21702.138671875 4
1698152729011 20025.947265625 5
1698152730112 29799.560546875 6
1698152731348 12259.546875 7
1698152732527 20400.51171875 8
1698152733801 22466.04296875 9
1698152734885 19802.369140625 10
1698152735944 20828.20703125 11
1698152737109 14296.7294921875 12
1698152738168 21288.083984375 13
1698152739360 23260.162109375 14
1698152740597 40589.66796875 15
