1698176898064 0.09542419016361237 0
1698176898269 0.006412563845515251 1
1698176898482 0.005254849791526794 2
1698176898727 0.0047288439236581326 3
1698176898943 0.004701986908912659 4
1698176899142 0.003777319798246026 5
1698176899356 0.004047708120197058 6
1698176899664 0.0038884137757122517 7
1698176899889 0.004108169581741095 8
1698176900101 0.0035323991905897856 9
1698176900295 0.0038910217117518187 10
1698176900492 0.0033764000982046127 11
1698176900715 0.0040458193980157375 12
1698176900937 0.003244863823056221 13
1698176901135 0.003542006714269519 14
1698176901336 0.003669639816507697 15
1698176901541 0.003120206296443939 16
1698176901888 0.003383062779903412 17
1698176902147 0.003405284369364381 18
1698176902326 0.003357998328283429 19
1698176902523 0.0032571526244282722 20
1698176902740 0.0031295334920287132 21
1698176902941 0.0030616007279604673 22
1698176903123 0.0031190572772175074 23
1698176903302 0.0035241274163126945 24
1698176903506 0.003023932222276926 25
1698176903687 0.003117235144600272 26
1698176903867 0.0029678847640752792 27
1698176904064 0.003092994447797537 28
1698176904251 0.0030310372821986675 29
1698176904460 0.002657148288562894 30
1698176904635 0.003142950125038624 31
1698176904818 0.00276945810765028 32
1698176905064 0.0028744381852447987 33
1698176905320 0.003166476497426629 34
1698176905557 0.002780614187940955 35
1698176905753 0.003023152705281973 36
1698176905983 0.002734656445682049 37
1698176906183 0.002795999636873603 38
1698176906369 0.002816813997924328 39
1698176906560 0.002614291850477457 40
1698176906741 0.002748295431956649 41
1698176906935 0.0029902365058660507 42
1698176907139 0.0028664644341915846 43
1698176907318 0.0027059183921664953 44
1698176907498 0.0025754524394869804 45
1698176907664 0.003047651844099164 46
1698176907857 0.002802770584821701 47
1698176908072 0.0032338392920792103 48
1698176908265 0.0027458101976662874 49
