1698176898064 45.78458023071289 0
1698176898269 11.10734748840332 1
1698176898482 8.078523635864258 2
1698176898727 7.453359127044678 3
1698176898943 7.388814926147461 4
1698176899142 6.810369968414307 5
1698176899356 6.770412445068359 6
1698176899664 6.842840671539307 7
1698176899889 6.691580295562744 8
1698176900101 6.481154441833496 9
1698176900295 6.963994026184082 10
1698176900492 6.293447017669678 11
1698176900715 6.895046234130859 12
1698176900937 6.02163553237915 13
1698176901135 6.4596848487854 14
1698176901336 6.5544657707214355 15
1698176901541 5.697844982147217 16
1698176901888 5.991522789001465 17
1698176902147 5.855410099029541 18
1698176902326 6.002898693084717 19
1698176902523 6.226646423339844 20
1698176902740 5.879550933837891 21
1698176902941 5.827336311340332 22
1698176903123 5.945739269256592 23
1698176903302 6.079305171966553 24
1698176903506 5.6720991134643555 25
1698176903687 5.776686668395996 26
1698176903867 5.740445137023926 27
1698176904064 5.927545070648193 28
1698176904251 5.782985687255859 29
1698176904460 5.68392276763916 30
1698176904635 5.734805583953857 31
1698176904818 5.553069591522217 32
1698176905064 5.865543365478516 33
1698176905320 5.614373683929443 34
1698176905557 5.953819751739502 35
1698176905753 5.6319074630737305 36
1698176905983 5.453539848327637 37
1698176906183 5.802196979522705 38
1698176906369 5.448254108428955 39
1698176906560 5.565014839172363 40
1698176906741 5.7822675704956055 41
1698176906935 5.740298748016357 42
1698176907139 5.519554138183594 43
1698176907318 5.481924057006836 44
1698176907498 5.219358921051025 45
1698176907664 5.780732154846191 46
1698176907857 5.38718318939209 47
1698176908072 6.123088359832764 48
1698176908265 5.25227689743042 49
