1698228996321 0.05125577002763748 0
1698228996607 0.026627251878380775 1
1698228996837 0.021138140931725502 2
1698228997092 0.01753038913011551 3
1698228997334 0.015933573246002197 4
1698228997559 0.014160912483930588 5
1698228997792 0.012624097056686878 6
1698228998016 0.01313431654125452 7
1698228998267 0.011234642006456852 8
1698228998500 0.010345823131501675 9
1698228998777 0.00980782974511385 10
1698228999016 0.009471248835325241 11
1698228999272 0.00839314702898264 12
1698228999524 0.008356704376637936 13
1698228999779 0.008074873127043247 14
1698229000028 0.00762861268594861 15
1698229000261 0.008024048060178757 16
1698229000518 0.007394786458462477 17
1698229000750 0.006913880351930857 18
1698229001009 0.006898945663124323 19
1698229001259 0.006890804506838322 20
1698229001491 0.006629965268075466 21
1698229001748 0.006660536862909794 22
1698229001991 0.006432515103369951 23
1698229002215 0.0064945220947265625 24
1698229002458 0.006078570615500212 25
1698229002693 0.005967624019831419 26
1698229002933 0.0056733060628175735 27
1698229003183 0.005488937720656395 28
1698229003469 0.0055519454181194305 29
1698229003746 0.005375662352889776 30
1698229003991 0.00525308633223176 31
1698229004249 0.005062636453658342 32
1698229004501 0.004765016492456198 33
1698229004743 0.0048459977842867374 34
1698229005008 0.004967374727129936 35
1698229005292 0.00496790511533618 36
1698229005525 0.005496387369930744 37
1698229005770 0.004803788848221302 38
1698229006015 0.004572617821395397 39
1698229006281 0.004593569785356522 40
1698229006532 0.004968076944351196 41
1698229006773 0.004607244394719601 42
1698229007015 0.004354385659098625 43
1698229007264 0.004542074166238308 44
1698229007514 0.004191244021058083 45
1698229007757 0.004188136663287878 46
1698229007990 0.004038291517645121 47
1698229008237 0.004071514587849379 48
1698229008472 0.003939264919608831 49
