1698162454378 0.19834862649440765 0
1698162454607 0.08441508561372757 1
1698162454839 0.05602388083934784 2
1698162455061 0.043014779686927795 3
1698162455296 0.03558000922203064 4
1698162455581 0.02989649400115013 5
1698162455835 0.02469910867512226 6
1698162456075 0.02169118821620941 7
1698162456341 0.019383994862437248 8
1698162456591 0.017710832878947258 9
1698162456945 0.0158909410238266 10
1698162457224 0.015280676074326038 11
1698162457638 0.014036396518349648 12
1698162457991 0.014113936573266983 13
1698162458523 0.012685898691415787 14
1698162458916 0.01291380263864994 15
1698162459227 0.012666787020862103 16
1698162459501 0.011929476633667946 17
1698162459848 0.012037094682455063 18
1698162460125 0.011668447405099869 19
1698162460374 0.011627644300460815 20
1698162460633 0.011410611681640148 21
1698162460872 0.01100347749888897 22
1698162461112 0.010704477317631245 23
1698162461386 0.011067538522183895 24
