1698153304259 0.0027621479239314795 0
1698153305102 0.001283164951018989 1
1698153305905 0.0009127249359153211 2
1698153306772 0.0007802426698617637 3
1698153307599 0.0006793622160330415 4
1698153308396 0.0006053419783711433 5
1698153309204 0.0005612365785054862 6
1698153310018 0.0005229867529124022 7
1698153311060 0.0004908965202048421 8
1698153311974 0.00046776598901487887 9
1698153312761 0.0004547307617031038 10
1698153313559 0.00044227862963452935 11
1698153314343 0.00041593139758333564 12
1698153315160 0.0003992771962657571 13
1698153315961 0.0003945188072975725 14
1698153316823 0.0003819052944891155 15
1698153317614 0.00037442974280565977 16
1698153318454 0.00035993161145597696 17
1698153319526 0.0003516546858008951 18
1698153320405 0.00034052488626912236 19
1698153321220 0.00033167432411573827 20
1698153322026 0.00032449516584165394 21
1698153322846 0.0003235824406147003 22
1698153323630 0.0003096309956163168 23
1698153324417 0.0003115207946393639 24
1698153325195 0.00030644566868431866 25
1698153325974 0.0002988586202263832 26
1698153326846 0.00029794074362143874 27
1698153327700 0.00028783324523828924 28
1698153328484 0.0002943375438917428 29
1698153329249 0.000280720618320629 30
1698153330030 0.00027870642952620983 31
1698153330921 0.0002686400548554957 32
1698153331707 0.0002673379494808614 33
1698153332523 0.00027455290546640754 34
1698153333359 0.0002719937765505165 35
1698153334229 0.0002631198731251061 36
1698153335188 0.0002694186114240438 37
