1698149010386 80.45125579833984 0
1698149010904 49.174476623535156 1
1698149011323 43.87198257446289 2
1698149011726 39.46013641357422 3
1698149012144 35.5743293762207 4
1698149012579 32.664005279541016 5
1698149012991 30.6116886138916 6
1698149013481 29.439783096313477 7
1698149013883 28.066781997680664 8
1698149014348 26.75201416015625 9
1698149014755 25.794527053833008 10
1698149015150 24.842750549316406 11
1698149015572 24.501232147216797 12
1698149016073 24.323421478271484 13
1698149016510 22.918216705322266 14
1698149016928 22.932870864868164 15
1698149017354 22.52159309387207 16
1698149017792 22.367551803588867 17
1698149018275 22.198272705078125 18
1698149018702 21.46599769592285 19
1698149019124 21.412471771240234 20
1698149019630 20.93972396850586 21
1698149020035 21.090938568115234 22
1698149020433 20.592510223388672 23
1698149020801 20.65719223022461 24
1698149021192 20.037490844726562 25
1698149021599 19.926549911499023 26
1698149021979 19.717288970947266 27
1698149022360 19.348546981811523 28
1698149022734 19.27577781677246 29
1698149023158 19.185564041137695 30
1698149023529 19.215499877929688 31
1698149023910 18.930389404296875 32
1698149024281 18.74089813232422 33
1698149024680 18.494264602661133 34
1698149025091 18.50588607788086 35
1698149025495 18.46304702758789 36
