1698161009755 71.1310806274414 0
1698161011241 52.91766357421875 1
1698161012679 37.979820251464844 2
1698161014090 31.66958236694336 3
1698161015532 28.54906463623047 4
1698161016869 25.848007202148438 5
1698161018391 25.269804000854492 6
1698161019856 22.729896545410156 7
1698161021394 22.355730056762695 8
1698161022812 21.810230255126953 9
1698161024397 21.046192169189453 10
1698161026308 19.830764770507812 11
1698161027804 19.436098098754883 12
1698161029817 18.472593307495117 13
1698161031612 19.26150131225586 14
1698161033219 18.02045440673828 15
1698161034960 17.877317428588867 16
1698161036851 17.462305068969727 17
1698161038438 17.02227020263672 18
1698161040214 16.93404769897461 19
1698161042388 17.04575538635254 20
1698161044391 16.474023818969727 21
1698161045892 16.48768424987793 22
1698161047603 16.609716415405273 23
1698161049295 16.18631935119629 24
1698161051133 15.946898460388184 25
1698161052813 16.001283645629883 26
1698161054101 16.125659942626953 27
1698161055614 16.30751609802246 28
