1698186162568 26.67529296875 0
1698186162939 4.423348903656006 1
1698186163283 1.795527696609497 2
1698186163627 1.484583854675293 3
1698186163981 1.1725554466247559 4
1698186164325 1.2316426038742065 5
1698186164651 1.2913280725479126 6
1698186164989 1.180204153060913 7
1698186165327 1.2453680038452148 8
1698186165660 1.1486676931381226 9
1698186166013 1.1499613523483276 10
1698186166346 1.0821101665496826 11
1698186166677 1.013586163520813 12
1698186167020 0.9367367029190063 13
1698186167360 1.2636878490447998 14
1698186167695 0.9921570420265198 15
1698186168029 1.1406294107437134 16
1698186168363 1.2237954139709473 17
1698186168691 1.066290020942688 18
1698186169053 1.1129854917526245 19
1698186169382 1.0807521343231201 20
1698186169717 0.9965001940727234 21
1698186170051 0.8543038964271545 22
1698186170400 0.8319840431213379 23
1698186170731 1.0209017992019653 24
1698186171091 0.9197907447814941 25
1698186171435 0.9223282933235168 26
1698186171825 1.0346155166625977 27
1698186172284 1.040781021118164 28
1698186172629 0.8703725934028625 29
1698186172970 0.9587869048118591 30
1698186173403 0.7912609577178955 31
1698186173769 0.7407917380332947 32
1698186174136 0.8779684901237488 33
1698186174504 0.8806354999542236 34
1698186174931 0.8276607394218445 35
1698186175284 0.8840727806091309 36
1698186175657 0.8133901357650757 37
1698186176004 0.8033724427223206 38
1698186176331 0.7877804636955261 39
1698186176675 0.9415037631988525 40
1698186177012 0.8259252309799194 41
1698186177359 0.7821559309959412 42
1698186177706 0.874095618724823 43
1698186178049 0.8056614995002747 44
1698186178390 0.6949549913406372 45
1698186178720 0.8303148746490479 46
1698186179070 0.9494633078575134 47
1698186179426 0.834693968296051 48
1698186179760 1.2940527200698853 49
