1698186162568 73.20401763916016 0
1698186162939 39.75992202758789 1
1698186163283 15.558991432189941 2
1698186163627 10.728147506713867 3
1698186163981 10.607548713684082 4
1698186164325 10.047825813293457 5
1698186164651 11.201513290405273 6
1698186164989 10.098053932189941 7
1698186165327 10.532673835754395 8
1698186165660 10.141801834106445 9
1698186166013 10.240433692932129 10
1698186166346 10.460064888000488 11
1698186166677 9.894135475158691 12
1698186167020 9.902350425720215 13
1698186167360 9.734130859375 14
1698186167695 9.52015209197998 15
1698186168029 9.878938674926758 16
1698186168363 9.891202926635742 17
1698186168691 9.274958610534668 18
1698186169053 10.507832527160645 19
1698186169382 9.494202613830566 20
1698186169717 9.3148193359375 21
1698186170051 9.06842041015625 22
1698186170400 9.223875999450684 23
1698186170731 9.423978805541992 24
1698186171091 9.295550346374512 25
1698186171435 9.109635353088379 26
1698186171825 9.53792667388916 27
1698186172284 10.185222625732422 28
1698186172629 9.042943000793457 29
1698186172970 8.812138557434082 30
1698186173403 8.665841102600098 31
1698186173769 8.734052658081055 32
1698186174136 8.865100860595703 33
1698186174504 8.298687934875488 34
1698186174931 9.172891616821289 35
1698186175284 8.704598426818848 36
1698186175657 9.038348197937012 37
1698186176004 8.61962890625 38
1698186176331 8.663636207580566 39
1698186176675 8.938109397888184 40
1698186177012 8.601444244384766 41
1698186177359 8.790326118469238 42
1698186177706 8.857315063476562 43
1698186178049 8.921510696411133 44
1698186178390 8.642655372619629 45
1698186178720 8.900801658630371 46
1698186179070 9.009068489074707 47
1698186179426 9.091559410095215 48
1698186179760 10.414942741394043 49
