1698168821024 94.75225830078125 0
1698168821250 86.47744750976562 1
1698168821573 78.08668518066406 2
1698168821935 69.60971069335938 3
1698168822169 60.96792984008789 4
1698168822408 52.369197845458984 5
1698168822607 44.58640670776367 6
1698168822799 39.56464767456055 7
1698168823004 37.16134262084961 8
1698168823210 35.539283752441406 9
1698168823409 33.79673767089844 10
1698168823628 32.259944915771484 11
1698168823868 30.972148895263672 12
1698168824120 29.87517547607422 13
1698168824313 28.651325225830078 14
1698168824529 28.40203094482422 15
1698168824732 27.778196334838867 16
1698168824929 27.084651947021484 17
1698168825156 26.46272087097168 18
1698168825351 26.196989059448242 19
1698168825545 25.866111755371094 20
1698168825797 25.39618492126465 21
1698168826050 25.20277976989746 22
1698168826291 24.68954086303711 23
1698168826487 24.439611434936523 24
