1698163109754 301.19183349609375 0
1698163111627 127731.484375 1
1698163113468 79790.109375 2
1698163115400 81363.6796875 3
1698163117340 78142.0859375 4
1698163118582 79813.484375 5
1698163120205 70634.0 6
1698163122770 72626.0859375 7
1698163124685 65404.76171875 8
1698163126928 64502.15234375 9
1698163128884 62418.83203125 10
1698163130558 64666.890625 11
1698163132220 61633.8359375 12
1698163133997 65448.5 13
1698163135405 58262.94921875 14
1698163136830 64184.55078125 15
1698163138218 67164.9609375 16
1698163139794 56615.171875 17
1698163141267 74836.359375 18
1698163142784 55310.06640625 19
1698163144431 54513.24609375 20
1698163146454 46570.515625 21
1698163148475 46670.85546875 22
1698163150362 44622.81640625 23
1698163151861 60519.0625 24
