1698180144886 0.1563054621219635 0
1698180145009 0.030303405597805977 1
1698180145142 0.03318672999739647 2
1698180145269 0.02680267207324505 3
1698180145400 0.029187917709350586 4
1698180145543 0.02521158941090107 5
1698180145682 0.02167479693889618 6
1698180145814 0.027189385145902634 7
1698180145939 0.02259816974401474 8
1698180146063 0.020381668582558632 9
1698180146190 0.021142518147826195 10
1698180146362 0.02231118455529213 11
1698180146489 0.020320385694503784 12
1698180146621 0.019469520077109337 13
1698180146743 0.02349088527262211 14
1698180146879 0.020497417077422142 15
1698180146999 0.019251981750130653 16
1698180147134 0.020572174340486526 17
1698180147277 0.02007043920457363 18
1698180147422 0.017757434397935867 19
1698180147554 0.018113229423761368 20
1698180147686 0.02048823982477188 21
1698180147811 0.019111549481749535 22
1698180147958 0.01871519535779953 23
1698180148109 0.01885061152279377 24
1698180148248 0.01869969256222248 25
1698180148417 0.01747038960456848 26
1698180148560 0.01911935769021511 27
1698180148696 0.017924340441823006 28
1698180148854 0.017647793516516685 29
1698180149009 0.019692348316311836 30
1698180149163 0.017925076186656952 31
1698180149301 0.01607372984290123 32
1698180149443 0.015896108001470566 33
1698180149576 0.01710750162601471 34
1698180149709 0.01813381351530552 35
1698180149843 0.014386829920113087 36
1698180149976 0.015324611216783524 37
1698180150099 0.0187787264585495 38
1698180150233 0.014890043996274471 39
1698180150389 0.018063439056277275 40
1698180150529 0.01737223006784916 41
1698180150662 0.016114849597215652 42
1698180150795 0.014246433973312378 43
1698180150931 0.01586814969778061 44
1698180151069 0.017644578590989113 45
1698180151206 0.01533580757677555 46
1698180151344 0.017930297181010246 47
1698180151483 0.019987402483820915 48
1698180151607 0.018584920093417168 49
