1698180144886 48.66501235961914 0
1698180145009 19.2844181060791 1
1698180145142 17.783891677856445 2
1698180145269 16.24260139465332 3
1698180145400 16.602170944213867 4
1698180145543 15.907329559326172 5
1698180145682 13.812713623046875 6
1698180145814 14.460129737854004 7
1698180145939 14.592044830322266 8
1698180146063 13.468092918395996 9
1698180146190 13.682697296142578 10
1698180146362 13.078174591064453 11
1698180146489 13.13998031616211 12
1698180146621 14.0189790725708 13
1698180146743 12.704523086547852 14
1698180146879 12.098172187805176 15
1698180146999 12.040409088134766 16
1698180147134 12.63322639465332 17
1698180147277 12.042661666870117 18
1698180147422 11.63918399810791 19
1698180147554 11.308452606201172 20
1698180147686 13.47805118560791 21
1698180147811 13.105669021606445 22
1698180147958 12.576203346252441 23
1698180148109 11.656367301940918 24
1698180148248 12.658088684082031 25
1698180148417 13.41628360748291 26
1698180148560 13.0475435256958 27
1698180148696 12.961928367614746 28
1698180148854 13.336236000061035 29
1698180149009 13.833971977233887 30
1698180149163 13.569931030273438 31
1698180149301 13.258109092712402 32
1698180149443 13.295703887939453 33
1698180149576 14.151957511901855 34
1698180149709 14.625387191772461 35
1698180149843 14.554203033447266 36
1698180149976 14.85730266571045 37
1698180150099 15.07200813293457 38
1698180150233 15.01567554473877 39
1698180150389 15.784165382385254 40
1698180150529 15.481101989746094 41
1698180150662 16.371984481811523 42
1698180150795 16.453943252563477 43
1698180150931 17.032400131225586 44
1698180151069 16.822521209716797 45
1698180151206 17.107393264770508 46
1698180151344 17.69789695739746 47
1698180151483 19.749156951904297 48
1698180151607 19.208744049072266 49
