1698229434570 0.014586674980819225 0
1698229434932 0.002105650957673788 1
1698229435243 0.0011990589555352926 2
1698229435537 0.0010214748326689005 3
1698229435829 0.0009535625576972961 4
1698229436118 0.0008417803910560906 5
1698229436409 0.0008185324841178954 6
1698229436706 0.0007964639808051288 7
1698229437028 0.0008077173260971904 8
1698229437327 0.0008245144854299724 9
1698229437621 0.0008059209794737399 10
1698229437925 0.0007795551791787148 11
1698229438227 0.0007298890850506723 12
1698229438537 0.0007170205935835838 13
1698229438830 0.0007044709636829793 14
1698229439127 0.000702511693816632 15
1698229439421 0.0006672924500890076 16
1698229439723 0.0006810653721913695 17
1698229440034 0.0007118132780306041 18
1698229440437 0.0007255917880684137 19
1698229440744 0.0006724505801685154 20
1698229441049 0.0006706432322971523 21
1698229441350 0.0006722099496982992 22
1698229441637 0.0006735343486070633 23
1698229441931 0.0007099714130163193 24
1698229442216 0.0006526295910589397 25
1698229442502 0.0006313138292171061 26
1698229442764 0.0006409891648218036 27
1698229443074 0.0007359958835877478 28
1698229443344 0.0007019143085926771 29
1698229443648 0.0006339401006698608 30
1698229443960 0.0006375644588842988 31
1698229444244 0.0006446570623666048 32
1698229444532 0.0006099073216319084 33
1698229444817 0.0006257822387851775 34
1698229445116 0.0006328815943561494 35
1698229445405 0.0007067599217407405 36
1698229445683 0.0006032041856087744 37
1698229445968 0.0006059309234842658 38
1698229446257 0.0006077118450775743 39
1698229446639 0.0006954027339816093 40
1698229446931 0.0006688043940812349 41
1698229447239 0.0005966922617517412 42
1698229447559 0.0006227862322703004 43
1698229447874 0.0006011316436342895 44
1698229448178 0.0005693605053238571 45
1698229448466 0.0006017314735800028 46
1698229448759 0.000573709374293685 47
1698229449045 0.0005986111355014145 48
1698229449348 0.0006340416730381548 49
