1698181302148 0.0024271453730762005 0
1698181302606 0.0016857293667271733 1
1698181303074 0.0012082995381206274 2
1698181303553 0.0010810601525008678 3
1698181304004 0.0010759711731225252 4
1698181304466 0.0010749456705525517 5
1698181304925 0.001068726065568626 6
1698181305387 0.0010613288031890988 7
1698181305876 0.001047150231897831 8
1698181306392 0.0010376214049756527 9
1698181306835 0.0010340031003579497 10
1698181307335 0.0010241776471957564 11
1698181307852 0.0009816092206165195 12
1698181308333 0.0009381835116073489 13
1698181308884 0.000877948070410639 14
1698181309353 0.0007938889903016388 15
1698181309814 0.0006815256201662123 16
1698181310269 0.0004801725735887885 17
1698181310818 0.00031257522641681135 18
1698181311277 0.00017075295909307897 19
1698181311765 0.00010743791790446267 20
1698181312224 9.534882701700553e-05 21
1698181312698 8.143000741256401e-05 22
1698181313150 8.540682756574824e-05 23
1698181313613 9.219503408530727e-05 24
1698181314069 8.964614244177938e-05 25
1698181314546 8.79270737641491e-05 26
1698181315009 8.624285692349076e-05 27
1698181315479 8.189513755496591e-05 28
1698181315939 7.87973403930664e-05 29
1698181316394 8.758097101235762e-05 30
1698181316871 8.125860767904669e-05 31
1698181317317 7.512824231525883e-05 32
1698181317828 7.459882908733562e-05 33
1698181318283 8.139536657836288e-05 34
1698181318775 6.733043846907094e-05 35
1698181319314 7.96896347310394e-05 36
1698181319841 7.50301405787468e-05 37
1698181320367 6.60516889183782e-05 38
1698181320867 7.866704982006922e-05 39
1698181321346 7.560150697827339e-05 40
1698181321807 7.16820068191737e-05 41
1698181322285 7.242077845148742e-05 42
1698181322744 7.272661605384201e-05 43
1698181323197 6.850381760159507e-05 44
1698181323648 7.607709994772449e-05 45
1698181324116 7.103191455826163e-05 46
1698181324585 6.183473306009546e-05 47
1698181325065 6.622474029427394e-05 48
1698181325518 7.377794099738821e-05 49
