1698169260912 0.08047334104776382 0
1698169261122 0.02065104804933071 1
1698169261396 0.015685418620705605 2
1698169261666 0.01367928832769394 3
1698169261943 0.01283840648829937 4
1698169262176 0.01273710560053587 5
1698169262500 0.012448360212147236 6
1698169262800 0.012014688923954964 7
1698169263024 0.011564386077225208 8
1698169263249 0.011840120889246464 9
1698169263446 0.010916759259998798 10
1698169263659 0.010585618205368519 11
1698169263850 0.010971208103001118 12
1698169264062 0.010730021633207798 13
1698169264281 0.010472023859620094 14
1698169264492 0.010143861174583435 15
1698169264699 0.009998823516070843 16
1698169264932 0.009820044972002506 17
1698169265133 0.010423637926578522 18
1698169265360 0.009986820630729198 19
1698169265600 0.009716124273836613 20
1698169265822 0.009199660271406174 21
1698169266031 0.009954201057553291 22
1698169266244 0.009253527037799358 23
1698169266460 0.009593164548277855 24
1698169266670 0.009313264861702919 25
1698169266888 0.009139413945376873 26
1698169267123 0.009144413284957409 27
1698169267325 0.009028180502355099 28
1698169267546 0.009107314981520176 29
1698169267778 0.008884849026799202 30
1698169268008 0.008746183477342129 31
1698169268235 0.008813516236841679 32
1698169268474 0.008622192777693272 33
1698169268697 0.008319232612848282 34
1698169268949 0.0086415009573102 35
1698169269160 0.00873377826064825 36
1698169269400 0.008581657893955708 37
1698169269740 0.008767553605139256 38
1698169270031 0.008201676420867443 39
1698169270361 0.009053817018866539 40
1698169270718 0.008558827452361584 41
1698169270938 0.008297993801534176 42
1698169271215 0.00840040110051632 43
1698169271452 0.008377834223210812 44
1698169271748 0.00851892028003931 45
1698169272049 0.008334347046911716 46
1698169272298 0.00812085997313261 47
1698169272550 0.00816557090729475 48
1698169272829 0.008214452303946018 49
