1698230599019 103.85224151611328 0
1698230599341 67.97370910644531 1
1698230601095 61.6304817199707 2
1698230601451 55.24773406982422 3
1698230601816 53.367183685302734 4
1698230602266 49.4099235534668 5
1698230602651 46.66781997680664 6
1698230604053 45.0576171875 7
1698230604403 43.675960540771484 8
1698230606241 42.13873291015625 9
1698230607455 40.744266510009766 10
1698230608859 38.689125061035156 11
1698230609199 37.39229965209961 12
1698230610585 36.67704391479492 13
1698230611956 34.53375244140625 14
1698230612414 33.9990234375 15
1698230612791 33.793113708496094 16
1698230614174 33.478851318359375 17
1698230614522 32.935096740722656 18
1698230615623 30.8126163482666 19
1698230615996 31.412111282348633 20
1698230617598 29.46601104736328 21
1698230619019 30.770097732543945 22
1698230619375 29.040603637695312 23
1698230620746 29.32166862487793 24
1698230622102 28.887853622436523 25
1698230622833 28.086915969848633 26
1698230624039 28.023439407348633 27
1698230624383 26.770898818969727 28
1698230625514 26.662656784057617 29
1698230626962 26.431316375732422 30
1698230627307 26.399120330810547 31
1698230627656 26.221492767333984 32
1698230629172 24.614742279052734 33
1698230629547 25.346866607666016 34
1698230630614 25.323333740234375 35
1698230631536 24.02694320678711 36
1698230632594 24.67084503173828 37
1698230633234 24.11536407470703 38
1698230634315 23.70130729675293 39
1698230635275 24.138324737548828 40
1698230635633 22.818437576293945 41
1698230635998 22.549896240234375 42
1698230636346 23.151216506958008 43
1698230636719 23.281435012817383 44
1698230637544 22.51188850402832 45
1698230637894 22.646095275878906 46
1698230638311 21.69089126586914 47
1698230638656 21.6088924407959 48
1698230638963 22.010417938232422 49
