1698184648773 442.3562927246094 0
1698184648901 104.74916076660156 1
1698184649000 66.31864166259766 2
1698184649108 48.41835403442383 3
1698184649217 50.504234313964844 4
1698184649324 42.5426025390625 5
1698184649445 43.005577087402344 6
1698184649570 40.206871032714844 7
1698184649712 37.39899826049805 8
1698184649841 37.13007736206055 9
1698184649998 31.99903678894043 10
1698184650138 38.89252471923828 11
1698184650271 31.545061111450195 12
1698184650381 29.50771713256836 13
1698184650500 31.683685302734375 14
1698184650607 36.137176513671875 15
1698184650730 40.31001663208008 16
1698184650880 31.920780181884766 17
1698184651020 29.66107940673828 18
1698184651147 35.3556022644043 19
1698184651260 30.821765899658203 20
1698184651386 25.849018096923828 21
1698184651514 26.933940887451172 22
1698184651640 28.019454956054688 23
1698184651767 29.09175682067871 24
1698184651883 27.414335250854492 25
1698184652049 27.07888412475586 26
1698184652191 29.209735870361328 27
1698184652331 26.713781356811523 28
1698184652464 27.314382553100586 29
1698184652588 27.688905715942383 30
1698184652710 27.53281021118164 31
1698184652819 28.3138370513916 32
1698184652938 28.29075050354004 33
1698184653046 25.9195613861084 34
1698184653157 23.206449508666992 35
1698184653279 26.319887161254883 36
1698184653402 27.68618392944336 37
1698184653513 26.74072265625 38
1698184653621 24.872474670410156 39
1698184653740 25.947429656982422 40
1698184653900 21.402891159057617 41
1698184654011 25.0457820892334 42
1698184654139 23.268535614013672 43
1698184654250 22.087684631347656 44
1698184654372 22.419660568237305 45
1698184654495 22.64118766784668 46
1698184654604 21.103260040283203 47
1698184654712 19.68323516845703 48
1698184654823 23.37259292602539 49
