1698184246137 0.017897646874189377 0
1698184246906 0.002607220783829689 1
1698184247571 0.002522755414247513 2
1698184248279 0.0024408595636487007 3
1698184248999 0.002130880020558834 4
1698184249695 0.0019571215379983187 5
1698184250323 0.0020122413989156485 6
1698184250962 0.001968849916011095 7
1698184251618 0.0018261849181726575 8
1698184252247 0.0018634533043950796 9
1698184252898 0.0017200566362589598 10
1698184253517 0.0020629416685551405 11
1698184254154 0.0016512786969542503 12
1698184254798 0.0016632442129775882 13
1698184255429 0.001698369742371142 14
1698184256083 0.001618904061615467 15
1698184256728 0.0014179606223478913 16
1698184257351 0.0015208838740363717 17
1698184257989 0.0014644821640104055 18
1698184258628 0.0016151948366314173 19
1698184259259 0.0012495539849624038 20
1698184260008 0.001552240690216422 21
1698184260677 0.0016057557659223676 22
1698184261401 0.0012654176680371165 23
1698184262110 0.001297811046242714 24
1698184262967 0.0013884822838008404 25
1698184263580 0.00128898024559021 26
1698184264218 0.0012963676126673818 27
1698184264878 0.0014245036290958524 28
1698184265516 0.0012780746910721064 29
1698184266159 0.001319743343628943 30
1698184266785 0.0011670433450490236 31
1698184267420 0.0013285692548379302 32
1698184268062 0.0013192269252613187 33
1698184268685 0.0014931928599253297 34
1698184269344 0.0013588370056822896 35
1698184269994 0.0012959305895492435 36
1698184270615 0.0013617228250950575 37
1698184271255 0.0011576323304325342 38
1698184271912 0.001462592277675867 39
1698184272574 0.0013278659898787737 40
1698184273242 0.0013415906578302383 41
1698184273883 0.001159635023213923 42
1698184274596 0.0011071437038481236 43
1698184275443 0.001061197486706078 44
1698184276276 0.0010698337573558092 45
1698184276909 0.0010247945319861174 46
1698184277561 0.0009630846907384694 47
1698184278186 0.0011556526878848672 48
1698184278817 0.0010011822450906038 49
