1698184788813 460.3775634765625 0
1698184789397 222.3651885986328 1
1698184789965 169.3196258544922 2
1698184790546 136.00723266601562 3
1698184791107 119.1385498046875 4
1698184791691 152.6558380126953 5
1698184792276 117.3357162475586 6
1698184792989 119.20098114013672 7
1698184793703 113.46421813964844 8
1698184794330 112.31071472167969 9
1698184794990 102.85414123535156 10
1698184795585 85.48786926269531 11
1698184796155 107.37216186523438 12
1698184796741 99.64717864990234 13
1698184797304 96.13397979736328 14
1698184797881 101.78431701660156 15
1698184798474 108.10569763183594 16
1698184799049 92.91276550292969 17
1698184799645 86.2648696899414 18
1698184800214 77.89401245117188 19
1698184800816 97.96488952636719 20
1698184801393 76.51392364501953 21
1698184801979 93.38147735595703 22
1698184802568 78.27253723144531 23
1698184803138 72.17190551757812 24
1698184803812 107.81436157226562 25
1698184804402 89.01808166503906 26
1698184804987 86.72139739990234 27
1698184805730 82.39049530029297 28
1698184806284 81.51850128173828 29
1698184807001 97.8949966430664 30
1698184807635 75.7376480102539 31
1698184808283 73.77074432373047 32
1698184808883 99.96407318115234 33
1698184809469 64.96094512939453 34
1698184810040 89.8589096069336 35
1698184810626 93.5349349975586 36
1698184811194 77.95577239990234 37
1698184811779 84.8479232788086 38
1698184812337 64.70345306396484 39
1698184812929 79.37622833251953 40
1698184813498 70.90451049804688 41
1698184814061 80.56635284423828 42
1698184814649 72.10698699951172 43
1698184815301 68.965576171875 44
1698184815903 68.29962921142578 45
1698184816479 63.33518600463867 46
1698184817049 76.25828552246094 47
1698184817637 63.06582260131836 48
1698184818205 60.42338943481445 49
