1698184788813 84.35420989990234 0
1698184789397 46.22756576538086 1
1698184789965 36.454063415527344 2
1698184790546 33.73653793334961 3
1698184791107 29.873170852661133 4
1698184791691 29.024887084960938 5
1698184792276 26.71475601196289 6
1698184792989 25.970609664916992 7
1698184793703 25.407567977905273 8
1698184794330 24.840566635131836 9
1698184794990 23.671619415283203 10
1698184795585 24.13157844543457 11
1698184796155 23.58767318725586 12
1698184796741 22.573322296142578 13
1698184797304 23.99624252319336 14
1698184797881 24.110790252685547 15
1698184798474 23.36724090576172 16
1698184799049 23.645360946655273 17
1698184799645 22.861209869384766 18
1698184800214 22.932445526123047 19
1698184800816 22.90452003479004 20
1698184801393 22.917306900024414 21
1698184801979 24.628870010375977 22
1698184802568 22.63159942626953 23
1698184803138 21.56838035583496 24
1698184803812 22.786754608154297 25
1698184804402 22.95162582397461 26
1698184804987 22.79865837097168 27
1698184805730 21.284517288208008 28
1698184806284 21.754621505737305 29
1698184807001 22.028173446655273 30
1698184807635 23.6962890625 31
1698184808283 22.613710403442383 32
1698184808883 22.543827056884766 33
1698184809469 20.556264877319336 34
1698184810040 22.444284439086914 35
1698184810626 23.82410430908203 36
1698184811194 21.252872467041016 37
1698184811779 24.488523483276367 38
1698184812337 23.184345245361328 39
1698184812929 22.637306213378906 40
1698184813498 21.6678466796875 41
1698184814061 20.865324020385742 42
1698184814649 21.166715621948242 43
1698184815301 21.2625732421875 44
1698184815903 21.28407096862793 45
1698184816479 19.774829864501953 46
1698184817049 22.20433235168457 47
1698184817637 20.802288055419922 48
1698184818205 20.564485549926758 49
