1698229572441 0.016629992052912712 0
1698229572999 0.0036537349224090576 1
1698229573264 0.0024675882887095213 2
1698229573500 0.0018221576465293765 3
1698229573738 0.0015468442579731345 4
1698229573966 0.0013381323078647256 5
1698229574294 0.001198482932522893 6
1698229574564 0.0011357137700542808 7
1698229574834 0.0010353217367082834 8
1698229575096 0.0009507833747193217 9
1698229575350 0.0009347363375127316 10
1698229575604 0.0009192918078042567 11
1698229575848 0.0008477156516164541 12
1698229576068 0.0008373080054298043 13
1698229576298 0.0008377567282877862 14
1698229576534 0.0008032834157347679 15
1698229576787 0.0008429971639998257 16
1698229577034 0.0007974045001901686 17
1698229577278 0.0007411583210341632 18
1698229577591 0.0007831273251213133 19
1698229577844 0.0007303563761524856 20
1698229578105 0.0007501790532842278 21
1698229578698 0.0007629226893186569 22
1698229578957 0.0008122192230075598 23
1698229579233 0.0006883633905090392 24
1698229579477 0.0007039486081339419 25
1698229579717 0.0007809369126334786 26
1698229579979 0.0007334501715376973 27
1698229580231 0.0007088808342814445 28
1698229580501 0.0006972198025323451 29
1698229580756 0.0007366111385636032 30
1698229581000 0.0006781063857488334 31
1698229581279 0.0006777254166081548 32
1698229581549 0.0007199838873930275 33
1698229581802 0.0006836990942247212 34
1698229582054 0.0006917788996361196 35
1698229582307 0.0006658128695562482 36
1698229582563 0.0006901646847836673 37
1698229582816 0.0007189371390268207 38
1698229583068 0.0006592210265807807 39
1698229583330 0.0007306118495762348 40
1698229583593 0.0006793919019401073 41
1698229583839 0.000698294083122164 42
1698229584108 0.0006522648618556559 43
1698229584362 0.000694958318490535 44
1698229584590 0.0007112952880561352 45
1698229584836 0.000659195298794657 46
1698229585072 0.000636178650893271 47
1698229585319 0.0007210385520011187 48
1698229585571 0.0007016884628683329 49
