1698229572441 60392.8125 0
1698229572999 55226.58984375 1
1698229573264 32992.3359375 2
1698229573500 26335.78125 3
1698229573738 31130.568359375 4
1698229573966 25270.19140625 5
1698229574294 20833.548828125 6
1698229574564 22850.08203125 7
1698229574834 22166.478515625 8
1698229575096 22859.416015625 9
1698229575350 18931.345703125 10
1698229575604 22971.427734375 11
1698229575848 20392.0859375 12
1698229576068 20636.15625 13
1698229576298 20003.326171875 14
1698229576534 20275.576171875 15
1698229576787 18338.4609375 16
1698229577034 19917.66796875 17
1698229577278 21585.78515625 18
1698229577591 19483.388671875 19
1698229577844 22113.181640625 20
1698229578105 21051.771484375 21
1698229578698 18626.912109375 22
1698229578957 18360.68359375 23
1698229579233 20613.0234375 24
1698229579477 20622.63671875 25
1698229579717 17053.09765625 26
1698229579979 18892.87890625 27
1698229580231 18366.375 28
1698229580501 20221.146484375 29
1698229580756 20709.947265625 30
1698229581000 19757.13671875 31
1698229581279 18991.451171875 32
1698229581549 18499.71875 33
1698229581802 20371.86328125 34
1698229582054 17917.42578125 35
1698229582307 23187.98828125 36
1698229582563 16759.76171875 37
1698229582816 20990.359375 38
1698229583068 19115.884765625 39
1698229583330 17030.890625 40
1698229583593 20119.97265625 41
1698229583839 19558.5625 42
1698229584108 20047.380859375 43
1698229584362 19515.216796875 44
1698229584590 18800.068359375 45
1698229584836 18046.693359375 46
1698229585072 17595.548828125 47
1698229585319 20456.8125 48
1698229585571 18423.59375 49
