1698162847896 108177.3359375 0
1698162849451 93484.6328125 1
1698162851292 77479.828125 2
1698162853685 68334.875 3
1698162856166 66701.796875 4
1698162858231 66308.2734375 5
1698162859561 67389.9765625 6
1698162860696 56126.1875 7
1698162861862 64574.84375 8
1698162863106 47525.88671875 9
1698162864376 73465.5 10
1698162866081 57557.35546875 11
1698162867302 56114.76953125 12
1698162868481 49020.9140625 13
1698162869686 52504.171875 14
1698162871122 67957.8359375 15
1698162872394 55969.03515625 16
1698162873590 58708.59765625 17
1698162874828 57384.43359375 18
1698162876109 45882.16015625 19
