1698187419419 1.237283706665039 0
1698187419815 0.2883235216140747 1
1698187420254 0.24653643369674683 2
1698187420657 0.2940129339694977 3
1698187421058 0.23443210124969482 4
1698187421477 0.22837519645690918 5
1698187421875 0.1888992339372635 6
1698187422307 0.1905907690525055 7
1698187422711 0.2200838178396225 8
1698187423117 0.20270830392837524 9
1698187423597 0.21680566668510437 10
1698187424045 0.1999281644821167 11
1698187424452 0.19191303849220276 12
1698187424909 0.18525704741477966 13
1698187425387 0.18915212154388428 14
1698187425827 0.2930399477481842 15
1698187426276 0.22582575678825378 16
1698187426736 0.22820617258548737 17
1698187427132 0.24483010172843933 18
1698187427549 0.18764661252498627 19
1698187427950 0.20196130871772766 20
1698187428341 0.1998845487833023 21
1698187428788 0.1785232573747635 22
1698187429208 0.20228694379329681 23
1698187429609 0.24246284365653992 24
1698187430004 0.19790643453598022 25
1698187430412 0.1858997493982315 26
1698187430821 0.2095327526330948 27
1698187431224 0.20984728634357452 28
1698187431647 0.16605345904827118 29
1698187432032 0.16109389066696167 30
1698187432422 0.16747619211673737 31
1698187432839 0.22602629661560059 32
1698187433233 0.1649557501077652 33
1698187433664 0.18023692071437836 34
1698187434059 0.14661206305027008 35
1698187434475 0.2335769236087799 36
1698187434877 0.18175166845321655 37
1698187435278 0.178974449634552 38
1698187435688 0.18276235461235046 39
1698187436099 0.17283059656620026 40
1698187436499 0.1690887212753296 41
1698187436905 0.16755825281143188 42
1698187437308 0.21195359528064728 43
1698187437778 0.17912980914115906 44
1698187438250 0.15369252860546112 45
1698187438669 0.17088547348976135 46
1698187439124 0.16884739696979523 47
1698187439605 0.14689476788043976 48
1698187440045 0.1327056884765625 49
