1698179703922 0.06777195632457733 0
1698179704181 0.012176484800875187 1
1698179704430 0.01215523760765791 2
1698179704674 0.01171040628105402 3
1698179704896 0.010264506563544273 4
1698179705130 0.00912042148411274 5
1698179705359 0.009612500667572021 6
1698179705587 0.007443169131875038 7
1698179705833 0.007746007759124041 8
1698179706082 0.008225145749747753 9
1698179706310 0.0068816617131233215 10
1698179706535 0.006930052302777767 11
1698179706787 0.006887713447213173 12
1698179707065 0.0066068135201931 13
1698179707328 0.0058433967642486095 14
1698179707584 0.006181178614497185 15
1698179707869 0.006262749899178743 16
1698179708210 0.005409116391092539 17
1698179708481 0.0063108340837061405 18
1698179708708 0.005410588346421719 19
1698179708932 0.006458682008087635 20
1698179709187 0.00610639713704586 21
1698179709422 0.00507790083065629 22
1698179709650 0.005657597444951534 23
1698179709875 0.005361046642065048 24
1698179710103 0.005953960120677948 25
1698179710334 0.0055745430290699005 26
1698179710589 0.0056523834355175495 27
1698179710823 0.006219905335456133 28
1698179711046 0.005672329105436802 29
1698179711274 0.00548780569806695 30
1698179711500 0.0053390986286103725 31
1698179711722 0.004976498428732157 32
1698179711966 0.0054987287148833275 33
1698179712187 0.005952855572104454 34
1698179712415 0.004843061324208975 35
1698179712630 0.005170601885765791 36
1698179712894 0.00520545756444335 37
1698179713121 0.005626958794891834 38
1698179713349 0.005602874327450991 39
1698179713592 0.006141758989542723 40
1698179713821 0.0058648064732551575 41
1698179714068 0.0055728633888065815 42
1698179714302 0.005457149352878332 43
1698179714539 0.00620715506374836 44
1698179714816 0.0048795524053275585 45
1698179715092 0.0049547296948730946 46
1698179715328 0.005418830085545778 47
1698179715566 0.005629265680909157 48
1698179715791 0.005220755469053984 49
