1698179703922 24.118562698364258 0
1698179704181 10.363664627075195 1
1698179704430 9.494535446166992 2
1698179704674 9.205687522888184 3
1698179704896 8.851240158081055 4
1698179705130 8.268220901489258 5
1698179705359 8.474595069885254 6
1698179705587 7.33527135848999 7
1698179705833 7.6185078620910645 8
1698179706082 7.919641971588135 9
1698179706310 7.669789791107178 10
1698179706535 6.9924187660217285 11
1698179706787 6.776299476623535 12
1698179707065 6.969414710998535 13
1698179707328 6.629577159881592 14
1698179707584 6.679783344268799 15
1698179707869 6.444564342498779 16
1698179708210 6.77794885635376 17
1698179708481 6.769974708557129 18
1698179708708 6.1626176834106445 19
1698179708932 6.852912425994873 20
1698179709187 6.278702259063721 21
1698179709422 6.391549587249756 22
1698179709650 6.422098159790039 23
1698179709875 6.371084213256836 24
1698179710103 6.471017837524414 25
1698179710334 6.825018405914307 26
1698179710589 6.53012228012085 27
1698179710823 6.263762474060059 28
1698179711046 6.616594314575195 29
1698179711274 6.371799468994141 30
1698179711500 6.3281121253967285 31
1698179711722 5.7858405113220215 32
1698179711966 6.434347629547119 33
1698179712187 6.6816887855529785 34
1698179712415 5.985964775085449 35
1698179712630 6.688564777374268 36
1698179712894 6.237115859985352 37
1698179713121 6.238224983215332 38
1698179713349 6.156998157501221 39
1698179713592 6.307209014892578 40
1698179713821 7.260275363922119 41
1698179714068 6.31458854675293 42
1698179714302 5.9964680671691895 43
1698179714539 7.036072254180908 44
1698179714816 5.622611999511719 45
1698179715092 6.036909103393555 46
1698179715328 6.078613758087158 47
1698179715566 6.3812994956970215 48
1698179715791 6.058683395385742 49
