1698175697800 89.04527282714844 0
1698175697993 22.759666442871094 1
1698175698204 23.43357276916504 2
1698175698360 18.745651245117188 3
1698175698521 18.566911697387695 4
1698175698685 16.89872169494629 5
1698175698865 15.575016021728516 6
1698175699035 16.11930274963379 7
1698175699193 20.25237464904785 8
1698175699347 17.454076766967773 9
1698175699570 14.693166732788086 10
1698175699805 15.084665298461914 11
1698175699955 14.279398918151855 12
1698175700106 13.710819244384766 13
1698175700261 13.132929801940918 14
1698175700420 13.894949913024902 15
1698175700600 13.189465522766113 16
1698175700761 11.456225395202637 17
1698175700920 12.516295433044434 18
1698175701078 10.953490257263184 19
1698175701234 11.835359573364258 20
1698175701385 11.236992835998535 21
1698175701549 12.799576759338379 22
1698175701821 13.593863487243652 23
1698175701988 11.256591796875 24
1698175702149 12.370708465576172 25
1698175702305 12.386544227600098 26
1698175702466 12.764656066894531 27
1698175702636 13.804200172424316 28
1698175702788 11.674257278442383 29
1698175702945 12.319402694702148 30
1698175703088 11.330029487609863 31
1698175703236 12.458626747131348 32
1698175703383 12.14665412902832 33
1698175703572 12.46632194519043 34
1698175703877 12.078133583068848 35
1698175704043 12.606155395507812 36
1698175704194 12.763453483581543 37
1698175704349 12.673853874206543 38
1698175704514 11.56306266784668 39
1698175704701 11.221609115600586 40
1698175704858 12.002275466918945 41
1698175705010 11.83743667602539 42
1698175705168 12.752320289611816 43
1698175705323 12.413589477539062 44
1698175705522 12.001744270324707 45
1698175705793 11.885259628295898 46
1698175705957 12.698065757751465 47
1698175706106 12.783684730529785 48
1698175706297 11.743964195251465 49
