1698179922014 65.54405975341797 0
1698179922169 22.9769344329834 1
1698179922339 24.393831253051758 2
1698179922497 20.30634880065918 3
1698179922648 21.232065200805664 4
1698179922804 20.039899826049805 5
1698179922956 20.67597198486328 6
1698179923122 18.73067855834961 7
1698179923316 16.633316040039062 8
1698179923476 19.74552345275879 9
1698179923631 19.412494659423828 10
1698179923788 16.878726959228516 11
1698179923967 16.57962989807129 12
1698179924157 14.958054542541504 13
1698179924366 15.411561965942383 14
1698179924535 15.889925956726074 15
1698179924698 15.387360572814941 16
1698179924901 15.613473892211914 17
1698179925077 15.921191215515137 18
1698179925258 17.134218215942383 19
1698179925420 15.109868049621582 20
1698179925579 15.90786361694336 21
1698179925735 16.229475021362305 22
1698179925892 16.803836822509766 23
1698179926051 15.77988052368164 24
1698179926219 15.13376235961914 25
1698179926377 15.734278678894043 26
1698179926535 16.78694725036621 27
1698179926693 16.130512237548828 28
1698179926844 15.965620040893555 29
1698179927004 17.23344612121582 30
1698179927160 17.587406158447266 31
1698179927344 17.311365127563477 32
1698179927502 17.028114318847656 33
1698179927658 18.126461029052734 34
1698179927821 18.87887954711914 35
1698179927983 19.61802864074707 36
1698179928131 19.06915855407715 37
1698179928310 19.793777465820312 38
1698179928472 20.07642364501953 39
1698179928637 19.869775772094727 40
1698179928799 21.129371643066406 41
1698179928955 20.618425369262695 42
1698179929115 20.701904296875 43
1698179929293 20.781076431274414 44
1698179929453 22.332447052001953 45
1698179929619 22.583114624023438 46
1698179929777 22.24583625793457 47
1698179929933 23.19573402404785 48
1698179930090 22.730127334594727 49
