1698226175250 1343482.375 0
1698226175606 1932312.25 1
1698226176021 1847885.0 2
1698226176412 1609715.375 3
1698226176804 1585178.25 4
1698226177193 1407535.625 5
1698226177700 1325132.875 6
1698226178099 1282662.625 7
1698226178453 1219073.5 8
1698226178806 1090749.875 9
1698226179769 1104170.5 10
1698226180108 1083766.625 11
1698226180463 1040886.5 12
1698226181637 1056900.625 13
1698226183366 1069188.5 14
1698226183870 1013922.875 15
1698226184210 947053.75 16
1698226184542 929066.125 17
1698226184871 945242.3125 18
1698226186037 876470.4375 19
1698226186494 883532.4375 20
1698226186835 837958.75 21
1698226187887 840812.125 22
1698226188216 836865.9375 23
1698226189521 854764.125 24
1698226189838 808863.1875 25
1698226191147 817636.125 26
1698226192614 725695.3125 27
1698226192963 729140.875 28
1698226193323 746120.4375 29
1698226193679 713225.5 30
1698226194004 701706.0 31
1698226194575 733408.1875 32
1698226194907 674994.875 33
1698226196234 676062.6875 34
1698226196571 657615.1875 35
1698226196900 643786.75 36
1698226197835 660570.0625 37
1698226199291 635042.625 38
1698226200919 583888.8125 39
1698226201242 582921.6875 40
1698226201573 576521.25 41
1698226202739 552306.3125 42
1698226203073 542624.75 43
1698226204563 545789.75 44
1698226204872 498691.15625 45
1698226206249 512854.6875 46
1698226206605 489086.96875 47
1698226208106 475598.53125 48
1698226208420 491369.65625 49
