1698182825441 0.025188762694597244 0
1698182825555 0.00219147652387619 1
1698182825667 0.0015944872284308076 2
1698182825791 0.001401842455379665 3
1698182825902 0.0013379143783822656 4
1698182826022 0.0013950488064438105 5
1698182826169 0.001349636004306376 6
1698182826293 0.0013946864055469632 7
1698182826419 0.00113638024777174 8
1698182826542 0.001259448123164475 9
1698182826680 0.0012154983123764396 10
1698182826799 0.001015722518786788 11
1698182826925 0.0010317884152755141 12
1698182827037 0.0010341297602280974 13
1698182827157 0.0010096702026203275 14
1698182827288 0.001046177465468645 15
1698182827412 0.0011387672275304794 16
1698182827525 0.001114048296585679 17
1698182827664 0.0010537698399275541 18
1698182827775 0.0009568732930347323 19
1698182827897 0.0010906941024586558 20
1698182828007 0.0008867664728313684 21
1698182828137 0.001015669316984713 22
1698182828269 0.0012314103078097105 23
1698182828393 0.0008221300668083131 24
1698182828517 0.0010056440951302648 25
1698182828640 0.0009644397650845349 26
1698182828751 0.0009494561818428338 27
1698182828875 0.0009026517509482801 28
1698182828997 0.0009497740538790822 29
1698182829123 0.0009260026854462922 30
1698182829265 0.000878176128026098 31
1698182829392 0.0008408145513385534 32
1698182829520 0.0009318784577772021 33
1698182829632 0.0008834445616230369 34
1698182829757 0.0008573259692639112 35
1698182829868 0.0011568375630304217 36
1698182829988 0.000927417422644794 37
1698182830117 0.0008517742389813066 38
1698182830247 0.0008123409934341908 39
1698182830378 0.0009036028641276062 40
1698182830503 0.0009727292344905436 41
1698182830626 0.000972105422988534 42
1698182830750 0.0010356110287830234 43
1698182830874 0.0007985862321220338 44
1698182830997 0.0007646929007023573 45
1698182831122 0.0008292089332826436 46
1698182831274 0.0007441685884259641 47
1698182831400 0.0008282774360850453 48
1698182831517 0.000802324793767184 49
