1698153561952 302.6576843261719 0
1698153563169 239.56861877441406 1
1698153564400 182.55557250976562 2
1698153565612 151.87184143066406 3
1698153567047 129.72630310058594 4
1698153568312 116.86964416503906 5
1698153569538 108.0602798461914 6
1698153570815 97.4163589477539 7
1698153571995 85.70845794677734 8
1698153573194 88.38935089111328 9
1698153574737 79.3655014038086 10
1698153576015 83.87168884277344 11
1698153577218 74.61018371582031 12
1698153578424 74.79035949707031 13
1698153579641 66.1115493774414 14
1698153580855 64.55616760253906 15
1698153582193 72.19331359863281 16
1698153583388 56.1313591003418 17
1698153584602 48.4515495300293 18
1698153585854 49.411376953125 19
1698153587094 48.957496643066406 20
1698153588278 46.335044860839844 21
1698153589745 46.85789489746094 22
1698153591268 47.320556640625 23
1698153592506 46.18674087524414 24
1698153593729 39.041080474853516 25
