1698176777114 0.02891751565039158 0
1698176777475 0.004228215664625168 1
1698176777776 0.003277336247265339 2
1698176778080 0.002877205377444625 3
1698176778381 0.0028351680375635624 4
1698176778695 0.0027768188156187534 5
1698176779015 0.003075686516240239 6
1698176779426 0.002493174048140645 7
1698176779857 0.002681753830984235 8
1698176780177 0.0025930851697921753 9
1698176780528 0.002265626098960638 10
1698176781037 0.002372922608628869 11
1698176781335 0.002333675278350711 12
1698176781639 0.002344927517697215 13
1698176782089 0.0025572951417416334 14
1698176782411 0.002207536483183503 15
1698176782707 0.002402354497462511 16
1698176783005 0.0021311743184924126 17
1698176783310 0.0022783027961850166 18
1698176783594 0.002162603661417961 19
1698176783882 0.0021639151964336634 20
1698176784398 0.002198060043156147 21
1698176784834 0.0023392383009195328 22
1698176785129 0.002188594313338399 23
1698176785473 0.0021969263907521963 24
1698176785770 0.0020504670683294535 25
1698176786075 0.0023313171695917845 26
1698176786410 0.002357517834752798 27
1698176786862 0.0024645442608743906 28
1698176787170 0.002049183938652277 29
1698176787511 0.002055552788078785 30
1698176787806 0.0021506384946405888 31
1698176788105 0.00232425844296813 32
1698176788378 0.002075602300465107 33
1698176788660 0.002318611368536949 34
1698176788957 0.002230801386758685 35
1698176789251 0.002330608433112502 36
1698176789582 0.0020423298701643944 37
1698176789890 0.0022033601999282837 38
1698176790189 0.002034576144069433 39
1698176790587 0.002197106136009097 40
1698176790897 0.002694132272154093 41
1698176791220 0.0024677871260792017 42
1698176791551 0.002126038772985339 43
1698176791839 0.0021878082770854235 44
1698176792147 0.0019638449884951115 45
1698176792586 0.0022464855574071407 46
1698176792902 0.002299790270626545 47
1698176793186 0.0021686481777578592 48
1698176793470 0.0024139462038874626 49
