1698176777114 21.037935256958008 0
1698176777475 7.016932487487793 1
1698176777776 5.126820087432861 2
1698176778080 4.889673709869385 3
1698176778381 4.802044868469238 4
1698176778695 5.0158185958862305 5
1698176779015 6.265309810638428 6
1698176779426 4.373679161071777 7
1698176779857 5.562739849090576 8
1698176780177 5.472519397735596 9
1698176780528 4.666459560394287 10
1698176781037 4.886845588684082 11
1698176781335 5.0263752937316895 12
1698176781639 4.751865863800049 13
1698176782089 5.4759368896484375 14
1698176782411 4.329988956451416 15
1698176782707 5.075374603271484 16
1698176783005 4.014676094055176 17
1698176783310 5.04771089553833 18
1698176783594 4.177458763122559 19
1698176783882 4.210809230804443 20
1698176784398 4.348397731781006 21
1698176784834 5.119779586791992 22
1698176785129 4.287855625152588 23
1698176785473 4.314590930938721 24
1698176785770 4.219274997711182 25
1698176786075 4.502195835113525 26
1698176786410 5.003903388977051 27
1698176786862 5.136724948883057 28
1698176787170 4.243302822113037 29
1698176787511 3.9961256980895996 30
1698176787806 4.378654479980469 31
1698176788105 4.525928497314453 32
1698176788378 4.240760803222656 33
1698176788660 4.553062438964844 34
1698176788957 4.795736312866211 35
1698176789251 5.058250904083252 36
1698176789582 4.183160781860352 37
1698176789890 4.79863166809082 38
1698176790189 4.044424057006836 39
1698176790587 4.949769973754883 40
1698176790897 5.777308464050293 41
1698176791220 5.291000843048096 42
1698176791551 4.7866387367248535 43
1698176791839 4.913710117340088 44
1698176792147 3.7740249633789062 45
1698176792586 4.480001449584961 46
1698176792902 4.8399505615234375 47
1698176793186 4.6885294914245605 48
1698176793470 4.8491621017456055 49
