1698183560137 70.99838256835938 0
1698183560280 50.8135986328125 1
1698183560425 28.740188598632812 2
1698183560585 11.495410919189453 3
1698183560748 10.311917304992676 4
1698183560905 10.223528861999512 5
1698183561056 10.00501823425293 6
1698183561227 10.126506805419922 7
1698183561377 10.176091194152832 8
1698183561532 9.843121528625488 9
1698183561679 9.835280418395996 10
1698183561846 9.60777759552002 11
1698183561996 9.503615379333496 12
1698183562152 9.133051872253418 13
1698183562290 9.147553443908691 14
1698183562453 9.427229881286621 15
1698183562657 9.385536193847656 16
1698183562821 9.025500297546387 17
1698183562975 9.208303451538086 18
1698183563128 9.323935508728027 19
1698183563277 9.219911575317383 20
1698183563469 9.008520126342773 21
1698183563695 9.099894523620605 22
1698183563943 8.96308708190918 23
1698183564113 9.122639656066895 24
1698183564280 8.955216407775879 25
1698183564450 8.827552795410156 26
1698183564634 8.82326889038086 27
1698183564795 9.026262283325195 28
1698183564983 8.567813873291016 29
1698183565176 8.513174057006836 30
1698183565341 8.648796081542969 31
1698183565498 8.664887428283691 32
1698183565673 8.881706237792969 33
1698183565834 8.876243591308594 34
1698183565991 8.539833068847656 35
1698183566147 8.658904075622559 36
1698183566303 8.71949291229248 37
1698183566487 8.444579124450684 38
1698183566650 8.270156860351562 39
1698183566797 8.722246170043945 40
1698183566944 8.703155517578125 41
1698183567099 8.422884941101074 42
1698183567254 8.36353588104248 43
1698183567400 8.525208473205566 44
1698183567558 8.09839916229248 45
1698183567722 8.396981239318848 46
1698183567883 8.238066673278809 47
1698183568044 8.237139701843262 48
1698183568211 8.066685676574707 49
