1698188229849 7798.64501953125 0
1698188230060 943.903076171875 1
1698188230283 950.5350952148438 2
1698188230523 652.1122436523438 3
1698188230755 852.4638671875 4
1698188230974 729.8433227539062 5
1698188231192 651.1653442382812 6
1698188231424 676.1302490234375 7
1698188231656 624.083251953125 8
1698188231877 600.6219482421875 9
1698188232089 573.2225952148438 10
1698188232309 568.474609375 11
1698188232528 584.947265625 12
1698188232745 608.8140869140625 13
1698188232959 657.9208984375 14
1698188233196 524.2127075195312 15
1698188233424 499.1081237792969 16
1698188233646 474.8335876464844 17
1698188233865 480.88958740234375 18
1698188234075 765.9173583984375 19
1698188234291 534.07080078125 20
1698188234525 628.6065673828125 21
1698188234894 614.3745727539062 22
1698188235226 625.3858032226562 23
1698188235476 579.3540649414062 24
1698188235717 514.4488525390625 25
1698188235928 535.1958618164062 26
1698188236168 492.33258056640625 27
1698188236465 621.4432983398438 28
1698188236734 475.4281005859375 29
1698188236986 503.7672119140625 30
1698188237243 463.5433044433594 31
1698188237476 537.469970703125 32
1698188237737 470.0628967285156 33
1698188238007 534.0886840820312 34
1698188238234 522.5999145507812 35
1698188238467 646.7941284179688 36
1698188238687 450.0174865722656 37
1698188238908 452.4142761230469 38
1698188239139 445.5225830078125 39
1698188239366 531.421142578125 40
1698188239595 531.7269897460938 41
1698188239808 550.497314453125 42
1698188240034 573.4883422851562 43
1698188240268 503.5961608886719 44
1698188240491 571.4307250976562 45
1698188240720 486.70892333984375 46
1698188240942 531.1978149414062 47
1698188241191 505.5948791503906 48
1698188241415 398.8277893066406 49
