1698188229849 27.073484420776367 0
1698188230060 9.996009826660156 1
1698188230283 9.71163558959961 2
1698188230523 8.29085636138916 3
1698188230755 8.558472633361816 4
1698188230974 8.218693733215332 5
1698188231192 8.480710983276367 6
1698188231424 8.189105987548828 7
1698188231656 7.558531761169434 8
1698188231877 7.269311428070068 9
1698188232089 7.776285171508789 10
1698188232309 7.485069274902344 11
1698188232528 7.392638206481934 12
1698188232745 7.698104381561279 13
1698188232959 7.627193450927734 14
1698188233196 6.8010358810424805 15
1698188233424 6.76185941696167 16
1698188233646 6.963233470916748 17
1698188233865 7.206029891967773 18
1698188234075 8.914616584777832 19
1698188234291 6.8949971199035645 20
1698188234525 7.767756462097168 21
1698188234894 7.389175891876221 22
1698188235226 7.683197021484375 23
1698188235476 7.598437309265137 24
1698188235717 7.040012359619141 25
1698188235928 7.082772731781006 26
1698188236168 6.833525657653809 27
1698188236465 7.839936256408691 28
1698188236734 6.9042510986328125 29
1698188236986 6.864654541015625 30
1698188237243 6.901582717895508 31
1698188237476 7.152406215667725 32
1698188237737 6.771838188171387 33
1698188238007 7.152751445770264 34
1698188238234 7.301020622253418 35
1698188238467 7.971566200256348 36
1698188238687 6.842416763305664 37
1698188238908 6.69043493270874 38
1698188239139 6.764936923980713 39
1698188239366 7.311814785003662 40
1698188239595 7.1037373542785645 41
1698188239808 7.563973426818848 42
1698188240034 7.37765645980835 43
1698188240268 7.406254291534424 44
1698188240491 7.809892654418945 45
1698188240720 7.342573642730713 46
1698188240942 6.907920837402344 47
1698188241191 6.876399517059326 48
1698188241415 6.515196323394775 49
