1698181656001 0.00022676942171528935 0
1698181656160 2.9910292141721584e-05 1
1698181656310 2.768690319499001e-05 2
1698181656460 2.815124207700137e-05 3
1698181656610 2.4222566935350187e-05 4
1698181656747 2.3321392291109078e-05 5
1698181656879 2.0903651602566242e-05 6
1698181657020 2.093141847581137e-05 7
1698181657179 2.05672113224864e-05 8
1698181657332 1.9972712834714912e-05 9
1698181657475 1.913629239425063e-05 10
1698181657609 1.8431577700539492e-05 11
1698181657752 2.125813625752926e-05 12
1698181657895 1.954807885340415e-05 13
1698181658042 2.0921839677612297e-05 14
1698181658193 1.9945124222431332e-05 15
1698181658347 2.2529166017193347e-05 16
1698181658489 1.917415102070663e-05 17
1698181658629 1.8702032321016304e-05 18
1698181658790 1.5649447959731333e-05 19
1698181658934 1.632393104955554e-05 20
1698181659090 1.7016316633089446e-05 21
1698181659273 1.897595211630687e-05 22
1698181659440 1.5824161891941912e-05 23
1698181659590 1.7169255443150178e-05 24
1698181659767 1.849815816967748e-05 25
1698181659919 1.8142252883990295e-05 26
1698181660062 1.6870302715688013e-05 27
1698181660241 1.6243229765677825e-05 28
1698181660438 1.7839687643572688e-05 29
1698181660596 1.6530733773834072e-05 30
1698181660754 1.705336762825027e-05 31
1698181660902 1.6718402548576705e-05 32
1698181661063 1.5738325600977987e-05 33
1698181661215 1.744089968269691e-05 34
1698181661361 1.7952281268662773e-05 35
1698181661501 1.9018394596059807e-05 36
1698181661637 1.6933277947828174e-05 37
1698181661786 1.6396330465795472e-05 38
1698181661939 1.5937359421513975e-05 39
1698181662092 1.6690439224475995e-05 40
1698181662252 1.5852741853450425e-05 41
1698181662404 1.6845449863467366e-05 42
1698181662551 1.789591260603629e-05 43
1698181662696 1.5175305634329561e-05 44
1698181662843 1.651901038712822e-05 45
1698181662987 1.5795687431818806e-05 46
1698181663126 1.6820724340504967e-05 47
1698181663265 1.703426278254483e-05 48
1698181663393 1.5980374882929027e-05 49
