1698181656001 26.66193962097168 0
1698181656160 9.396535873413086 1
1698181656310 9.913508415222168 2
1698181656460 9.084811210632324 3
1698181656610 7.9409637451171875 4
1698181656747 8.202433586120605 5
1698181656879 6.331383228302002 6
1698181657020 6.671142578125 7
1698181657179 7.743707180023193 8
1698181657332 6.653692245483398 9
1698181657475 6.418042182922363 10
1698181657609 6.5612711906433105 11
1698181657752 7.762211799621582 12
1698181657895 6.628260135650635 13
1698181658042 7.135132789611816 14
1698181658193 6.247986316680908 15
1698181658347 7.717594146728516 16
1698181658489 6.7976179122924805 17
1698181658629 6.751506805419922 18
1698181658790 5.334152698516846 19
1698181658934 5.763401508331299 20
1698181659090 6.399450778961182 21
1698181659273 6.266388416290283 22
1698181659440 5.9761223793029785 23
1698181659590 6.541632652282715 24
1698181659767 6.6520209312438965 25
1698181659919 6.773170471191406 26
1698181660062 6.385095596313477 27
1698181660241 5.967988014221191 28
1698181660438 6.60845947265625 29
1698181660596 6.264523983001709 30
1698181660754 5.791342735290527 31
1698181660902 5.275519847869873 32
1698181661063 5.478384017944336 33
1698181661215 7.304989337921143 34
1698181661361 7.042318820953369 35
1698181661501 7.713728904724121 36
1698181661637 7.22687292098999 37
1698181661786 6.196569919586182 38
1698181661939 5.872265815734863 39
1698181662092 6.447512149810791 40
1698181662252 5.362055778503418 41
1698181662404 6.120364189147949 42
1698181662551 6.581928253173828 43
1698181662696 6.11104679107666 44
1698181662843 5.742901802062988 45
1698181662987 6.40070915222168 46
1698181663126 6.234062194824219 47
1698181663265 6.405463695526123 48
1698181663393 5.45653772354126 49
