1698182979637 0.019720904529094696 0
1698182980054 0.002468038583174348 1
1698182980408 0.0019747335463762283 2
1698182980793 0.0019099791534245014 3
1698182981169 0.0017292669508606195 4
1698182981536 0.0015005242312327027 5
1698182981925 0.0015636271564289927 6
1698182982286 0.001536893891170621 7
1698182982653 0.0014816458569839597 8
1698182983038 0.001390244229696691 9
1698182983415 0.0014979492407292128 10
1698182983770 0.001417008345015347 11
1698182984149 0.0012330268509685993 12
1698182984516 0.0013707565376535058 13
1698182984885 0.0013534121681004763 14
1698182985265 0.0014404868707060814 15
1698182985623 0.001106785493902862 16
1698182985999 0.0010949958814308047 17
1698182986368 0.001099687535315752 18
1698182986740 0.0009889473440125585 19
1698182987115 0.0011702035553753376 20
1698182987473 0.0012281890958547592 21
1698182987850 0.001479518599808216 22
1698182988218 0.0011990417260676622 23
1698182988590 0.0010576084023341537 24
1698182989056 0.0010864658979699016 25
1698182989436 0.0008690381655469537 26
1698182989828 0.0009684761171229184 27
1698182990187 0.0008527698810212314 28
1698182990550 0.0009802066488191485 29
1698182990989 0.001086018979549408 30
1698182991374 0.0010561184026300907 31
1698182991776 0.0009383735596202314 32
1698182992227 0.0009979396127164364 33
