1698181042807 3756.701416015625 0
1698181042958 12669.59375 1
1698181043141 4950.390625 2
1698181043300 13551.9453125 3
1698181043441 12951.326171875 4
1698181043582 5570.64013671875 5
1698181043715 5820.68115234375 6
1698181043847 4392.56982421875 7
1698181043983 974.7244873046875 8
1698181044137 470.2742919921875 9
1698181044291 2602.663818359375 10
1698181044441 640.166259765625 11
1698181044584 11479.1142578125 12
1698181044731 3310.75146484375 13
1698181044858 5233.39111328125 14
1698181044989 10004.7275390625 15
1698181045134 4681.255859375 16
1698181045282 9004.3203125 17
1698181045444 8596.4150390625 18
1698181045581 1215.988037109375 19
1698181045709 2427.263671875 20
1698181045836 8170.57421875 21
1698181045964 1018.0804443359375 22
1698181046096 13078.3173828125 23
1698181046246 17500.51171875 24
1698181046382 6790.59375 25
1698181046512 3535.341552734375 26
1698181046639 3889.37548828125 27
1698181046767 25156.044921875 28
1698181046897 10055.4619140625 29
1698181047024 19373.30859375 30
1698181047177 12877.5908203125 31
1698181047331 2531.210693359375 32
1698181047460 6919.40380859375 33
1698181047589 18873.796875 34
1698181047717 11707.015625 35
1698181047850 3207.639892578125 36
1698181047989 8634.37109375 37
1698181048120 12822.048828125 38
1698181048262 3150.21728515625 39
1698181048395 16627.1640625 40
1698181048525 4212.5791015625 41
1698181048660 14947.4423828125 42
1698181048792 8295.283203125 43
1698181048923 1779.6368408203125 44
1698181049055 970.1522216796875 45
1698181049199 2405.64599609375 46
1698181049338 12973.71484375 47
1698181049476 2517.052001953125 48
1698181049604 5837.44384765625 49
