1698152879133 0.027687838301062584 0
1698152879942 0.010172116570174694 1
1698152880680 0.007279662881046534 2
1698152881423 0.0053800055757164955 3
1698152882176 0.004187222104519606 4
1698152882919 0.003552346723154187 5
1698152883615 0.0030626284424215555 6
1698152884354 0.002950332360342145 7
1698152885071 0.0025146089028567076 8
1698152885798 0.0024076246190816164 9
1698152886571 0.0023767289239913225 10
1698152887339 0.0023128539323806763 11
1698152888019 0.0023799159098416567 12
1698152888733 0.002244367729872465 13
1698152889610 0.0022772240918129683 14
1698152890340 0.002207094104960561 15
1698152891149 0.002355597447603941 16
1698152891882 0.0023612482473254204 17
1698152892637 0.0024371447507292032 18
1698152893316 0.00239449180662632 19
1698152894023 0.0023320415057241917 20
