1698157771859 0.060544949024915695 0
1698157772971 0.03272082656621933 1
1698157774223 0.020327333360910416 2
1698157775501 0.015750834718346596 3
1698157776710 0.013371463865041733 4
1698157777915 0.01130061224102974 5
1698157778975 0.009726307354867458 6
1698157780928 0.008697520941495895 7
1698157782231 0.007917025126516819 8
1698157783418 0.0073043303564190865 9
1698157784327 0.00665376428514719 10
1698157785425 0.006137148477137089 11
1698157786463 0.005964909214526415 12
1698157787427 0.0054782782681286335 13
1698157788532 0.0050921086221933365 14
1698157789613 0.004934396594762802 15
1698157790518 0.004670380149036646 16
1698157791475 0.0044571952894330025 17
1698157792458 0.004135503899306059 18
1698157793361 0.00391641678288579 19
1698157794340 0.003944845404475927 20
1698157795289 0.0036807626020163298 21
1698157796225 0.003688324708491564 22
1698157797305 0.003920430783182383 23
1698157798571 0.003689810400828719 24
1698157799786 0.003638405818492174 25
1698157801104 0.0036756659392267466 26
1698157802085 0.003614319022744894 27
1698157803177 0.003505089320242405 28
1698157804343 0.0035071256570518017 29
1698157805428 0.0035489657893776894 30
1698157806484 0.003990744240581989 31
1698157807647 0.003846587613224983 32
1698157808619 0.003554399125277996 33
1698157809567 0.003719253232702613 34
1698157810616 0.0037162869703024626 35
1698157811541 0.003663032315671444 36
1698157812429 0.0035217399708926678 37
1698157813490 0.003529134439304471 38
1698157814494 0.0034214842598885298 39
1698157815967 0.0035168365575373173 40
