1698157771859 79745.1328125 0
1698157772971 105412.7578125 1
1698157774223 70574.4375 2
1698157775501 72498.390625 3
1698157776710 64549.83984375 4
1698157777915 66774.859375 5
1698157778975 51961.72265625 6
1698157780928 63047.76953125 7
1698157782231 61015.70703125 8
1698157783418 49042.98828125 9
1698157784327 61043.296875 10
1698157785425 54073.9375 11
1698157786463 63898.9453125 12
1698157787427 66856.765625 13
1698157788532 46738.7109375 14
1698157789613 53084.40234375 15
1698157790518 51608.38671875 16
1698157791475 53447.6328125 17
1698157792458 41830.75 18
1698157793361 51028.59375 19
1698157794340 40283.78125 20
1698157795289 54422.15625 21
1698157796225 39711.1796875 22
1698157797305 36271.30859375 23
1698157798571 46518.73046875 24
1698157799786 47824.83984375 25
1698157801104 56364.23046875 26
1698157802085 50689.83984375 27
1698157803177 37865.28515625 28
1698157804343 50481.828125 29
1698157805428 50941.703125 30
1698157806484 42111.0 31
1698157807647 29856.970703125 32
1698157808619 45281.8828125 33
1698157809567 45687.75390625 34
1698157810616 51289.75390625 35
1698157811541 47386.23046875 36
1698157812429 58845.55859375 37
1698157813490 44328.30078125 38
1698157814494 46701.20703125 39
1698157815967 43420.57421875 40
