1698169467860 0.019646286964416504 0
1698169468774 0.009841964580118656 1
1698169469586 0.007605656050145626 2
1698169470329 0.007199359126389027 3
1698169471155 0.006860671099275351 4
1698169472272 0.006842177361249924 5
1698169472999 0.006761586293578148 6
1698169473750 0.006349768023937941 7
1698169474492 0.006012788508087397 8
1698169475231 0.006693405099213123 9
1698169476035 0.005759610328823328 10
1698169476805 0.005838464479893446 11
1698169477545 0.005914032459259033 12
1698169478253 0.0054803709499537945 13
1698169479162 0.005802584812045097 14
1698169479976 0.005811571609228849 15
1698169480973 0.00576198473572731 16
1698169481899 0.005443764850497246 17
1698169482800 0.005518565885722637 18
1698169483487 0.005495613906532526 19
1698169484152 0.005745481699705124 20
1698169484800 0.0054164775647223 21
1698169485540 0.00540719972923398 22
1698169486337 0.005322066601365805 23
1698169487042 0.005725602153688669 24
1698169487861 0.004947335924953222 25
1698169488618 0.005081924144178629 26
1698169489445 0.005121798254549503 27
1698169490291 0.004921341314911842 28
1698169490973 0.005244745407253504 29
1698169491738 0.004982816055417061 30
1698169492482 0.005709563847631216 31
1698169493172 0.00511753186583519 32
1698169494068 0.004877379164099693 33
1698169494887 0.005105842370539904 34
1698169495632 0.004853847436606884 35
1698169496490 0.004782749339938164 36
1698169497341 0.004956409800797701 37
1698169498289 0.004784224554896355 38
