1698169467860 50414.07421875 0
1698169468774 32941.44140625 1
1698169469586 27191.91796875 2
1698169470329 27920.400390625 3
1698169471155 19996.12890625 4
1698169472272 19728.91015625 5
1698169472999 22410.0 6
1698169473750 20172.19921875 7
1698169474492 20064.791015625 8
1698169475231 18111.248046875 9
1698169476035 18677.37890625 10
1698169476805 16812.71484375 11
1698169477545 23022.935546875 12
1698169478253 16386.712890625 13
1698169479162 14838.4453125 14
1698169479976 12624.2978515625 15
1698169480973 16740.099609375 16
1698169481899 17065.60546875 17
1698169482800 22320.107421875 18
1698169483487 22781.66796875 19
1698169484152 15717.125 20
1698169484800 17814.86328125 21
1698169485540 17670.505859375 22
1698169486337 16799.78125 23
1698169487042 19672.98828125 24
1698169487861 15848.88671875 25
1698169488618 17573.05859375 26
1698169489445 15622.810546875 27
1698169490291 10644.7529296875 28
1698169490973 13581.0048828125 29
1698169491738 17482.912109375 30
1698169492482 18964.478515625 31
1698169493172 22316.75 32
1698169494068 16134.767578125 33
1698169494887 11950.8955078125 34
1698169495632 16880.001953125 35
1698169496490 16696.123046875 36
1698169497341 14700.47265625 37
1698169498289 17312.90234375 38
