1698228952864 31118.3359375 0
1698228955339 36669.45703125 1
1698228956805 32649.84375 2
1698228957448 30820.34375 3
1698228958088 30593.6171875 4
1698228959227 35290.0 5
1698228960187 39147.9140625 6
1698228960805 35552.875 7
1698228961441 30256.75 8
1698228962084 35784.19921875 9
1698228962758 32760.630859375 10
1698228964822 37786.24609375 11
1698228966343 35734.78515625 12
1698228966985 32755.134765625 13
1698228968874 37348.40625 14
1698228971125 37321.0703125 15
1698228972576 38434.765625 16
1698228973245 32868.2421875 17
1698228975406 29578.078125 18
1698228976929 32818.17578125 19
1698228978421 36270.62109375 20
1698228980266 31492.548828125 21
1698228981807 27990.8515625 22
1698228982441 36019.15234375 23
1698228983716 41198.08984375 24
1698228984814 26244.521484375 25
1698228986387 39075.6875 26
1698228987616 26782.076171875 27
1698228989370 34923.76171875 28
1698228990768 38349.73046875 29
