1698181753619 28.164203643798828 0
1698181753893 10.173354148864746 1
1698181754163 8.562382698059082 2
1698181754433 7.6417694091796875 3
1698181754730 8.520956039428711 4
1698181755063 8.944963455200195 5
1698181755360 10.789307594299316 6
1698181755622 10.530142784118652 7
1698181755882 6.743285655975342 8
1698181756148 7.751197814941406 9
1698181756408 6.906341552734375 10
1698181756678 9.476211547851562 11
1698181756943 7.433412551879883 12
1698181757204 7.497898101806641 13
1698181757495 6.82885217666626 14
1698181757759 8.194673538208008 15
1698181758021 7.950626373291016 16
1698181758282 6.854822635650635 17
1698181758542 7.831218242645264 18
1698181758832 7.133239269256592 19
1698181759097 8.574142456054688 20
1698181759365 7.154361248016357 21
1698181759631 7.381056308746338 22
1698181759914 6.778278350830078 23
1698181760179 9.692912101745605 24
1698181760461 7.917625904083252 25
1698181760722 9.564022064208984 26
1698181760981 6.779017925262451 27
1698181761236 7.864099502563477 28
1698181761517 6.7905449867248535 29
1698181761780 8.875649452209473 30
1698181762046 6.930644989013672 31
1698181762349 7.0027031898498535 32
1698181762684 6.724690914154053 33
1698181763052 5.361795425415039 34
1698181763324 7.355521202087402 35
1698181763590 6.543216705322266 36
1698181763946 7.293709754943848 37
1698181764235 5.737969875335693 38
1698181764528 6.134148597717285 39
1698181764823 7.445971488952637 40
1698181765132 6.435243606567383 41
1698181765436 7.681532382965088 42
1698181765709 7.111454963684082 43
1698181765969 6.234780311584473 44
1698181766223 6.1904191970825195 45
1698181766485 7.1334333419799805 46
1698181766741 6.985866546630859 47
1698181767034 5.973660469055176 48
1698181767296 6.309939861297607 49
