1698188385563 50756.22265625 0
1698188385687 31271.2265625 1
1698188385798 13280.96875 2
1698188385906 2338.63134765625 3
1698188386026 1683.967529296875 4
1698188386168 1503.825439453125 5
1698188386295 1502.1795654296875 6
1698188386423 1359.0162353515625 7
1698188386532 1502.27001953125 8
1698188386650 1188.4022216796875 9
1698188386759 1295.834716796875 10
1698188386880 1270.054443359375 11
1698188386989 1197.273681640625 12
1698188387107 1050.6075439453125 13
1698188387250 1096.777587890625 14
1698188387357 1015.0234985351562 15
1698188387469 1035.0513916015625 16
1698188387576 1175.509765625 17
1698188387693 1186.2469482421875 18
1698188387804 1147.2218017578125 19
1698188387918 1046.5430908203125 20
1698188388033 888.5845947265625 21
1698188388155 1162.3780517578125 22
1698188388258 927.2964477539062 23
1698188388388 957.93212890625 24
1698188388498 984.7276000976562 25
1698188388606 1096.740478515625 26
1698188388710 903.3800659179688 27
1698188388812 922.1204223632812 28
1698188388915 942.9872436523438 29
1698188389016 1033.4249267578125 30
1698188389117 994.3644409179688 31
1698188389224 973.5804443359375 32
1698188389339 891.2283325195312 33
1698188389461 930.9979858398438 34
1698188389574 787.5694580078125 35
1698188389679 933.65185546875 36
1698188389799 790.2329711914062 37
1698188389902 871.1763916015625 38
1698188390012 731.0463256835938 39
1698188390114 922.2699584960938 40
1698188390222 913.8790283203125 41
1698188390325 752.291259765625 42
1698188390429 867.5150756835938 43
1698188390557 783.41748046875 44
1698188390664 925.3162231445312 45
1698188390768 824.935546875 46
1698188390872 738.0663452148438 47
1698188390974 699.8110961914062 48
1698188391093 739.2697143554688 49
