1698168743615 75.74229431152344 0
1698168744670 48.622257232666016 1
1698168745775 39.394989013671875 2
1698168746817 31.544919967651367 3
1698168747957 28.204984664916992 4
1698168749022 25.805015563964844 5
1698168750209 24.295345306396484 6
1698168751321 22.525564193725586 7
1698168752394 21.356548309326172 8
1698168753457 20.016660690307617 9
1698168754482 19.24960708618164 10
1698168755466 18.677846908569336 11
1698168756590 18.392473220825195 12
1698168757608 17.523914337158203 13
1698168758836 17.403717041015625 14
1698168759921 16.88906478881836 15
1698168761022 16.727745056152344 16
1698168762121 16.342164993286133 17
1698168763267 15.983434677124023 18
1698168764396 16.280231475830078 19
1698168765819 15.280021667480469 20
1698168767305 15.480947494506836 21
1698168768743 15.26006031036377 22
1698168769968 15.098832130432129 23
1698168771197 14.865220069885254 24
1698168772437 15.059704780578613 25
1698168773789 14.695590019226074 26
1698168775113 15.041045188903809 27
1698168776374 14.434297561645508 28
1698168777970 14.345212936401367 29
1698168779278 14.49959659576416 30
1698168780533 14.255996704101562 31
1698168781829 14.687616348266602 32
1698168783037 13.69415283203125 33
1698168784288 13.64567756652832 34
1698168785765 14.340950965881348 35
1698168787368 13.987473487854004 36
1698168788578 13.632346153259277 37
1698168789888 13.685248374938965 38
1698168791163 13.333393096923828 39
1698168792423 13.39709758758545 40
1698168793707 13.32090950012207 41
1698168795583 13.290911674499512 42
1698168797274 13.66258716583252 43
1698168798546 13.198196411132812 44
1698168800083 13.108612060546875 45
1698168801483 13.004886627197266 46
1698168802760 13.330046653747559 47
1698168804059 13.331986427307129 48
1698168805448 13.14555835723877 49
