1698180059702 66.46733093261719 0
1698180059835 23.119813919067383 1
1698180059954 19.72821044921875 2
1698180060074 16.989383697509766 3
1698180060194 16.096664428710938 4
1698180060324 17.181896209716797 5
1698180060450 17.05946922302246 6
1698180060584 14.636276245117188 7
1698180060712 14.125340461730957 8
1698180060832 15.654211044311523 9
1698180060953 14.589160919189453 10
1698180061079 15.991779327392578 11
1698180061213 16.90570831298828 12
1698180061341 16.560489654541016 13
1698180061460 13.880949020385742 14
1698180061580 13.60155963897705 15
1698180061710 12.937688827514648 16
1698180061856 13.569446563720703 17
1698180061984 13.184614181518555 18
1698180062114 11.55965518951416 19
1698180062246 12.928265571594238 20
1698180062376 13.611388206481934 21
1698180062505 13.825945854187012 22
1698180062649 11.734501838684082 23
1698180062779 13.93786334991455 24
1698180062906 12.3312406539917 25
1698180063032 11.437272071838379 26
1698180063163 12.116358757019043 27
1698180063287 12.32665729522705 28
1698180063418 13.100911140441895 29
1698180063547 11.86968994140625 30
1698180063663 12.426291465759277 31
1698180063788 13.0350980758667 32
1698180063920 13.544916152954102 33
1698180064049 13.495298385620117 34
1698180064198 13.670990943908691 35
1698180064330 13.56180477142334 36
1698180064457 13.488478660583496 37
1698180064585 13.525897979736328 38
1698180064714 12.972442626953125 39
1698180064887 13.458654403686523 40
1698180065034 14.261162757873535 41
1698180065166 14.379590034484863 42
1698180065306 14.327731132507324 43
1698180065448 13.94697380065918 44
1698180065588 14.35122013092041 45
1698180065735 15.251993179321289 46
1698180065880 14.736916542053223 47
1698180066009 15.520210266113281 48
1698180066137 15.886536598205566 49
