1698150717995 58.50550842285156 0
1698150719045 41.248756408691406 1
1698150720290 32.3225212097168 2
1698150721657 30.906707763671875 3
1698150723061 27.080963134765625 4
1698150724496 26.033193588256836 5
1698150725938 24.98503303527832 6
1698150727384 24.273273468017578 7
1698150728753 23.338855743408203 8
1698150730308 22.817047119140625 9
1698150731803 22.803197860717773 10
1698150733185 21.881681442260742 11
1698150734553 23.431123733520508 12
1698150736006 21.747150421142578 13
1698150737596 21.289796829223633 14
1698150739028 21.048667907714844 15
1698150740432 20.815887451171875 16
1698150741886 20.959318161010742 17
1698150743252 20.73474884033203 18
1698150744784 20.690860748291016 19
1698150746196 20.261627197265625 20
1698150747576 19.881977081298828 21
1698150748933 20.24854278564453 22
1698150750361 19.716346740722656 23
1698150752146 20.303855895996094 24
1698150753658 19.517681121826172 25
1698150755057 20.337993621826172 26
1698150756450 19.42198371887207 27
1698150757909 19.47626304626465 28
1698150759291 19.54762840270996 29
1698150760698 19.733068466186523 30
1698150762080 19.440372467041016 31
1698150763531 19.25666618347168 32
1698150764989 19.3216495513916 33
1698150766342 19.482681274414062 34
1698150767796 19.150856018066406 35
1698150769152 19.20670509338379 36
