1698156842180 0.33578184247016907 0
1698156844058 0.1634279191493988 1
1698156845938 0.1052866280078888 2
1698156847865 0.07967718690633774 3
1698156850142 0.06428264826536179 4
1698156852059 0.056920044124126434 5
1698156853924 0.05088029056787491 6
1698156856041 0.0450889989733696 7
1698156858197 0.04108594357967377 8
1698156860105 0.03820071369409561 9
1698156862072 0.034054141491651535 10
1698156863976 0.03235483914613724 11
1698156865958 0.03033004142343998 12
1698156868110 0.030911624431610107 13
1698156870007 0.03036373108625412 14
1698156871967 0.03042042814195156 15
1698156873942 0.03166098892688751 16
1698156876092 0.030734650790691376 17
1698156878011 0.028848716989159584 18
1698156880013 0.030681004747748375 19
1698156881928 0.029989147558808327 20
1698156884099 0.029184790328145027 21
1698156886239 0.029326478019356728 22
1698156888366 0.029064886271953583 23
1698156890462 0.030018962919712067 24
1698156892466 0.029206817969679832 25
