1698177884999 0.03190901130437851 0
1698177885261 0.00895904190838337 1
1698177885528 0.007476959377527237 2
1698177885786 0.005839670076966286 3
1698177886051 0.006128343287855387 4
1698177886280 0.0057703000493347645 5
1698177886488 0.005187466274946928 6
1698177886696 0.005116049665957689 7
1698177886892 0.005612234119325876 8
1698177887106 0.0050580366514623165 9
1698177887306 0.005396263208240271 10
1698177887507 0.005328233819454908 11
1698177887720 0.005108315963298082 12
1698177887951 0.004682714585214853 13
1698177888155 0.004742549732327461 14
1698177888378 0.004603549838066101 15
1698177888575 0.004833754152059555 16
1698177888788 0.004667113069444895 17
1698177888996 0.005271193105727434 18
1698177889212 0.003968099597841501 19
1698177889417 0.00461985357105732 20
1698177889619 0.004347492009401321 21
1698177889823 0.004460803233087063 22
1698177890072 0.00412738835439086 23
1698177890297 0.004852044861763716 24
1698177890513 0.0040119243785738945 25
1698177890758 0.00425392622128129 26
1698177890982 0.004131442867219448 27
1698177891175 0.004501589573919773 28
1698177891373 0.004213481675833464 29
1698177891601 0.0037743505090475082 30
1698177891796 0.005029970780014992 31
1698177891999 0.004412525333464146 32
1698177892202 0.0035157871898263693 33
1698177892397 0.0033847002778202295 34
1698177892592 0.003788335481658578 35
1698177892802 0.004269820172339678 36
1698177893016 0.0038304573390632868 37
1698177893219 0.004094548989087343 38
1698177893424 0.004690225701779127 39
1698177893629 0.0035059761721640825 40
1698177893831 0.0034721647389233112 41
1698177894061 0.003392936661839485 42
1698177894270 0.003684873692691326 43
1698177894466 0.0036385252606123686 44
1698177894692 0.0033628318924456835 45
1698177894918 0.003593833651393652 46
1698177895148 0.003223857143893838 47
1698177895358 0.003327219979837537 48
1698177895567 0.0038711647503077984 49
