1698172481778 0.05579150468111038 0
1698172482444 0.01767861470580101 1
1698172482910 0.015506907366216183 2
1698172483387 0.013093724846839905 3
1698172483896 0.010409632697701454 4
1698172484549 0.010983757674694061 5
1698172485048 0.009225068613886833 6
1698172485645 0.008311145007610321 7
1698172486156 0.008814306929707527 8
1698172486588 0.009604545310139656 9
1698172487154 0.009491609409451485 10
1698172487733 0.006931757088750601 11
1698172488323 0.007975470274686813 12
1698172488778 0.006990622729063034 13
1698172489303 0.006960276514291763 14
1698172489762 0.006558612920343876 15
1698172490495 0.006446876563131809 16
1698172490969 0.005766043905168772 17
1698172491426 0.006334381643682718 18
1698172491851 0.0060580456629395485 19
