1698173654390 79.61112213134766 0
1698173655007 30.857852935791016 1
1698173655492 27.16936683654785 2
1698173655835 22.52137565612793 3
1698173656333 30.285438537597656 4
1698173656713 22.220855712890625 5
1698173657061 23.21335792541504 6
1698173657458 19.6422176361084 7
1698173657810 21.28444480895996 8
1698173658175 27.41185760498047 9
1698173658675 20.98664665222168 10
1698173659027 22.770675659179688 11
1698173659438 22.61769676208496 12
1698173659798 26.004119873046875 13
1698173660161 26.115243911743164 14
1698173660655 21.288408279418945 15
1698173661007 22.39910125732422 16
1698173661376 25.8033447265625 17
1698173661760 23.73619842529297 18
1698173662137 22.68569564819336 19
1698173662677 19.95242691040039 20
1698173663080 24.871423721313477 21
1698173663459 22.759899139404297 22
1698173663887 22.799283981323242 23
1698173664301 26.28543472290039 24
1698173664782 26.36505889892578 25
1698173665163 22.44343376159668 26
1698173665531 26.342432022094727 27
1698173665889 23.08032989501953 28
1698173666246 20.30109977722168 29
1698173666630 22.07708740234375 30
1698173667142 21.458627700805664 31
1698173667519 24.123897552490234 32
1698173667893 30.142431259155273 33
1698173668267 24.346708297729492 34
1698173668657 28.247865676879883 35
1698173668989 25.29650115966797 36
1698173669316 32.06021499633789 37
1698173669654 23.50883674621582 38
1698173669993 21.2153263092041 39
1698173670320 20.18796157836914 40
1698173670675 25.174476623535156 41
1698173671009 24.829647064208984 42
1698173671344 24.12004852294922 43
1698173671688 21.42893409729004 44
1698173672041 27.574262619018555 45
1698173672376 20.050447463989258 46
1698173672803 24.254714965820312 47
1698173673207 34.10594940185547 48
1698173673721 27.33049774169922 49
