1698169133603 0.10745849460363388 0
1698169133936 0.02988094836473465 1
1698169134239 0.02105099894106388 2
1698169134578 0.01742388866841793 3
1698169134857 0.015466406010091305 4
1698169135201 0.015343883074820042 5
1698169135546 0.013618255965411663 6
1698169135869 0.013772659003734589 7
1698169136227 0.01340947113931179 8
1698169136510 0.012941203080117702 9
1698169136834 0.012736933305859566 10
1698169137163 0.012484249658882618 11
1698169137510 0.012076455168426037 12
1698169137800 0.011920907534658909 13
1698169138246 0.012002143077552319 14
1698169138594 0.011933931149542332 15
1698169138939 0.011747230775654316 16
1698169139297 0.011623636819422245 17
1698169139601 0.011660713702440262 18
1698169139938 0.011190470308065414 19
1698169140227 0.011047187261283398 20
1698169140686 0.011134455911815166 21
1698169141068 0.010843162424862385 22
1698169141413 0.010674716904759407 23
1698169141699 0.010491394437849522 24
1698169141942 0.010411465540528297 25
1698169142236 0.010855431668460369 26
1698169142527 0.010763718746602535 27
1698169142815 0.010526048950850964 28
1698169143085 0.010216623544692993 29
1698169143385 0.010313140228390694 30
1698169143672 0.010405073873698711 31
1698169143982 0.00998472236096859 32
1698169144297 0.009833562187850475 33
1698169144622 0.009971678256988525 34
1698169144958 0.010368529707193375 35
1698169145335 0.009912500157952309 36
1698169145612 0.010226343758404255 37
1698169145902 0.00938954297453165 38
1698169146192 0.009609374217689037 39
1698169146535 0.009780064225196838 40
1698169146815 0.009634002111852169 41
1698169147102 0.00966174528002739 42
1698169147495 0.009523543529212475 43
1698169147774 0.00929932575672865 44
1698169148073 0.009385221637785435 45
1698169148443 0.00932917557656765 46
1698169148781 0.009292032569646835 47
1698169149173 0.009266352280974388 48
1698169149574 0.009453182108700275 49
