1698185221786 1462.66845703125 0
1698185222099 358.32550048828125 1
1698185222419 246.03366088867188 2
1698185222686 192.92733764648438 3
1698185222979 192.7359161376953 4
1698185223283 254.23190307617188 5
1698185223580 198.4888153076172 6
1698185223850 170.95767211914062 7
1698185224107 152.28399658203125 8
1698185224364 220.9765625 9
1698185224631 133.69583129882812 10
1698185224892 161.5442352294922 11
1698185225139 254.08726501464844 12
1698185225407 240.97023010253906 13
1698185225654 161.8456573486328 14
1698185225925 252.1053009033203 15
1698185226184 195.6368408203125 16
1698185226442 148.29087829589844 17
1698185226727 196.489990234375 18
1698185226979 118.46324157714844 19
1698185227261 146.72946166992188 20
1698185227509 157.0903778076172 21
1698185227762 132.66915893554688 22
1698185228010 189.28494262695312 23
1698185228293 213.00975036621094 24
1698185228546 146.81716918945312 25
1698185228803 219.17262268066406 26
1698185229056 135.34774780273438 27
1698185229314 146.45147705078125 28
1698185229577 157.78720092773438 29
1698185229854 139.98348999023438 30
1698185230114 172.56199645996094 31
1698185230375 216.0808868408203 32
1698185230637 187.35049438476562 33
1698185230913 141.098388671875 34
1698185231168 144.7808380126953 35
1698185231424 123.92127227783203 36
1698185231703 112.43123626708984 37
1698185231956 111.671142578125 38
1698185232254 157.25299072265625 39
1698185232520 168.09625244140625 40
1698185232779 148.26272583007812 41
1698185233040 144.44923400878906 42
1698185233323 166.27601623535156 43
1698185233607 129.4506072998047 44
1698185233947 154.76290893554688 45
1698185234221 137.29116821289062 46
1698185234479 154.40267944335938 47
1698185234837 153.75546264648438 48
1698185235214 109.39321899414062 49
