1698185221786 22.389312744140625 0
1698185222099 11.586939811706543 1
1698185222419 9.664910316467285 2
1698185222686 8.136774063110352 3
1698185222979 8.613811492919922 4
1698185223283 10.030379295349121 5
1698185223580 8.660612106323242 6
1698185223850 7.596902847290039 7
1698185224107 7.271460056304932 8
1698185224364 8.988470077514648 9
1698185224631 6.697789669036865 10
1698185224892 7.336097717285156 11
1698185225139 9.253113746643066 12
1698185225407 9.06267261505127 13
1698185225654 7.264461994171143 14
1698185225925 9.797677993774414 15
1698185226184 8.625860214233398 16
1698185226442 6.902572154998779 17
1698185226727 8.466939926147461 18
1698185226979 6.463191032409668 19
1698185227261 6.958230018615723 20
1698185227509 7.992843151092529 21
1698185227762 6.762542247772217 22
1698185228010 8.451496124267578 23
1698185228293 8.918816566467285 24
1698185228546 7.197906017303467 25
1698185228803 9.14795207977295 26
1698185229056 6.8499956130981445 27
1698185229314 7.086819648742676 28
1698185229577 7.278499126434326 29
1698185229854 6.9133501052856445 30
1698185230114 7.558352470397949 31
1698185230375 8.930466651916504 32
1698185230637 8.560235977172852 33
1698185230913 7.065844535827637 34
1698185231168 6.979735374450684 35
1698185231424 6.431297302246094 36
1698185231703 6.019829273223877 37
1698185231956 6.076524257659912 38
1698185232254 7.220818996429443 39
1698185232520 7.504144191741943 40
1698185232779 6.938663482666016 41
1698185233040 6.7822346687316895 42
1698185233323 7.682818412780762 43
1698185233607 6.3753156661987305 44
1698185233947 7.222055912017822 45
1698185234221 6.899844646453857 46
1698185234479 7.480459213256836 47
1698185234837 7.147172927856445 48
1698185235214 6.2077460289001465 49
