1698228094924 0.03481627628207207 0
1698228095811 0.003630048828199506 1
1698228097030 0.0020224065519869328 2
1698228098031 0.0017810161225497723 3
1698228099132 0.0015940485754981637 4
1698228099600 0.001285454840399325 5
1698228100076 0.0012969012605026364 6
1698228100982 0.001130567630752921 7
1698228101489 0.0012238291092216969 8
1698228102457 0.0011077187955379486 9
1698228102962 0.0011958236573264003 10
1698228103409 0.0010798705043271184 11
1698228104116 0.0011356477625668049 12
1698228104587 0.0010140137746930122 13
1698228105063 0.0010292429942637682 14
1698228106543 0.0009525419445708394 15
1698228107035 0.0009857810800895095 16
1698228107522 0.0009404116426594555 17
1698228107974 0.0008872617618180811 18
1698228108825 0.0009131590486504138 19
1698228109306 0.0008413631585426629 20
1698228111101 0.0007959106587804854 21
1698228111598 0.0008660695748403668 22
1698228112361 0.0008738634642213583 23
1698228112782 0.0008447866421192884 24
1698228113650 0.0008151563233695924 25
1698228114080 0.0008309237309731543 26
1698228114916 0.0008559477864764631 27
1698228115341 0.0007813303964212537 28
1698228115794 0.0008034566999413073 29
1698228116672 0.0008522916468791664 30
1698228117061 0.0008210111991502345 31
1698228118172 0.0007867387030273676 32
1698228119847 0.0008068610331974924 33
1698228121359 0.0007787065114825964 34
1698228121769 0.0008694204734638333 35
1698228123394 0.0007190061151050031 36
1698228124249 0.0007079174392856658 37
1698228124688 0.0007736514671705663 38
1698228125674 0.0007861919002607465 39
1698228126222 0.0007907657418400049 40
1698228126684 0.000671852205414325 41
1698228127875 0.0007223050924949348 42
1698228128607 0.0006641169311478734 43
1698228129805 0.000701584096532315 44
1698228130288 0.0007084780954755843 45
1698228131290 0.0006764972931705415 46
1698228131753 0.0007857164600864053 47
1698228132217 0.0006360211409628391 48
1698228133469 0.0006509199738502502 49
