1698178113338 0.06393957138061523 0
1698178113478 0.006461892277002335 1
1698178113611 0.004949568770825863 2
1698178113739 0.004413984250277281 3
1698178113873 0.004910425283014774 4
1698178114016 0.004485035315155983 5
1698178114162 0.0040282318368554115 6
1698178114302 0.00411241827532649 7
1698178114438 0.003956582397222519 8
1698178114570 0.004208349622786045 9
1698178114718 0.0034534460864961147 10
1698178114916 0.003984255716204643 11
1698178115060 0.003752681892365217 12
1698178115210 0.0037246302235871553 13
1698178115370 0.0037063048221170902 14
1698178115513 0.0036498599220067263 15
1698178115664 0.0032857332844287157 16
1698178115832 0.003395472653210163 17
1698178115978 0.0037020198069512844 18
1698178116126 0.00357110146433115 19
1698178116275 0.0031036597210913897 20
1698178116442 0.0029978451784700155 21
1698178116585 0.0032766438089311123 22
1698178116714 0.003298369003459811 23
1698178116856 0.0032006416004151106 24
1698178116994 0.0033085327595472336 25
1698178117149 0.003095617052167654 26
1698178117291 0.0033213477581739426 27
1698178117427 0.0032037016935646534 28
1698178117567 0.0033219351898878813 29
1698178117703 0.0028477879241108894 30
1698178117838 0.003435068763792515 31
1698178117973 0.003246829379349947 32
1698178118127 0.0030151621904224157 33
1698178118267 0.002699913689866662 34
1698178118403 0.002955010160803795 35
1698178118541 0.0028660923708230257 36
1698178118684 0.0030376703944057226 37
1698178118821 0.003038691356778145 38
1698178118949 0.0025707241147756577 39
1698178119098 0.00311260181479156 40
1698178119239 0.0029435898177325726 41
1698178119380 0.0030744976829737425 42
1698178119533 0.0027690576389431953 43
1698178119672 0.003055786481127143 44
1698178119812 0.002711738459765911 45
1698178119954 0.003089920151978731 46
1698178120145 0.0026664205361157656 47
1698178120327 0.0028555875178426504 48
1698178120472 0.003208956914022565 49
