1698182484364 0.014580421149730682 0
1698182484548 0.0018116545397788286 1
1698182484739 0.0015304364496842027 2
1698182484951 0.0013201187830418348 3
1698182485165 0.0011264324421063066 4
1698182485368 0.0012564696371555328 5
1698182485564 0.001367948716506362 6
1698182485766 0.0009060829179361463 7
1698182485964 0.0009910346707329154 8
1698182486164 0.0012061147717759013 9
1698182486400 0.0010962777305394411 10
1698182486632 0.0008899887907318771 11
1698182486886 0.000933825212996453 12
1698182487085 0.000994050526060164 13
1698182487283 0.001065150834619999 14
1698182487489 0.0009185905801132321 15
1698182487754 0.0008738297619856894 16
1698182488003 0.0008494083303958178 17
1698182488220 0.0009503007750026882 18
1698182488447 0.0010539364302530885 19
1698182488678 0.000984245678409934 20
1698182488943 0.0009559680474922061 21
1698182489150 0.0009586290689185262 22
1698182489351 0.0009121865732595325 23
1698182489552 0.001157074235379696 24
1698182489740 0.0008139641140587628 25
1698182489962 0.000767571444157511 26
1698182490159 0.0007866021478548646 27
1698182490362 0.0009061090531758964 28
1698182490563 0.000968131993431598 29
1698182490795 0.0007964107790030539 30
1698182491002 0.0008754014270380139 31
1698182491204 0.0007224488072097301 32
1698182491420 0.0007259878912009299 33
1698182491614 0.0009535305434837937 34
1698182491816 0.0007013536524027586 35
1698182492016 0.0007598104421049356 36
1698182492244 0.0010169519810006022 37
1698182492442 0.0009460550500079989 38
1698182492640 0.0012028022902086377 39
1698182492842 0.0008659338345751166 40
1698182493043 0.0007614709320478141 41
1698182493261 0.0007376497378572822 42
1698182493464 0.0008525585290044546 43
1698182493655 0.0008413506438955665 44
1698182493852 0.0006934552802704275 45
1698182494049 0.0007958111818879843 46
1698182494249 0.0008569813217036426 47
1698182494451 0.000844901311211288 48
1698182494653 0.0008197884890250862 49
