1698182484364 7396.763671875 0
1698182484548 1463.4224853515625 1
1698182484739 7117.22021484375 2
1698182484951 3771.708740234375 3
1698182485165 5159.6669921875 4
1698182485368 3974.340087890625 5
1698182485564 2698.36376953125 6
1698182485766 6898.95654296875 7
1698182485964 2780.365234375 8
1698182486164 1651.1231689453125 9
1698182486400 4744.25537109375 10
1698182486632 4792.80712890625 11
1698182486886 3549.035888671875 12
1698182487085 7951.06005859375 13
1698182487283 293.70526123046875 14
1698182487489 1633.09375 15
1698182487754 865.4830322265625 16
1698182488003 5974.91845703125 17
1698182488220 2035.6953125 18
1698182488447 6710.07861328125 19
1698182488678 442.43939208984375 20
1698182488943 1980.326416015625 21
1698182489150 1097.5123291015625 22
1698182489351 11547.845703125 23
1698182489552 5782.4638671875 24
1698182489740 5673.974609375 25
1698182489962 3305.30126953125 26
1698182490159 5944.53564453125 27
1698182490362 2746.2783203125 28
1698182490563 10507.7421875 29
1698182490795 1893.493896484375 30
1698182491002 3941.300537109375 31
1698182491204 7580.01708984375 32
1698182491420 1704.1590576171875 33
1698182491614 14334.1767578125 34
1698182491816 7609.5205078125 35
1698182492016 862.4986572265625 36
1698182492244 8369.994140625 37
1698182492442 6025.17333984375 38
1698182492640 4274.73193359375 39
1698182492842 491.0458068847656 40
1698182493043 10781.4619140625 41
1698182493261 1628.3599853515625 42
1698182493464 3845.9521484375 43
1698182493655 7766.66845703125 44
1698182493852 8417.2548828125 45
1698182494049 7435.8857421875 46
1698182494249 504.1917419433594 47
1698182494451 9509.408203125 48
1698182494653 7301.4560546875 49
