1698177272951 568005.25 0
1698177273235 109876.140625 1
1698177273508 62223.609375 2
1698177273800 47558.359375 3
1698177274060 51421.21484375 4
1698177274350 56391.6953125 5
1698177274649 43874.421875 6
1698177274937 34810.6484375 7
1698177275213 39174.28515625 8
1698177275573 33339.34375 9
1698177275855 41489.0859375 10
1698177276230 40254.39453125 11
1698177276592 52898.5078125 12
1698177276942 39132.6484375 13
1698177277294 34604.7265625 14
1698177277596 36030.3515625 15
1698177277879 33649.1875 16
1698177278200 33203.61328125 17
1698177278617 30419.552734375 18
1698177278921 40720.82421875 19
1698177279230 29010.41796875 20
1698177279533 40171.3671875 21
1698177279828 39162.10546875 22
1698177280126 30202.119140625 23
1698177280413 34568.31640625 24
1698177280910 62871.796875 25
1698177281255 34828.296875 26
1698177281573 34404.9609375 27
1698177281878 47939.8359375 28
1698177282215 34698.54296875 29
1698177282509 34799.99609375 30
1698177283083 31031.2578125 31
1698177283475 28234.712890625 32
1698177283780 39399.203125 33
1698177284151 28253.5703125 34
1698177284544 30236.951171875 35
1698177284957 30911.333984375 36
1698177285338 31635.34765625 37
1698177285667 52700.3125 38
1698177286054 27491.802734375 39
1698177286470 37816.62109375 40
1698177286809 43586.18359375 41
1698177287368 29021.3515625 42
1698177287796 26917.25390625 43
1698177288171 26901.7734375 44
1698177288549 36290.44140625 45
1698177288932 39187.22265625 46
1698177289222 31324.353515625 47
1698177289628 35635.359375 48
1698177289975 25830.73046875 49
