1698177272951 29.829620361328125 0
1698177273235 13.91999626159668 1
1698177273508 11.191594123840332 2
1698177273800 10.138325691223145 3
1698177274060 10.040779113769531 4
1698177274350 10.266243934631348 5
1698177274649 9.278393745422363 6
1698177274937 8.211383819580078 7
1698177275213 8.855299949645996 8
1698177275573 8.618128776550293 9
1698177275855 8.99221134185791 10
1698177276230 9.432095527648926 11
1698177276592 10.068767547607422 12
1698177276942 8.771812438964844 13
1698177277294 8.123058319091797 14
1698177277596 8.36851978302002 15
1698177277879 8.459787368774414 16
1698177278200 7.787647724151611 17
1698177278617 8.033206939697266 18
1698177278921 8.864015579223633 19
1698177279230 7.796276092529297 20
1698177279533 9.210091590881348 21
1698177279828 9.143142700195312 22
1698177280126 7.51160192489624 23
1698177280413 8.296574592590332 24
1698177280910 10.987855911254883 25
1698177281255 7.930178642272949 26
1698177281573 8.303862571716309 27
1698177281878 9.838159561157227 28
1698177282215 8.09157657623291 29
1698177282509 7.902540683746338 30
1698177283083 8.227947235107422 31
1698177283475 7.547763347625732 32
1698177283780 8.846874237060547 33
1698177284151 7.765017986297607 34
1698177284544 7.771441459655762 35
1698177284957 7.781315803527832 36
1698177285338 8.336474418640137 37
1698177285667 10.48900032043457 38
1698177286054 7.452596187591553 39
1698177286470 8.539490699768066 40
1698177286809 9.27863883972168 41
1698177287368 7.431734561920166 42
1698177287796 7.408482074737549 43
1698177288171 7.415400505065918 44
1698177288549 8.799370765686035 45
1698177288932 8.638503074645996 46
1698177289222 7.6819748878479 47
1698177289628 7.68912935256958 48
1698177289975 7.556618690490723 49
