1698188219418 64.78208923339844 0
1698188219538 12.509232521057129 1
1698188219646 8.051189422607422 2
1698188219750 7.672590732574463 3
1698188219853 7.022415637969971 4
1698188219955 6.854058742523193 5
1698188220063 6.808051109313965 6
1698188220169 6.523832321166992 7
1698188220272 6.8332624435424805 8
1698188220377 6.649956703186035 9
1698188220509 6.6504058837890625 10
1698188220618 6.480321884155273 11
1698188220722 6.455865859985352 12
1698188220828 6.6198954582214355 13
1698188220941 6.599369525909424 14
1698188221063 6.69460916519165 15
1698188221166 5.811112880706787 16
1698188221269 6.34901762008667 17
1698188221375 6.064285755157471 18
1698188221485 6.1241536140441895 19
1698188221609 6.491244792938232 20
1698188221714 5.938588619232178 21
1698188221818 6.368185520172119 22
1698188221923 6.384667873382568 23
1698188222041 6.069208145141602 24
1698188222171 6.505568981170654 25
1698188222281 6.473964214324951 26
1698188222414 6.178012847900391 27
1698188222564 6.048030376434326 28
1698188222719 6.020040512084961 29
1698188222856 5.775079727172852 30
1698188222994 6.302862644195557 31
1698188223125 6.379988193511963 32
1698188223248 6.011101245880127 33
1698188223361 5.925067901611328 34
1698188223497 6.2575764656066895 35
1698188223637 6.606372833251953 36
1698188223761 5.860348224639893 37
1698188223887 6.272453784942627 38
1698188224033 6.0099592208862305 39
1698188224154 5.8906989097595215 40
1698188224319 5.885140895843506 41
1698188224453 5.79182767868042 42
1698188224588 6.128252983093262 43
1698188224707 5.820485591888428 44
1698188224823 5.947300910949707 45
1698188224958 5.679234981536865 46
1698188225097 6.094383716583252 47
1698188225244 5.906365394592285 48
1698188225395 6.22312593460083 49
