1698161432757 0.22497811913490295 0
1698161433596 0.11510435491800308 1
1698161434412 0.06474125385284424 2
1698161435225 0.047145161777734756 3
1698161436045 0.037622399628162384 4
1698161436920 0.028659941628575325 5
1698161437823 0.024085400626063347 6
1698161438734 0.01920098252594471 7
1698161439618 0.016813207417726517 8
1698161440646 0.015058372169733047 9
1698161441700 0.014828787185251713 10
1698161442647 0.014332429505884647 11
1698161443488 0.013036022894084454 12
1698161444345 0.013683873228728771 13
1698161445173 0.012484685517847538 14
1698161446027 0.013113938271999359 15
1698161446844 0.012933772057294846 16
1698161447717 0.01265043020248413 17
1698161448533 0.012477478012442589 18
1698161449398 0.012789452448487282 19
1698161450259 0.01252539549022913 20
1698161451352 0.012299797497689724 21
1698161452430 0.01162869855761528 22
1698161453403 0.012417861260473728 23
1698161454256 0.011746061965823174 24
1698161455093 0.011823148466646671 25
1698161455915 0.012330926954746246 26
1698161456744 0.011893361806869507 27
