1698185060972 102909.2109375 0
1698185061202 11295.419921875 1
1698185061444 31563.24609375 2
1698185061681 10132.8720703125 3
1698185061910 19575.150390625 4
1698185062146 18759.861328125 5
1698185062400 10460.0859375 6
1698185062632 15619.119140625 7
1698185062861 9289.087890625 8
1698185063091 4407.58056640625 9
1698185063334 2201.18505859375 10
1698185063563 10413.1103515625 11
1698185063798 15668.9599609375 12
1698185064042 24388.728515625 13
1698185064321 27828.0390625 14
1698185064549 14400.810546875 15
1698185064774 16865.451171875 16
1698185065017 19859.017578125 17
1698185065281 16327.654296875 18
1698185065517 13391.2373046875 19
1698185065738 18407.509765625 20
1698185065964 18184.734375 21
1698185066242 20857.166015625 22
1698185066508 23595.392578125 23
1698185066748 21123.99609375 24
1698185066987 14111.5556640625 25
1698185067217 21933.11328125 26
1698185067516 19073.87890625 27
1698185067826 27383.1171875 28
1698185068108 21074.7734375 29
1698185068351 17297.576171875 30
1698185068605 21434.552734375 31
1698185068854 19532.259765625 32
1698185069082 24093.93359375 33
1698185069330 23080.990234375 34
1698185069571 24520.978515625 35
1698185069803 24518.208984375 36
1698185070030 23044.34765625 37
1698185070266 18812.974609375 38
1698185070507 21982.669921875 39
1698185070739 23291.513671875 40
1698185070965 29550.384765625 41
1698185071191 18908.2265625 42
1698185071442 18657.0 43
1698185071674 23005.06640625 44
1698185071893 27233.623046875 45
1698185072118 20325.021484375 46
1698185072350 29717.119140625 47
1698185072599 26648.982421875 48
1698185072828 18761.646484375 49
