1698182008273 0.2115606963634491 0
1698182008414 0.03530736267566681 1
1698182008553 0.02918546088039875 2
1698182008697 0.02841690555214882 3
1698182008843 0.022559793666005135 4
1698182008996 0.02240271493792534 5
1698182009149 0.019706914201378822 6
1698182009294 0.01871928758919239 7
1698182009442 0.01736319065093994 8
1698182009586 0.017234159633517265 9
1698182009735 0.01980523206293583 10
1698182009879 0.018494529649615288 11
1698182010022 0.015332906506955624 12
1698182010165 0.01685444451868534 13
1698182010321 0.01534382626414299 14
1698182010473 0.016470320522785187 15
1698182010623 0.013840668834745884 16
1698182010771 0.01414299476891756 17
1698182010917 0.014813585206866264 18
1698182011053 0.01260550506412983 19
1698182011210 0.015553097240626812 20
1698182011360 0.012910797260701656 21
1698182011510 0.015575637109577656 22
1698182011658 0.016604304313659668 23
1698182011802 0.01395390648394823 24
1698182011949 0.01436552032828331 25
1698182012106 0.011215856298804283 26
1698182012286 0.012391990050673485 27
1698182012431 0.013372082263231277 28
1698182012584 0.012274787761271 29
1698182012723 0.01264540571719408 30
1698182012865 0.0124117536470294 31
1698182013005 0.01254233531653881 32
1698182013142 0.011528045870363712 33
1698182013301 0.0117295291274786 34
1698182013445 0.013404101133346558 35
1698182013596 0.01191528420895338 36
1698182013745 0.011851907707750797 37
1698182013885 0.010762744583189487 38
1698182014028 0.010604186914861202 39
1698182014178 0.010829423554241657 40
1698182014350 0.012720054015517235 41
1698182014511 0.010714550502598286 42
1698182014658 0.011112984269857407 43
1698182014806 0.010411768220365047 44
1698182014948 0.01043410412967205 45
1698182015090 0.011161775328218937 46
1698182015254 0.010402456857264042 47
1698182015414 0.010284054093062878 48
1698182015614 0.010672193020582199 49
